 0.00000000e+00  3.71244031e-02 
 1.00000000e-14  3.71244032e-02 
 2.00000000e-14  3.71244033e-02 
 4.00000000e-14  3.71244035e-02 
 8.00000000e-14  3.71244038e-02 
 1.60000000e-13  3.71244044e-02 
 3.20000000e-13  3.71244056e-02 
 6.40000000e-13  3.71244078e-02 
 1.28000000e-12  3.71244117e-02 
 2.28000000e-12  3.71244169e-02 
 3.28000000e-12  3.71244209e-02 
 4.28000000e-12  3.71244241e-02 
 5.28000000e-12  3.71244266e-02 
 6.28000000e-12  3.71244286e-02 
 7.28000000e-12  3.71244301e-02 
 8.28000000e-12  3.71244314e-02 
 9.28000000e-12  3.71244324e-02 
 1.02800000e-11  3.71244332e-02 
 1.12800000e-11  3.71244338e-02 
 1.22800000e-11  3.71244343e-02 
 1.32800000e-11  3.71244347e-02 
 1.42800000e-11  3.71244350e-02 
 1.52800000e-11  3.71244353e-02 
 1.62800000e-11  3.71244355e-02 
 1.72800000e-11  3.71244357e-02 
 1.82800000e-11  3.71244358e-02 
 1.92800000e-11  3.71244359e-02 
 2.02800000e-11  3.71244360e-02 
 2.12800000e-11  3.71244361e-02 
 2.22800000e-11  3.71244362e-02 
 2.32800000e-11  3.71244362e-02 
 2.42800000e-11  3.71244363e-02 
 2.52800000e-11  3.71244363e-02 
 2.62800000e-11  3.71244364e-02 
 2.72800000e-11  3.71244364e-02 
 2.82800000e-11  3.71244364e-02 
 2.92800000e-11  3.71244364e-02 
 3.02800000e-11  3.71244365e-02 
 3.12800000e-11  3.71244365e-02 
 3.22800000e-11  3.71244365e-02 
 3.32800000e-11  3.71244365e-02 
 3.42800000e-11  3.71244365e-02 
 3.52800000e-11  3.71244365e-02 
 3.62800000e-11  3.71244365e-02 
 3.72800000e-11  3.71244366e-02 
 3.82800000e-11  3.71244366e-02 
 3.92800000e-11  3.71244366e-02 
 4.02800000e-11  3.71244366e-02 
 4.12800000e-11  3.71244366e-02 
 4.22800000e-11  3.71244366e-02 
 4.32800000e-11  3.71244366e-02 
 4.42800000e-11  3.71244366e-02 
 4.52800000e-11  3.71244366e-02 
 4.62800000e-11  3.71244366e-02 
 4.72800000e-11  3.71244366e-02 
 4.82800000e-11  3.71244366e-02 
 4.92800000e-11  3.71244366e-02 
 5.00000000e-11  3.71244366e-02 
 5.01000000e-11  3.71244366e-02 
 5.03000000e-11  3.71244366e-02 
 5.07000000e-11  3.71244366e-02 
 5.15000000e-11  3.71244366e-02 
 5.25000000e-11  3.71244366e-02 
 5.35000000e-11  3.71244366e-02 
 5.45000000e-11  3.71244366e-02 
 5.55000000e-11  3.71244367e-02 
 5.65000000e-11  3.71244367e-02 
 5.75000000e-11  3.71244367e-02 
 5.85000000e-11  3.71244367e-02 
 5.95000000e-11  3.71244367e-02 
 6.05000000e-11  3.71244367e-02 
 6.15000000e-11  3.71244367e-02 
 6.25000000e-11  3.71244367e-02 
 6.35000000e-11  3.71244367e-02 
 6.45000000e-11  3.71244367e-02 
 6.55000000e-11  3.71244367e-02 
 6.65000000e-11  3.71244367e-02 
 6.75000000e-11  3.71244367e-02 
 6.85000000e-11  3.71244367e-02 
 6.95000000e-11  3.71244367e-02 
 7.05000000e-11  3.71244367e-02 
 7.15000000e-11  3.71244367e-02 
 7.25000000e-11  3.71244367e-02 
 7.35000000e-11  3.71244367e-02 
 7.45000000e-11  3.71244367e-02 
 7.55000000e-11  3.71244367e-02 
 7.65000000e-11  3.71244367e-02 
 7.75000000e-11  3.71244367e-02 
 7.85000000e-11  3.71244367e-02 
 7.95000000e-11  3.71244367e-02 
 8.05000000e-11  3.71244367e-02 
 8.15000000e-11  3.71244367e-02 
 8.25000000e-11  3.71244367e-02 
 8.35000000e-11  3.71244367e-02 
 8.45000000e-11  3.71244367e-02 
 8.55000000e-11  3.71244367e-02 
 8.65000000e-11  3.71244367e-02 
 8.75000000e-11  3.71244367e-02 
 8.85000000e-11  3.71244367e-02 
 8.95000000e-11  3.71244367e-02 
 9.05000000e-11  3.71244367e-02 
 9.15000000e-11  3.71244367e-02 
 9.25000000e-11  3.71244367e-02 
 9.35000000e-11  3.71244367e-02 
 9.45000000e-11  3.71244367e-02 
 9.55000000e-11  3.71244367e-02 
 9.65000000e-11  3.71244367e-02 
 9.75000000e-11  3.71244367e-02 
 9.85000000e-11  3.71244367e-02 
 9.95000000e-11  3.71244367e-02 
 1.00500000e-10  3.71244367e-02 
 1.01500000e-10  3.71244367e-02 
 1.02500000e-10  3.71244367e-02 
 1.03500000e-10  3.71244367e-02 
 1.04500000e-10  3.71244367e-02 
 1.05500000e-10  3.71244367e-02 
 1.06500000e-10  3.71244367e-02 
 1.07500000e-10  3.71244367e-02 
 1.08500000e-10  3.71244367e-02 
 1.09500000e-10  3.71244367e-02 
 1.10500000e-10  3.71244367e-02 
 1.11500000e-10  3.71244367e-02 
 1.12500000e-10  3.71244367e-02 
 1.13500000e-10  3.71244367e-02 
 1.14500000e-10  3.71244367e-02 
 1.15500000e-10  3.71244367e-02 
 1.16500000e-10  3.71244367e-02 
 1.17500000e-10  3.71244367e-02 
 1.18500000e-10  3.71244367e-02 
 1.19500000e-10  3.71244367e-02 
 1.20500000e-10  3.71244367e-02 
 1.21500000e-10  3.71244367e-02 
 1.22500000e-10  3.71244367e-02 
 1.23500000e-10  3.71244367e-02 
 1.24500000e-10  3.71244367e-02 
 1.25500000e-10  3.71244367e-02 
 1.26500000e-10  3.71244367e-02 
 1.27500000e-10  3.71244367e-02 
 1.28500000e-10  3.71244367e-02 
 1.29500000e-10  3.71244367e-02 
 1.30500000e-10  3.71244367e-02 
 1.31500000e-10  3.71244367e-02 
 1.32500000e-10  3.71244367e-02 
 1.33500000e-10  3.71244367e-02 
 1.34500000e-10  3.71244367e-02 
 1.35500000e-10  3.71244367e-02 
 1.36500000e-10  3.71244367e-02 
 1.37500000e-10  3.71244367e-02 
 1.38500000e-10  3.71244367e-02 
 1.39500000e-10  3.71244367e-02 
 1.40500000e-10  3.71244367e-02 
 1.41500000e-10  3.71244367e-02 
 1.42500000e-10  3.71244367e-02 
 1.43500000e-10  3.71244367e-02 
 1.44500000e-10  3.71244367e-02 
 1.45500000e-10  3.71244367e-02 
 1.46500000e-10  3.71244367e-02 
 1.47500000e-10  3.71244367e-02 
 1.48500000e-10  3.71244367e-02 
 1.49500000e-10  3.71244367e-02 
 1.50500000e-10  3.71244367e-02 
 1.51500000e-10  3.71244367e-02 
 1.52500000e-10  3.71244367e-02 
 1.53500000e-10  3.71244367e-02 
 1.54500000e-10  3.71244367e-02 
 1.55500000e-10  3.71244367e-02 
 1.56500000e-10  3.71244367e-02 
 1.57500000e-10  3.71244367e-02 
 1.58500000e-10  3.71244367e-02 
 1.59500000e-10  3.71244367e-02 
 1.60500000e-10  3.71244367e-02 
 1.61500000e-10  3.71244367e-02 
 1.62500000e-10  3.71244367e-02 
 1.63500000e-10  3.71244367e-02 
 1.64500000e-10  3.71244367e-02 
 1.65500000e-10  3.71244367e-02 
 1.66500000e-10  3.71244367e-02 
 1.67500000e-10  3.71244367e-02 
 1.68500000e-10  3.71244367e-02 
 1.69500000e-10  3.71244367e-02 
 1.70500000e-10  3.71244367e-02 
 1.71500000e-10  3.71244367e-02 
 1.72500000e-10  3.71244367e-02 
 1.73500000e-10  3.71244367e-02 
 1.74500000e-10  3.71244367e-02 
 1.75500000e-10  3.71244367e-02 
 1.76500000e-10  3.71244367e-02 
 1.77500000e-10  3.71244367e-02 
 1.78500000e-10  3.71244367e-02 
 1.79500000e-10  3.71244367e-02 
 1.80500000e-10  3.71244367e-02 
 1.81500000e-10  3.71244367e-02 
 1.82500000e-10  3.71244367e-02 
 1.83500000e-10  3.71244367e-02 
 1.84500000e-10  3.71244367e-02 
 1.85500000e-10  3.71244367e-02 
 1.86500000e-10  3.71244367e-02 
 1.87500000e-10  3.71244367e-02 
 1.88500000e-10  3.71244367e-02 
 1.89500000e-10  3.71244367e-02 
 1.90500000e-10  3.71244367e-02 
 1.91500000e-10  3.71244367e-02 
 1.92500000e-10  3.71244367e-02 
 1.93500000e-10  3.71244367e-02 
 1.94500000e-10  3.71244367e-02 
 1.95500000e-10  3.71244367e-02 
 1.96500000e-10  3.71244367e-02 
 1.97500000e-10  3.71244367e-02 
 1.98500000e-10  3.71244367e-02 
 1.99500000e-10  3.71244367e-02 
 2.00000000e-10  3.71244367e-02 
 2.00100000e-10  3.72688373e-02 
 2.00300000e-10  3.75116775e-02 
 2.00700000e-10  3.79402196e-02 
 2.01500000e-10  3.86360827e-02 
 2.02500000e-10  3.92390189e-02 
 2.03500000e-10  3.96217394e-02 
 2.04500000e-10  3.98337932e-02 
 2.05500000e-10  3.99283937e-02 
 2.06500000e-10  3.99318146e-02 
 2.07500000e-10  3.98779489e-02 
 2.08500000e-10  3.97791666e-02 
 2.09500000e-10  3.96575313e-02 
 2.10500000e-10  3.95172355e-02 
 2.11500000e-10  3.93730274e-02 
 2.12500000e-10  3.92244250e-02 
 2.13500000e-10  3.90818459e-02 
 2.14500000e-10  3.89422767e-02 
 2.15500000e-10  3.88129264e-02 
 2.16500000e-10  3.86892769e-02 
 2.17500000e-10  3.85771993e-02 
 2.18500000e-10  3.84714065e-02 
 2.19500000e-10  3.83765023e-02 
 2.20500000e-10  3.82867701e-02 
 2.21500000e-10  3.82058654e-02 
 2.22500000e-10  3.81278438e-02 
 2.23500000e-10  3.80556638e-02 
 2.24500000e-10  3.79834243e-02 
 2.25500000e-10  3.79138662e-02 
 2.26500000e-10  3.78417903e-02 
 2.27500000e-10  3.77705899e-02 
 2.28500000e-10  3.76964541e-02 
 2.29500000e-10  3.76234463e-02 
 2.30500000e-10  3.75479478e-02 
 2.31500000e-10  3.74728748e-02 
 2.32500000e-10  3.73942224e-02 
 2.33500000e-10  3.73164677e-02 
 2.34500000e-10  3.72422171e-02 
 2.35500000e-10  3.71877295e-02 
 2.36500000e-10  3.71700606e-02 
 2.37500000e-10  3.72089780e-02 
 2.38500000e-10  3.72890827e-02 
 2.39500000e-10  3.73471107e-02 
 2.40500000e-10  3.72657576e-02 
 2.41500000e-10  3.69318135e-02 
 2.42500000e-10  3.62796928e-02 
 2.43500000e-10  3.53239616e-02 
 2.44500000e-10  3.41322573e-02 
 2.45500000e-10  3.28026743e-02 
 2.46500000e-10  3.14252837e-02 
 2.47500000e-10  3.00783704e-02 
 2.48500000e-10  2.88154696e-02 
 2.49500000e-10  2.76734191e-02 
 2.50000000e-10  2.71524347e-02 
 2.50100000e-10  2.70408436e-02 
 2.50300000e-10  2.68291734e-02 
 2.50700000e-10  2.64142469e-02 
 2.51500000e-10  2.56037360e-02 
 2.52500000e-10  2.46796613e-02 
 2.53500000e-10  2.38796508e-02 
 2.54500000e-10  2.32228349e-02 
 2.55500000e-10  2.27006940e-02 
 2.56500000e-10  2.23140468e-02 
 2.57500000e-10  2.20369361e-02 
 2.58500000e-10  2.18624453e-02 
 2.59500000e-10  2.17744104e-02 
 2.60500000e-10  2.17673390e-02 
 2.61500000e-10  2.18244668e-02 
 2.62500000e-10  2.19426145e-02 
 2.63500000e-10  2.21109953e-02 
 2.64500000e-10  2.23281277e-02 
 2.65500000e-10  2.25861043e-02 
 2.66500000e-10  2.28852949e-02 
 2.67500000e-10  2.32201124e-02 
 2.68500000e-10  2.35922408e-02 
 2.69500000e-10  2.39979144e-02 
 2.70500000e-10  2.44403072e-02 
 2.71500000e-10  2.49159782e-02 
 2.72500000e-10  2.54278549e-02 
 2.73500000e-10  2.59750381e-02 
 2.74500000e-10  2.65610365e-02 
 2.75500000e-10  2.71857365e-02 
 2.76500000e-10  2.78530463e-02 
 2.77500000e-10  2.85638201e-02 
 2.78500000e-10  2.93225496e-02 
 2.79500000e-10  3.01309950e-02 
 2.80500000e-10  3.09943019e-02 
 2.81500000e-10  3.19152509e-02 
 2.82500000e-10  3.28998204e-02 
 2.83500000e-10  3.39519932e-02 
 2.84500000e-10  3.50788277e-02 
 2.85500000e-10  3.62857715e-02 
 2.86500000e-10  3.75812950e-02 
 2.87500000e-10  3.89726692e-02 
 2.88500000e-10  4.04702119e-02 
 2.89500000e-10  4.20834889e-02 
 2.90500000e-10  4.38252123e-02 
 2.91500000e-10  4.57078212e-02 
 2.92500000e-10  4.77470510e-02 
 2.93500000e-10  4.99588243e-02 
 2.94500000e-10  5.23624637e-02 
 2.95500000e-10  5.49777493e-02 
 2.96500000e-10  5.78276241e-02 
 2.97500000e-10  6.09350788e-02 
 2.98500000e-10  6.43248627e-02 
 2.99500000e-10  6.80193071e-02 
 3.00500000e-10  7.20377919e-02 
 3.01500000e-10  7.63901024e-02 
 3.02500000e-10  8.10737841e-02 
 3.03500000e-10  8.60692153e-02 
 3.04500000e-10  9.13438191e-02 
 3.05500000e-10  9.68571316e-02 
 3.06500000e-10  1.02571140e-01 
 3.07500000e-10  1.08454016e-01 
 3.08500000e-10  1.14483536e-01 
 3.09500000e-10  1.20644103e-01 
 3.10500000e-10  1.26926265e-01 
 3.11500000e-10  1.33322924e-01 
 3.12500000e-10  1.39829313e-01 
 3.13500000e-10  1.46440371e-01 
 3.14500000e-10  1.53151634e-01 
 3.15500000e-10  1.59957510e-01 
 3.16500000e-10  1.66852641e-01 
 3.17500000e-10  1.73830657e-01 
 3.18500000e-10  1.80885807e-01 
 3.19500000e-10  1.88012117e-01 
 3.20500000e-10  1.95204903e-01 
 3.21500000e-10  2.02459236e-01 
 3.22500000e-10  2.09770287e-01 
 3.23500000e-10  2.17131601e-01 
 3.24500000e-10  2.24536380e-01 
 3.25500000e-10  2.31977059e-01 
 3.26500000e-10  2.39447046e-01 
 3.27500000e-10  2.46940039e-01 
 3.28500000e-10  2.54451097e-01 
 3.29500000e-10  2.61975557e-01 
 3.30500000e-10  2.69509826e-01 
 3.31500000e-10  2.77050296e-01 
 3.32500000e-10  2.84594116e-01 
 3.33500000e-10  2.92138219e-01 
 3.34500000e-10  2.99680140e-01 
 3.35500000e-10  3.07217159e-01 
 3.36500000e-10  3.14747139e-01 
 3.37500000e-10  3.22267761e-01 
 3.38500000e-10  3.29777339e-01 
 3.39500000e-10  3.37274102e-01 
 3.40500000e-10  3.44756926e-01 
 3.41500000e-10  3.52224571e-01 
 3.42500000e-10  3.59676384e-01 
 3.43500000e-10  3.67110895e-01 
 3.44500000e-10  3.74526636e-01 
 3.45500000e-10  3.81921597e-01 
 3.46500000e-10  3.89293602e-01 
 3.47500000e-10  3.96640217e-01 
 3.48500000e-10  4.03959229e-01 
 3.49500000e-10  4.11248520e-01 
 3.50500000e-10  4.18506356e-01 
 3.51500000e-10  4.25731185e-01 
 3.52500000e-10  4.32921812e-01 
 3.53500000e-10  4.40077193e-01 
 3.54500000e-10  4.47196557e-01 
 3.55500000e-10  4.54279229e-01 
 3.56500000e-10  4.61324736e-01 
 3.57500000e-10  4.68332652e-01 
 3.58500000e-10  4.75302698e-01 
 3.59500000e-10  4.82234612e-01 
 3.60500000e-10  4.89128242e-01 
 3.61500000e-10  4.95983435e-01 
 3.62500000e-10  5.02800123e-01 
 3.63500000e-10  5.09578235e-01 
 3.64500000e-10  5.16317770e-01 
 3.65500000e-10  5.23018719e-01 
 3.66500000e-10  5.29681140e-01 
 3.67500000e-10  5.36305085e-01 
 3.68500000e-10  5.42890670e-01 
 3.69500000e-10  5.49438005e-01 
 3.70500000e-10  5.55947265e-01 
 3.71500000e-10  5.62418622e-01 
 3.72500000e-10  5.68852308e-01 
 3.73500000e-10  5.75248557e-01 
 3.74500000e-10  5.81607660e-01 
 3.75500000e-10  5.87929908e-01 
 3.76500000e-10  5.94215649e-01 
 3.77500000e-10  6.00465228e-01 
 3.78500000e-10  6.06679045e-01 
 3.79500000e-10  6.12857491e-01 
 3.80500000e-10  6.19001011e-01 
 3.81500000e-10  6.25110038e-01 
 3.82500000e-10  6.31185054e-01 
 3.83500000e-10  6.37226523e-01 
 3.84500000e-10  6.43234957e-01 
 3.85500000e-10  6.49210844e-01 
 3.86500000e-10  6.55154716e-01 
 3.87500000e-10  6.61067078e-01 
 3.88500000e-10  6.66948478e-01 
 3.89500000e-10  6.72799429e-01 
 3.90500000e-10  6.78620485e-01 
 3.91500000e-10  6.84412168e-01 
 3.92500000e-10  6.90175036e-01 
 3.93500000e-10  6.95909610e-01 
 3.94500000e-10  7.01616452e-01 
 3.95500000e-10  7.07296085e-01 
 3.96500000e-10  7.12949076e-01 
 3.97500000e-10  7.18575950e-01 
 3.98500000e-10  7.24177280e-01 
 3.99500000e-10  7.29753604e-01 
 4.00500000e-10  7.35305507e-01 
 4.01500000e-10  7.40833541e-01 
 4.02500000e-10  7.46338318e-01 
 4.03500000e-10  7.51820415e-01 
 4.04500000e-10  7.57280478e-01 
 4.05500000e-10  7.62719124e-01 
 4.06500000e-10  7.68137044e-01 
 4.07500000e-10  7.73534909e-01 
 4.08500000e-10  7.78913470e-01 
 4.09500000e-10  7.84273464e-01 
 4.10500000e-10  7.89615716e-01 
 4.11500000e-10  7.94941042e-01 
 4.12500000e-10  8.00250356e-01 
 4.13500000e-10  8.05544566e-01 
 4.14500000e-10  8.10824684e-01 
 4.15500000e-10  8.16091721e-01 
 4.16500000e-10  8.21346800e-01 
 4.17500000e-10  8.26591044e-01 
 4.18500000e-10  8.31825693e-01 
 4.19500000e-10  8.37051991e-01 
 4.20500000e-10  8.42271301e-01 
 4.21500000e-10  8.47484994e-01 
 4.22500000e-10  8.52694561e-01 
 4.23500000e-10  8.57901500e-01 
 4.24500000e-10  8.63107436e-01 
 4.25500000e-10  8.68313902e-01 
 4.26500000e-10  8.73522704e-01 
 4.27500000e-10  8.78735632e-01 
 4.28500000e-10  8.83954591e-01 
 4.29500000e-10  8.89181470e-01 
 4.30500000e-10  8.94418294e-01 
 4.31500000e-10  8.99667076e-01 
 4.32500000e-10  9.04929964e-01 
 4.33500000e-10  9.10209091e-01 
 4.34500000e-10  9.15506724e-01 
 4.35500000e-10  9.20825113e-01 
 4.36500000e-10  9.26166634e-01 
 4.37500000e-10  9.31533641e-01 
 4.38500000e-10  9.36928607e-01 
 4.39500000e-10  9.42353975e-01 
 4.40500000e-10  9.47813212e-01 
 4.41500000e-10  9.53307816e-01 
 4.42500000e-10  9.58840298e-01 
 4.43500000e-10  9.64413138e-01 
 4.44500000e-10  9.70029036e-01 
 4.45500000e-10  9.75690439e-01 
 4.46500000e-10  9.81399961e-01 
 4.47500000e-10  9.87159931e-01 
 4.48500000e-10  9.92972769e-01 
 4.49500000e-10  9.98840553e-01 
 4.50000000e-10  1.00179566e+00 
 4.50100000e-10  1.00238863e+00 
 4.50300000e-10  1.00357587e+00 
 4.50700000e-10  1.00595736e+00 
 4.51500000e-10  1.01074886e+00 
 4.52500000e-10  1.01679251e+00 
 4.53500000e-10  1.02289738e+00 
 4.54500000e-10  1.02906413e+00 
 4.55500000e-10  1.03529299e+00 
 4.56500000e-10  1.04158374e+00 
 4.57500000e-10  1.04793580e+00 
 4.58500000e-10  1.05434828e+00 
 4.59500000e-10  1.06082022e+00 
 4.60500000e-10  1.06735068e+00 
 4.61500000e-10  1.07393894e+00 
 4.62500000e-10  1.08058462e+00 
 4.63500000e-10  1.08728762e+00 
 4.64500000e-10  1.09404803e+00 
 4.65500000e-10  1.10086593e+00 
 4.66500000e-10  1.10774116e+00 
 4.67500000e-10  1.11467314e+00 
 4.68500000e-10  1.12166062e+00 
 4.69500000e-10  1.12870164e+00 
 4.70500000e-10  1.13579346e+00 
 4.71500000e-10  1.14293251e+00 
 4.72500000e-10  1.15011452e+00 
 4.73500000e-10  1.15733455e+00 
 4.74500000e-10  1.16458711e+00 
 4.75500000e-10  1.17186634e+00 
 4.76500000e-10  1.17916607e+00 
 4.77500000e-10  1.18648004e+00 
 4.78500000e-10  1.19380197e+00 
 4.79500000e-10  1.20112568e+00 
 4.80500000e-10  1.20844522e+00 
 4.81500000e-10  1.21575503e+00 
 4.82500000e-10  1.22304975e+00 
 4.83500000e-10  1.23032430e+00 
 4.84500000e-10  1.23757401e+00 
 4.85500000e-10  1.24479458e+00 
 4.86500000e-10  1.25198204e+00 
 4.87500000e-10  1.25913318e+00 
 4.88500000e-10  1.26624419e+00 
 4.89500000e-10  1.27331161e+00 
 4.90500000e-10  1.28033304e+00 
 4.91500000e-10  1.28730558e+00 
 4.92500000e-10  1.29422726e+00 
 4.93500000e-10  1.30109559e+00 
 4.94500000e-10  1.30790897e+00 
 4.95500000e-10  1.31466526e+00 
 4.96500000e-10  1.32136322e+00 
 4.97500000e-10  1.32800103e+00 
 4.98500000e-10  1.33457775e+00 
 4.99500000e-10  1.34109186e+00 
 5.00000000e-10  1.34432536e+00 
 5.00100000e-10  1.34496981e+00 
 5.00300000e-10  1.34625743e+00 
 5.00700000e-10  1.34882495e+00 
 5.01500000e-10  1.35392891e+00 
 5.02500000e-10  1.36025016e+00 
 5.03500000e-10  1.36650562e+00 
 5.04500000e-10  1.37269473e+00 
 5.05500000e-10  1.37881705e+00 
 5.06500000e-10  1.38487221e+00 
 5.07500000e-10  1.39085993e+00 
 5.08500000e-10  1.39678002e+00 
 5.09500000e-10  1.40263237e+00 
 5.10500000e-10  1.40841692e+00 
 5.11500000e-10  1.41413368e+00 
 5.12500000e-10  1.41978274e+00 
 5.13500000e-10  1.42536420e+00 
 5.14500000e-10  1.43087826e+00 
 5.15500000e-10  1.43632511e+00 
 5.16500000e-10  1.44170502e+00 
 5.17500000e-10  1.44701829e+00 
 5.18500000e-10  1.45226524e+00 
 5.19500000e-10  1.45744622e+00 
 5.20500000e-10  1.46256162e+00 
 5.21500000e-10  1.46761185e+00 
 5.22500000e-10  1.47259733e+00 
 5.23500000e-10  1.47751852e+00 
 5.24500000e-10  1.48237587e+00 
 5.25500000e-10  1.48716986e+00 
 5.26500000e-10  1.49190100e+00 
 5.27500000e-10  1.49656979e+00 
 5.28500000e-10  1.50117674e+00 
 5.29500000e-10  1.50572238e+00 
 5.30500000e-10  1.51020724e+00 
 5.31500000e-10  1.51463187e+00 
 5.32500000e-10  1.51899682e+00 
 5.33500000e-10  1.52330263e+00 
 5.34500000e-10  1.52754987e+00 
 5.35500000e-10  1.53173909e+00 
 5.36500000e-10  1.53587087e+00 
 5.37500000e-10  1.53994578e+00 
 5.38500000e-10  1.54396437e+00 
 5.39500000e-10  1.54792723e+00 
 5.40500000e-10  1.55183493e+00 
 5.41500000e-10  1.55568803e+00 
 5.42500000e-10  1.55948713e+00 
 5.43500000e-10  1.56323278e+00 
 5.44500000e-10  1.56692558e+00 
 5.45500000e-10  1.57056608e+00 
 5.46500000e-10  1.57415487e+00 
 5.47500000e-10  1.57769252e+00 
 5.48500000e-10  1.58117960e+00 
 5.49500000e-10  1.58461667e+00 
 5.50000000e-10  1.58631662e+00 
 5.50100000e-10  1.58665489e+00 
 5.50300000e-10  1.58733045e+00 
 5.50700000e-10  1.58867568e+00 
 5.51500000e-10  1.59134281e+00 
 5.52500000e-10  1.59463330e+00 
 5.53500000e-10  1.59787605e+00 
 5.54500000e-10  1.60107163e+00 
 5.55500000e-10  1.60422059e+00 
 5.56500000e-10  1.60732349e+00 
 5.57500000e-10  1.61038088e+00 
 5.58500000e-10  1.61339331e+00 
 5.59500000e-10  1.61636133e+00 
 5.60500000e-10  1.61928549e+00 
 5.61500000e-10  1.62216632e+00 
 5.62500000e-10  1.62500436e+00 
 5.63500000e-10  1.62780015e+00 
 5.64500000e-10  1.63055422e+00 
 5.65500000e-10  1.63326709e+00 
 5.66500000e-10  1.63593929e+00 
 5.67500000e-10  1.63857135e+00 
 5.68500000e-10  1.64116377e+00 
 5.69500000e-10  1.64371706e+00 
 5.70500000e-10  1.64623175e+00 
 5.71500000e-10  1.64870833e+00 
 5.72500000e-10  1.65114730e+00 
 5.73500000e-10  1.65354916e+00 
 5.74500000e-10  1.65591440e+00 
 5.75500000e-10  1.65824352e+00 
 5.76500000e-10  1.66053698e+00 
 5.77500000e-10  1.66279529e+00 
 5.78500000e-10  1.66501890e+00 
 5.79500000e-10  1.66720829e+00 
 5.80500000e-10  1.66936393e+00 
 5.81500000e-10  1.67148629e+00 
 5.82500000e-10  1.67357581e+00 
 5.83500000e-10  1.67563295e+00 
 5.84500000e-10  1.67765816e+00 
 5.85500000e-10  1.67965189e+00 
 5.86500000e-10  1.68161457e+00 
 5.87500000e-10  1.68354665e+00 
 5.88500000e-10  1.68544855e+00 
 5.89500000e-10  1.68732069e+00 
 5.90500000e-10  1.68916351e+00 
 5.91500000e-10  1.69097741e+00 
 5.92500000e-10  1.69276281e+00 
 5.93500000e-10  1.69452013e+00 
 5.94500000e-10  1.69624975e+00 
 5.95500000e-10  1.69795209e+00 
 5.96500000e-10  1.69962753e+00 
 5.97500000e-10  1.70127648e+00 
 5.98500000e-10  1.70289930e+00 
 5.99500000e-10  1.70449639e+00 
 6.00500000e-10  1.70606812e+00 
 6.01500000e-10  1.70761487e+00 
 6.02500000e-10  1.70913699e+00 
 6.03500000e-10  1.71063486e+00 
 6.04500000e-10  1.71210883e+00 
 6.05500000e-10  1.71355926e+00 
 6.06500000e-10  1.71498650e+00 
 6.07500000e-10  1.71639089e+00 
 6.08500000e-10  1.71777278e+00 
 6.09500000e-10  1.71913251e+00 
 6.10500000e-10  1.72047040e+00 
 6.11500000e-10  1.72178678e+00 
 6.12500000e-10  1.72308198e+00 
 6.13500000e-10  1.72435633e+00 
 6.14500000e-10  1.72561013e+00 
 6.15500000e-10  1.72684370e+00 
 6.16500000e-10  1.72805734e+00 
 6.17500000e-10  1.72925136e+00 
 6.18500000e-10  1.73042607e+00 
 6.19500000e-10  1.73158175e+00 
 6.20500000e-10  1.73271870e+00 
 6.21500000e-10  1.73383720e+00 
 6.22500000e-10  1.73493755e+00 
 6.23500000e-10  1.73602001e+00 
 6.24500000e-10  1.73708488e+00 
 6.25500000e-10  1.73813241e+00 
 6.26500000e-10  1.73916288e+00 
 6.27500000e-10  1.74017655e+00 
 6.28500000e-10  1.74117369e+00 
 6.29500000e-10  1.74215455e+00 
 6.30500000e-10  1.74311938e+00 
 6.31500000e-10  1.74406845e+00 
 6.32500000e-10  1.74500199e+00 
 6.33500000e-10  1.74592024e+00 
 6.34500000e-10  1.74682346e+00 
 6.35500000e-10  1.74771187e+00 
 6.36500000e-10  1.74858570e+00 
 6.37500000e-10  1.74944520e+00 
 6.38500000e-10  1.75029058e+00 
 6.39500000e-10  1.75112206e+00 
 6.40500000e-10  1.75193988e+00 
 6.41500000e-10  1.75274424e+00 
 6.42500000e-10  1.75353535e+00 
 6.43500000e-10  1.75431344e+00 
 6.44500000e-10  1.75507870e+00 
 6.45500000e-10  1.75583135e+00 
 6.46500000e-10  1.75657157e+00 
 6.47500000e-10  1.75729958e+00 
 6.48500000e-10  1.75801556e+00 
 6.49500000e-10  1.75871971e+00 
 6.50500000e-10  1.75941221e+00 
 6.51500000e-10  1.76009327e+00 
 6.52500000e-10  1.76076305e+00 
 6.53500000e-10  1.76142174e+00 
 6.54500000e-10  1.76206952e+00 
 6.55500000e-10  1.76270657e+00 
 6.56500000e-10  1.76333305e+00 
 6.57500000e-10  1.76394914e+00 
 6.58500000e-10  1.76455500e+00 
 6.59500000e-10  1.76515081e+00 
 6.60500000e-10  1.76573672e+00 
 6.61500000e-10  1.76631290e+00 
 6.62500000e-10  1.76687950e+00 
 6.63500000e-10  1.76743667e+00 
 6.64500000e-10  1.76798458e+00 
 6.65500000e-10  1.76852337e+00 
 6.66500000e-10  1.76905319e+00 
 6.67500000e-10  1.76957418e+00 
 6.68500000e-10  1.77008649e+00 
 6.69500000e-10  1.77059027e+00 
 6.70500000e-10  1.77108564e+00 
 6.71500000e-10  1.77157276e+00 
 6.72500000e-10  1.77205174e+00 
 6.73500000e-10  1.77252273e+00 
 6.74500000e-10  1.77298586e+00 
 6.75500000e-10  1.77344126e+00 
 6.76500000e-10  1.77388904e+00 
 6.77500000e-10  1.77432934e+00 
 6.78500000e-10  1.77476228e+00 
 6.79500000e-10  1.77518799e+00 
 6.80500000e-10  1.77560657e+00 
 6.81500000e-10  1.77601815e+00 
 6.82500000e-10  1.77642284e+00 
 6.83500000e-10  1.77682075e+00 
 6.84500000e-10  1.77721200e+00 
 6.85500000e-10  1.77759670e+00 
 6.86500000e-10  1.77797495e+00 
 6.87500000e-10  1.77834687e+00 
 6.88500000e-10  1.77871255e+00 
 6.89500000e-10  1.77907209e+00 
 6.90500000e-10  1.77942561e+00 
 6.91500000e-10  1.77977320e+00 
 6.92500000e-10  1.78011495e+00 
 6.93500000e-10  1.78045097e+00 
 6.94500000e-10  1.78078135e+00 
 6.95500000e-10  1.78110617e+00 
 6.96500000e-10  1.78142555e+00 
 6.97500000e-10  1.78173956e+00 
 6.98500000e-10  1.78204829e+00 
 6.99500000e-10  1.78235183e+00 
 7.00000000e-10  1.78250168e+00 
 7.00100000e-10  1.78258175e+00 
 7.00300000e-10  1.78271711e+00 
 7.00700000e-10  1.78300012e+00 
 7.01500000e-10  1.78367216e+00 
 7.02500000e-10  1.78470060e+00 
 7.03500000e-10  1.78589308e+00 
 7.04500000e-10  1.78721920e+00 
 7.05500000e-10  1.78865842e+00 
 7.06500000e-10  1.79018569e+00 
 7.07500000e-10  1.79178760e+00 
 7.08500000e-10  1.79344553e+00 
 7.09500000e-10  1.79515195e+00 
 7.10500000e-10  1.79689328e+00 
 7.11500000e-10  1.79866613e+00 
 7.12500000e-10  1.80046059e+00 
 7.13500000e-10  1.80227614e+00 
 7.14500000e-10  1.80410573e+00 
 7.15500000e-10  1.80594891e+00 
 7.16500000e-10  1.80780039e+00 
 7.17500000e-10  1.80966652e+00 
 7.18500000e-10  1.81154496e+00 
 7.19500000e-10  1.81344043e+00 
 7.20500000e-10  1.81535212e+00 
 7.21500000e-10  1.81728524e+00 
 7.22500000e-10  1.81923922e+00 
 7.23500000e-10  1.82121806e+00 
 7.24500000e-10  1.82321958e+00 
 7.25500000e-10  1.82524306e+00 
 7.26500000e-10  1.82727635e+00 
 7.27500000e-10  1.82932369e+00 
 7.28500000e-10  1.83137836e+00 
 7.29500000e-10  1.83343604e+00 
 7.30500000e-10  1.83548742e+00 
 7.31500000e-10  1.83752674e+00 
 7.32500000e-10  1.83954479e+00 
 7.33500000e-10  1.84153626e+00 
 7.34500000e-10  1.84349350e+00 
 7.35500000e-10  1.84541282e+00 
 7.36500000e-10  1.84728903e+00 
 7.37500000e-10  1.84912102e+00 
 7.38500000e-10  1.85090698e+00 
 7.39500000e-10  1.85264900e+00 
 7.40500000e-10  1.85434877e+00 
 7.41500000e-10  1.85601140e+00 
 7.42500000e-10  1.85764174e+00 
 7.43500000e-10  1.85924762e+00 
 7.44500000e-10  1.86083679e+00 
 7.45500000e-10  1.86241945e+00 
 7.46500000e-10  1.86400651e+00 
 7.47500000e-10  1.86561260e+00 
 7.48500000e-10  1.86725454e+00 
 7.49500000e-10  1.86895564e+00 
 7.50000000e-10  1.86983768e+00 
 7.50100000e-10  1.87004633e+00 
 7.50300000e-10  1.87045500e+00 
 7.50700000e-10  1.87126236e+00 
 7.51500000e-10  1.87286530e+00 
 7.52500000e-10  1.87488934e+00 
 7.53500000e-10  1.87705081e+00 
 7.54500000e-10  1.87942403e+00 
 7.55500000e-10  1.88195614e+00 
 7.56500000e-10  1.88466340e+00 
 7.57500000e-10  1.88754613e+00 
 7.58500000e-10  1.89053985e+00 
 7.59500000e-10  1.89352314e+00 
 7.60500000e-10  1.89628727e+00 
 7.61500000e-10  1.89855646e+00 
 7.62500000e-10  1.89998390e+00 
 7.63500000e-10  1.90021390e+00 
 7.64500000e-10  1.89892036e+00 
 7.65500000e-10  1.89586111e+00 
 7.66500000e-10  1.89086987e+00 
 7.67500000e-10  1.88423246e+00 
 7.68500000e-10  1.87575524e+00 
 7.69500000e-10  1.86530257e+00 
 7.70500000e-10  1.85290193e+00 
 7.71500000e-10  1.83857172e+00 
 7.72500000e-10  1.82237310e+00 
 7.73500000e-10  1.80435715e+00 
 7.74500000e-10  1.78460920e+00 
 7.75500000e-10  1.76319828e+00 
 7.76500000e-10  1.74021710e+00 
 7.77500000e-10  1.71578431e+00 
 7.78500000e-10  1.68999763e+00 
 7.79500000e-10  1.66292489e+00 
 7.80500000e-10  1.63465088e+00 
 7.81500000e-10  1.60523542e+00 
 7.82500000e-10  1.57474485e+00 
 7.83500000e-10  1.54322448e+00 
 7.84500000e-10  1.51072840e+00 
 7.85500000e-10  1.47729018e+00 
 7.86500000e-10  1.44294920e+00 
 7.87500000e-10  1.40772562e+00 
 7.88500000e-10  1.37164247e+00 
 7.89500000e-10  1.33470427e+00 
 7.90500000e-10  1.29691664e+00 
 7.91500000e-10  1.25826997e+00 
 7.92500000e-10  1.21876039e+00 
 7.93500000e-10  1.17838304e+00 
 7.94500000e-10  1.13715853e+00 
 7.95500000e-10  1.09512983e+00 
 7.96500000e-10  1.05236905e+00 
 7.97500000e-10  1.00893867e+00 
 7.98500000e-10  9.64880357e-01 
 7.99500000e-10  9.20207341e-01 
 8.00500000e-10  8.74926931e-01 
 8.01500000e-10  8.28975583e-01 
 8.02500000e-10  7.82498058e-01 
 8.03500000e-10  7.35441111e-01 
 8.04500000e-10  6.87852627e-01 
 8.05500000e-10  6.39704941e-01 
 8.06500000e-10  5.91141842e-01 
 8.07500000e-10  5.42374550e-01 
 8.08500000e-10  4.93924627e-01 
 8.09500000e-10  4.46431889e-01 
 8.10500000e-10  4.00722687e-01 
 8.11500000e-10  3.57525714e-01 
 8.12500000e-10  3.17472504e-01 
 8.13500000e-10  2.80849880e-01 
 8.14500000e-10  2.47760365e-01 
 8.15500000e-10  2.18076127e-01 
 8.16500000e-10  1.91640340e-01 
 8.17500000e-10  1.68189135e-01 
 8.18500000e-10  1.47496647e-01 
 8.19500000e-10  1.29276768e-01 
 8.20500000e-10  1.13301674e-01 
 8.21500000e-10  9.93042865e-02 
 8.22500000e-10  8.70840667e-02 
 8.23500000e-10  7.64091369e-02 
 8.24500000e-10  6.71141395e-02 
 8.25500000e-10  5.90062536e-02 
 8.26500000e-10  5.19557201e-02 
 8.27500000e-10  4.58064317e-02 
 8.28500000e-10  4.04604089e-02 
 8.29500000e-10  3.57932376e-02 
 8.30500000e-10  3.17333465e-02 
 8.31500000e-10  2.81823158e-02 
 8.32500000e-10  2.50895280e-02 
 8.33500000e-10  2.23772073e-02 
 8.34500000e-10  2.00108388e-02 
 8.35500000e-10  1.79287124e-02 
 8.36500000e-10  1.61084024e-02 
 8.37500000e-10  1.45005518e-02 
 8.38500000e-10  1.30916487e-02 
 8.39500000e-10  1.18417787e-02 
 8.40500000e-10  1.07439026e-02 
 8.41500000e-10  9.76531888e-03 
 8.42500000e-10  8.90209283e-03 
 8.43500000e-10  8.12936857e-03 
 8.44500000e-10  7.44775733e-03 
 8.45500000e-10  6.83418997e-03 
 8.46500000e-10  6.29153592e-03 
 8.47500000e-10  5.80012633e-03 
 8.48500000e-10  5.36450840e-03 
 8.49500000e-10  4.96758654e-03 
 8.50500000e-10  4.61494372e-03 
 8.51500000e-10  4.29163508e-03 
 8.52500000e-10  4.00388597e-03 
 8.53500000e-10  3.73841297e-03 
 8.54500000e-10  3.50179650e-03 
 8.55500000e-10  3.28210832e-03 
 8.56500000e-10  3.08608109e-03 
 8.57500000e-10  2.90291030e-03 
 8.58500000e-10  2.73933870e-03 
 8.59500000e-10  2.58550879e-03 
 8.60500000e-10  2.44807473e-03 
 8.61500000e-10  2.31798945e-03 
 8.62500000e-10  2.20175115e-03 
 8.63500000e-10  2.09101613e-03 
 8.64500000e-10  1.99208173e-03 
 8.65500000e-10  1.89722259e-03 
 8.66500000e-10  1.81250636e-03 
 8.67500000e-10  1.73075746e-03 
 8.68500000e-10  1.65779663e-03 
 8.69500000e-10  1.58694192e-03 
 8.70500000e-10  1.52375822e-03 
 8.71500000e-10  1.46201054e-03 
 8.72500000e-10  1.40700494e-03 
 8.73500000e-10  1.35291402e-03 
 8.74500000e-10  1.30478620e-03 
 8.75500000e-10  1.25716804e-03 
 8.76500000e-10  1.21485441e-03 
 8.77500000e-10  1.17273673e-03 
 8.78500000e-10  1.13536248e-03 
 8.79500000e-10  1.09794240e-03 
 8.80500000e-10  1.06478410e-03 
 8.81500000e-10  1.03139505e-03 
 8.82500000e-10  1.00185139e-03 
 8.83500000e-10  9.71937130e-04 
 8.84500000e-10  9.45505852e-04 
 8.85500000e-10  9.18599897e-04 
 8.86500000e-10  8.94859502e-04 
 8.87500000e-10  8.70568812e-04 
 8.88500000e-10  8.49164000e-04 
 8.89500000e-10  8.27155917e-04 
 8.90500000e-10  8.07785909e-04 
 8.91500000e-10  7.87777672e-04 
 8.92500000e-10  7.70186816e-04 
 8.93500000e-10  7.51937085e-04 
 8.94500000e-10  7.35907241e-04 
 8.95500000e-10  7.19209226e-04 
 8.96500000e-10  7.04553578e-04 
 8.97500000e-10  6.89229424e-04 
 8.98500000e-10  6.75787421e-04 
 8.99500000e-10  6.61683613e-04 
 9.00500000e-10  6.49316811e-04 
 9.01500000e-10  6.36300388e-04 
 9.02500000e-10  6.24889026e-04 
 9.03500000e-10  6.12844449e-04 
 9.04500000e-10  6.02284609e-04 
 9.05500000e-10  5.91111161e-04 
 9.06500000e-10  5.81312407e-04 
 9.07500000e-10  5.70922028e-04 
 9.08500000e-10  5.61805435e-04 
 9.09500000e-10  5.52120902e-04 
 9.10500000e-10  5.43617404e-04 
 9.11500000e-10  5.34570810e-04 
 9.12500000e-10  5.26619810e-04 
 9.13500000e-10  5.18151275e-04 
 9.14500000e-10  5.10699471e-04 
 9.15500000e-10  5.02756055e-04 
 9.16500000e-10  4.95756448e-04 
 9.17500000e-10  4.88291228e-04 
 9.18500000e-10  4.81702275e-04 
 9.19500000e-10  4.74673558e-04 
 9.20500000e-10  4.68458456e-04 
 9.21500000e-10  4.61829102e-04 
 9.22500000e-10  4.55955172e-04 
 9.23500000e-10  4.49692024e-04 
 9.24500000e-10  4.44130184e-04 
 9.25500000e-10  4.38203571e-04 
 9.26500000e-10  4.32927885e-04 
 9.27500000e-10  4.27311193e-04 
 9.28500000e-10  4.22298478e-04 
 9.29500000e-10  4.16967787e-04 
 9.30500000e-10  4.12197281e-04 
 9.31500000e-10  4.07131043e-04 
 9.32500000e-10  4.02584109e-04 
 9.33500000e-10  3.97762871e-04 
 9.34500000e-10  3.93422750e-04 
 9.35500000e-10  3.88828916e-04 
 9.36500000e-10  3.84680501e-04 
 9.37500000e-10  3.80298123e-04 
 9.38500000e-10  3.76327774e-04 
 9.39500000e-10  3.72142363e-04 
 9.40500000e-10  3.68337737e-04 
 9.41500000e-10  3.64336110e-04 
 9.42500000e-10  3.60686017e-04 
 9.43500000e-10  3.56856153e-04 
 9.44500000e-10  3.53350428e-04 
 9.45500000e-10  3.49681346e-04 
 9.46500000e-10  3.46310735e-04 
 9.47500000e-10  3.42792384e-04 
 9.48500000e-10  3.39548450e-04 
 9.49500000e-10  3.36171614e-04 
 9.50000000e-10  3.34645367e-04 
 9.50100000e-10  3.34286220e-04 
 9.50300000e-10  3.33636262e-04 
 9.50700000e-10  3.32369829e-04 
 9.51500000e-10  3.29842328e-04 
 9.52500000e-10  3.26752989e-04 
 9.53500000e-10  3.23706844e-04 
 9.54500000e-10  3.20730577e-04 
 9.55500000e-10  3.17795107e-04 
 9.56500000e-10  3.14925515e-04 
 9.57500000e-10  3.12094532e-04 
 9.58500000e-10  3.09325715e-04 
 9.59500000e-10  3.06593501e-04 
 9.60500000e-10  3.03920006e-04 
 9.61500000e-10  3.01281277e-04 
 9.62500000e-10  2.98698060e-04 
 9.63500000e-10  2.96147918e-04 
 9.64500000e-10  2.93650303e-04 
 9.65500000e-10  2.91184204e-04 
 9.66500000e-10  2.88767851e-04 
 9.67500000e-10  2.86381574e-04 
 9.68500000e-10  2.84042444e-04 
 9.69500000e-10  2.81732059e-04 
 9.70500000e-10  2.79466394e-04 
 9.71500000e-10  2.77228239e-04 
 9.72500000e-10  2.75032533e-04 
 9.73500000e-10  2.72863189e-04 
 9.74500000e-10  2.70734167e-04 
 9.75500000e-10  2.68630439e-04 
 9.76500000e-10  2.66565038e-04 
 9.77500000e-10  2.64523935e-04 
 9.78500000e-10  2.62519289e-04 
 9.79500000e-10  2.60538007e-04 
 9.80500000e-10  2.58591424e-04 
 9.81500000e-10  2.56667333e-04 
 9.82500000e-10  2.54776290e-04 
 9.83500000e-10  2.52906916e-04 
 9.84500000e-10  2.51069037e-04 
 9.85500000e-10  2.49252056e-04 
 9.86500000e-10  2.47465106e-04 
 9.87500000e-10  2.45698326e-04 
 9.88500000e-10  2.43960200e-04 
 9.89500000e-10  2.42241558e-04 
 9.90500000e-10  2.40550268e-04 
 9.91500000e-10  2.38877815e-04 
 9.92500000e-10  2.37231488e-04 
 9.93500000e-10  2.35603382e-04 
 9.94500000e-10  2.34000243e-04 
 9.95500000e-10  2.32414742e-04 
 9.96500000e-10  2.30853114e-04 
 9.97500000e-10  2.29308570e-04 
 9.98500000e-10  2.27786863e-04 
 9.99500000e-10  2.26281713e-04 
 1.00000000e-09  2.25538364e-04 
 1.00010000e-09  2.25389455e-04 
 1.00030000e-09  2.25093181e-04 
 1.00070000e-09  2.24503187e-04 
 1.00150000e-09  2.23331847e-04 
 1.00250000e-09  2.21884374e-04 
 1.00350000e-09  2.20454762e-04 
 1.00450000e-09  2.19043010e-04 
 1.00550000e-09  2.17648473e-04 
 1.00650000e-09  2.16271145e-04 
 1.00750000e-09  2.14910418e-04 
 1.00850000e-09  2.13566282e-04 
 1.00950000e-09  2.12238162e-04 
 1.01050000e-09  2.10926044e-04 
 1.01150000e-09  2.09629385e-04 
 1.01250000e-09  2.08348167e-04 
 1.01350000e-09  2.07081876e-04 
 1.01450000e-09  2.05830492e-04 
 1.01550000e-09  2.04593529e-04 
 1.01650000e-09  2.03370962e-04 
 1.01750000e-09  2.02162334e-04 
 1.01850000e-09  2.00967613e-04 
 1.01950000e-09  1.99786368e-04 
 1.02050000e-09  1.98618567e-04 
 1.02150000e-09  1.97463799e-04 
 1.02250000e-09  1.96322031e-04 
 1.02350000e-09  1.95192875e-04 
 1.02450000e-09  1.94076292e-04 
 1.02550000e-09  1.92971917e-04 
 1.02650000e-09  1.91879709e-04 
 1.02750000e-09  1.90799322e-04 
 1.02850000e-09  1.89730711e-04 
 1.02950000e-09  1.88673551e-04 
 1.03050000e-09  1.87627795e-04 
 1.03150000e-09  1.86593134e-04 
 1.03250000e-09  1.85569518e-04 
 1.03350000e-09  1.84556658e-04 
 1.03450000e-09  1.83554500e-04 
 1.03550000e-09  1.82562771e-04 
 1.03650000e-09  1.81581416e-04 
 1.03750000e-09  1.80610176e-04 
 1.03850000e-09  1.79648994e-04 
 1.03950000e-09  1.78697626e-04 
 1.04050000e-09  1.77756014e-04 
 1.04150000e-09  1.76823926e-04 
 1.04250000e-09  1.75901302e-04 
 1.04350000e-09  1.74987924e-04 
 1.04450000e-09  1.74083731e-04 
 1.04550000e-09  1.73188516e-04 
 1.04650000e-09  1.72302218e-04 
 1.04750000e-09  1.71424640e-04 
 1.04850000e-09  1.70555721e-04 
 1.04950000e-09  1.69695274e-04 
 1.05000000e-09  1.69268223e-04 
 1.05010000e-09  1.69183060e-04 
 1.05030000e-09  1.69012989e-04 
 1.05070000e-09  1.68673828e-04 
 1.05150000e-09  1.67999460e-04 
 1.05250000e-09  1.67163816e-04 
 1.05350000e-09  1.66336204e-04 
 1.05450000e-09  1.65516505e-04 
 1.05550000e-09  1.64704614e-04 
 1.05650000e-09  1.63900416e-04 
 1.05750000e-09  1.63103811e-04 
 1.05850000e-09  1.62314689e-04 
 1.05950000e-09  1.61532951e-04 
 1.06050000e-09  1.60758492e-04 
 1.06150000e-09  1.59991217e-04 
 1.06250000e-09  1.59231025e-04 
 1.06350000e-09  1.58477824e-04 
 1.06450000e-09  1.57731516e-04 
 1.06550000e-09  1.56992011e-04 
 1.06650000e-09  1.56259217e-04 
 1.06750000e-09  1.55533047e-04 
 1.06850000e-09  1.54813411e-04 
 1.06950000e-09  1.54100224e-04 
 1.07050000e-09  1.53393401e-04 
 1.07150000e-09  1.52692860e-04 
 1.07250000e-09  1.51998518e-04 
 1.07350000e-09  1.51310295e-04 
 1.07450000e-09  1.50628112e-04 
 1.07550000e-09  1.49951892e-04 
 1.07650000e-09  1.49281558e-04 
 1.07750000e-09  1.48617035e-04 
 1.07850000e-09  1.47958250e-04 
 1.07950000e-09  1.47305129e-04 
 1.08050000e-09  1.46657602e-04 
 1.08150000e-09  1.46015598e-04 
 1.08250000e-09  1.45379049e-04 
 1.08350000e-09  1.44747885e-04 
 1.08450000e-09  1.44122042e-04 
 1.08550000e-09  1.43501452e-04 
 1.08650000e-09  1.42886052e-04 
 1.08750000e-09  1.42275778e-04 
 1.08850000e-09  1.41670567e-04 
 1.08950000e-09  1.41070356e-04 
 1.09050000e-09  1.40475088e-04 
 1.09150000e-09  1.39884701e-04 
 1.09250000e-09  1.39299147e-04 
 1.09350000e-09  1.38718354e-04 
 1.09450000e-09  1.38142270e-04 
 1.09550000e-09  1.37570834e-04 
 1.09650000e-09  1.37003997e-04 
 1.09750000e-09  1.36441699e-04 
 1.09850000e-09  1.35883891e-04 
 1.09950000e-09  1.35330518e-04 
 1.10050000e-09  1.34781531e-04 
 1.10150000e-09  1.34236876e-04 
 1.10250000e-09  1.33696506e-04 
 1.10350000e-09  1.33160369e-04 
 1.10450000e-09  1.32628418e-04 
 1.10550000e-09  1.32100604e-04 
 1.10650000e-09  1.31576882e-04 
 1.10750000e-09  1.31057201e-04 
 1.10850000e-09  1.30541521e-04 
 1.10950000e-09  1.30029791e-04 
 1.11050000e-09  1.29521972e-04 
 1.11150000e-09  1.29018016e-04 
 1.11250000e-09  1.28517883e-04 
 1.11350000e-09  1.28021527e-04 
 1.11450000e-09  1.27528910e-04 
 1.11550000e-09  1.27039987e-04 
 1.11650000e-09  1.26554720e-04 
 1.11750000e-09  1.26073066e-04 
 1.11850000e-09  1.25594990e-04 
 1.11950000e-09  1.25120448e-04 
 1.12050000e-09  1.24649405e-04 
 1.12150000e-09  1.24181821e-04 
 1.12250000e-09  1.23717661e-04 
 1.12350000e-09  1.23256885e-04 
 1.12450000e-09  1.22799460e-04 
 1.12550000e-09  1.22345347e-04 
 1.12650000e-09  1.21894514e-04 
 1.12750000e-09  1.21446923e-04 
 1.12850000e-09  1.21002543e-04 
 1.12950000e-09  1.20561337e-04 
 1.13050000e-09  1.20123274e-04 
 1.13150000e-09  1.19688319e-04 
 1.13250000e-09  1.19256442e-04 
 1.13350000e-09  1.18827609e-04 
 1.13450000e-09  1.18401790e-04 
 1.13550000e-09  1.17978951e-04 
 1.13650000e-09  1.17559065e-04 
 1.13750000e-09  1.17142099e-04 
 1.13850000e-09  1.16728025e-04 
 1.13950000e-09  1.16316811e-04 
 1.14050000e-09  1.15908431e-04 
 1.14150000e-09  1.15502853e-04 
 1.14250000e-09  1.15100052e-04 
 1.14350000e-09  1.14699997e-04 
 1.14450000e-09  1.14302663e-04 
 1.14550000e-09  1.13908020e-04 
 1.14650000e-09  1.13516045e-04 
 1.14750000e-09  1.13126707e-04 
 1.14850000e-09  1.12739984e-04 
 1.14950000e-09  1.12355846e-04 
 1.15050000e-09  1.11974272e-04 
 1.15150000e-09  1.11595233e-04 
 1.15250000e-09  1.11218707e-04 
 1.15350000e-09  1.10844667e-04 
 1.15450000e-09  1.10473091e-04 
 1.15550000e-09  1.10103953e-04 
 1.15650000e-09  1.09737231e-04 
 1.15750000e-09  1.09372901e-04 
 1.15850000e-09  1.09010941e-04 
 1.15950000e-09  1.08651326e-04 
 1.16050000e-09  1.08294037e-04 
 1.16150000e-09  1.07939048e-04 
 1.16250000e-09  1.07586340e-04 
 1.16350000e-09  1.07235890e-04 
 1.16450000e-09  1.06887678e-04 
 1.16550000e-09  1.06541681e-04 
 1.16650000e-09  1.06197881e-04 
 1.16750000e-09  1.05856254e-04 
 1.16850000e-09  1.05516783e-04 
 1.16950000e-09  1.05179445e-04 
 1.17050000e-09  1.04844222e-04 
 1.17150000e-09  1.04511094e-04 
 1.17250000e-09  1.04180043e-04 
 1.17350000e-09  1.03851047e-04 
 1.17450000e-09  1.03524090e-04 
 1.17550000e-09  1.03199151e-04 
 1.17650000e-09  1.02876214e-04 
 1.17750000e-09  1.02555259e-04 
 1.17850000e-09  1.02236269e-04 
 1.17950000e-09  1.01919225e-04 
 1.18050000e-09  1.01604112e-04 
 1.18150000e-09  1.01290909e-04 
 1.18250000e-09  1.00979603e-04 
 1.18350000e-09  1.00670173e-04 
 1.18450000e-09  1.00362606e-04 
 1.18550000e-09  1.00056882e-04 
 1.18650000e-09  9.97529879e-05 
 1.18750000e-09  9.94509049e-05 
 1.18850000e-09  9.91506192e-05 
 1.18950000e-09  9.88521129e-05 
 1.19050000e-09  9.85553725e-05 
 1.19150000e-09  9.82603807e-05 
 1.19250000e-09  9.79671241e-05 
 1.19350000e-09  9.76755856e-05 
 1.19450000e-09  9.73857524e-05 
 1.19550000e-09  9.70976079e-05 
 1.19650000e-09  9.68111393e-05 
 1.19750000e-09  9.65263304e-05 
 1.19850000e-09  9.62431688e-05 
 1.19950000e-09  9.59616387e-05 
 1.20000000e-09  9.58214819e-05 
 1.20010000e-09  2.14599443e-04 
 1.20030000e-09  4.43525982e-04 
 1.20070000e-09  8.56341869e-04 
 1.20150000e-09  1.53797697e-03 
 1.20250000e-09  2.15438568e-03 
 1.20350000e-09  2.57353455e-03 
 1.20450000e-09  2.84000146e-03 
 1.20550000e-09  2.99884289e-03 
 1.20650000e-09  3.07411097e-03 
 1.20750000e-09  3.09417381e-03 
 1.20850000e-09  3.07056983e-03 
 1.20950000e-09  3.02135904e-03 
 1.21050000e-09  2.95056843e-03 
 1.21150000e-09  2.86999857e-03 
 1.21250000e-09  2.77933484e-03 
 1.21350000e-09  2.68676624e-03 
 1.21450000e-09  2.59001120e-03 
 1.21550000e-09  2.49565874e-03 
 1.21650000e-09  2.40119554e-03 
 1.21750000e-09  2.31296889e-03 
 1.21850000e-09  2.22901704e-03 
 1.21950000e-09  2.15650806e-03 
 1.22050000e-09  2.09485932e-03 
 1.22150000e-09  2.05209777e-03 
 1.22250000e-09  2.02834521e-03 
 1.22350000e-09  2.03126861e-03 
 1.22450000e-09  2.06002685e-03 
 1.22550000e-09  2.12055708e-03 
 1.22650000e-09  2.21086213e-03 
 1.22750000e-09  2.33680459e-03 
 1.22850000e-09  2.49726214e-03 
 1.22950000e-09  2.69939008e-03 
 1.23050000e-09  2.94368637e-03 
 1.23150000e-09  3.23663549e-03 
 1.23250000e-09  3.57462037e-03 
 1.23350000e-09  3.95517101e-03 
 1.23450000e-09  4.35867317e-03 
 1.23550000e-09  4.75470656e-03 
 1.23650000e-09  5.08813229e-03 
 1.23750000e-09  5.30409902e-03 
 1.23850000e-09  5.35833578e-03 
 1.23950000e-09  5.24641022e-03 
 1.24050000e-09  4.98950299e-03 
 1.24150000e-09  4.63631235e-03 
 1.24250000e-09  4.23907507e-03 
 1.24350000e-09  3.85836275e-03 
 1.24450000e-09  3.54358159e-03 
 1.24550000e-09  3.34394649e-03 
 1.24650000e-09  3.29149194e-03 
 1.24750000e-09  3.41067824e-03 
 1.24850000e-09  3.70521235e-03 
 1.24950000e-09  4.17148375e-03 
 1.25000000e-09  4.46237912e-03 
 1.25010000e-09  4.58741306e-03 
 1.25030000e-09  4.80498955e-03 
 1.25070000e-09  5.21574127e-03 
 1.25150000e-09  5.96049687e-03 
 1.25250000e-09  6.80825776e-03 
 1.25350000e-09  7.62383646e-03 
 1.25450000e-09  8.44136013e-03 
 1.25550000e-09  9.27190715e-03 
 1.25650000e-09  1.01204792e-02 
 1.25750000e-09  1.09863289e-02 
 1.25850000e-09  1.18627426e-02 
 1.25950000e-09  1.27442495e-02 
 1.26050000e-09  1.36243769e-02 
 1.26150000e-09  1.45011429e-02 
 1.26250000e-09  1.53695196e-02 
 1.26350000e-09  1.62303330e-02 
 1.26450000e-09  1.70808134e-02 
 1.26550000e-09  1.79240894e-02 
 1.26650000e-09  1.87591464e-02 
 1.26750000e-09  1.95907199e-02 
 1.26850000e-09  2.04189302e-02 
 1.26950000e-09  2.12495283e-02 
 1.27050000e-09  2.20833552e-02 
 1.27150000e-09  2.29267970e-02 
 1.27250000e-09  2.37811885e-02 
 1.27350000e-09  2.46533567e-02 
 1.27450000e-09  2.55450667e-02 
 1.27550000e-09  2.64635290e-02 
 1.27650000e-09  2.74109351e-02 
 1.27750000e-09  2.83949565e-02 
 1.27850000e-09  2.94183975e-02 
 1.27950000e-09  3.04895202e-02 
 1.28050000e-09  3.16119207e-02 
 1.28150000e-09  3.27946830e-02 
 1.28250000e-09  3.40424814e-02 
 1.28350000e-09  3.53655395e-02 
 1.28450000e-09  3.67699849e-02 
 1.28550000e-09  3.82675976e-02 
 1.28650000e-09  3.98664358e-02 
 1.28750000e-09  4.15803627e-02 
 1.28850000e-09  4.34199500e-02 
 1.28950000e-09  4.54017656e-02 
 1.29050000e-09  4.75395379e-02 
 1.29150000e-09  4.98531581e-02 
 1.29250000e-09  5.23600280e-02 
 1.29350000e-09  5.50836490e-02 
 1.29450000e-09  5.80449322e-02 
 1.29550000e-09  6.12700160e-02 
 1.29650000e-09  6.47809573e-02 
 1.29750000e-09  6.86017169e-02 
 1.29850000e-09  7.27468788e-02 
 1.29950000e-09  7.72249167e-02 
 1.30050000e-09  8.20258963e-02 
 1.30150000e-09  8.71278322e-02 
 1.30250000e-09  9.24930142e-02 
 1.30350000e-09  9.80834347e-02 
 1.30450000e-09  1.03861190e-01 
 1.30550000e-09  1.09799918e-01 
 1.30650000e-09  1.15878167e-01 
 1.30750000e-09  1.22084629e-01 
 1.30850000e-09  1.28409122e-01 
 1.30950000e-09  1.34847279e-01 
 1.31050000e-09  1.41392654e-01 
 1.31150000e-09  1.48042200e-01 
 1.31250000e-09  1.54789640e-01 
 1.31350000e-09  1.61631378e-01 
 1.31450000e-09  1.68560609e-01 
 1.31550000e-09  1.75573239e-01 
 1.31650000e-09  1.82662478e-01 
 1.31750000e-09  1.89824640e-01 
 1.31850000e-09  1.97053700e-01 
 1.31950000e-09  2.04346022e-01 
 1.32050000e-09  2.11694439e-01 
 1.32150000e-09  2.19093128e-01 
 1.32250000e-09  2.26533205e-01 
 1.32350000e-09  2.34008298e-01 
 1.32450000e-09  2.41510431e-01 
 1.32550000e-09  2.49034829e-01 
 1.32650000e-09  2.56575407e-01 
 1.32750000e-09  2.64128993e-01 
 1.32850000e-09  2.71690876e-01 
 1.32950000e-09  2.79258815e-01 
 1.33050000e-09  2.86828841e-01 
 1.33150000e-09  2.94399150e-01 
 1.33250000e-09  3.01966179e-01 
 1.33350000e-09  3.09528395e-01 
 1.33450000e-09  3.17082609e-01 
 1.33550000e-09  3.24627685e-01 
 1.33650000e-09  3.32161040e-01 
 1.33750000e-09  3.39681782e-01 
 1.33850000e-09  3.47187805e-01 
 1.33950000e-09  3.54678961e-01 
 1.34050000e-09  3.62153436e-01 
 1.34150000e-09  3.69610906e-01 
 1.34250000e-09  3.77048998e-01 
 1.34350000e-09  3.84466523e-01 
 1.34450000e-09  3.91860406e-01 
 1.34550000e-09  3.99229048e-01 
 1.34650000e-09  4.06569437e-01 
 1.34750000e-09  4.13880287e-01 
 1.34850000e-09  4.21159126e-01 
 1.34950000e-09  4.28405199e-01 
 1.35050000e-09  4.35616610e-01 
 1.35150000e-09  4.42793062e-01 
 1.35250000e-09  4.49933115e-01 
 1.35350000e-09  4.57036798e-01 
 1.35450000e-09  4.64102991e-01 
 1.35550000e-09  4.71131934e-01 
 1.35650000e-09  4.78122727e-01 
 1.35750000e-09  4.85075737e-01 
 1.35850000e-09  4.91990219e-01 
 1.35950000e-09  4.98866618e-01 
 1.36050000e-09  5.05704303e-01 
 1.36150000e-09  5.12503766e-01 
 1.36250000e-09  5.19264473e-01 
 1.36350000e-09  5.25986954e-01 
 1.36450000e-09  5.32670758e-01 
 1.36550000e-09  5.39316451e-01 
 1.36650000e-09  5.45923668e-01 
 1.36750000e-09  5.52493008e-01 
 1.36850000e-09  5.59024190e-01 
 1.36950000e-09  5.65517852e-01 
 1.37050000e-09  5.71973795e-01 
 1.37150000e-09  5.78392695e-01 
 1.37250000e-09  5.84774433e-01 
 1.37350000e-09  5.91119725e-01 
 1.37450000e-09  5.97428525e-01 
 1.37550000e-09  6.03701583e-01 
 1.37650000e-09  6.09938925e-01 
 1.37750000e-09  6.16141327e-01 
 1.37850000e-09  6.22308877e-01 
 1.37950000e-09  6.28442372e-01 
 1.38050000e-09  6.34541954e-01 
 1.38150000e-09  6.40608435e-01 
 1.38250000e-09  6.46641998e-01 
 1.38350000e-09  6.52643463e-01 
 1.38450000e-09  6.58613049e-01 
 1.38550000e-09  6.64551573e-01 
 1.38650000e-09  6.70459282e-01 
 1.38750000e-09  6.76336989e-01 
 1.38850000e-09  6.82184961e-01 
 1.38950000e-09  6.88004002e-01 
 1.39050000e-09  6.93794394e-01 
 1.39150000e-09  6.99556930e-01 
 1.39250000e-09  7.05291910e-01 
 1.39350000e-09  7.11000114e-01 
 1.39450000e-09  7.16681859e-01 
 1.39550000e-09  7.22337919e-01 
 1.39650000e-09  7.27968631e-01 
 1.39750000e-09  7.33574771e-01 
 1.39850000e-09  7.39156701e-01 
 1.39950000e-09  7.44715207e-01 
 1.40050000e-09  7.50250689e-01 
 1.40150000e-09  7.55763954e-01 
 1.40250000e-09  7.61255450e-01 
 1.40350000e-09  7.66726020e-01 
 1.40450000e-09  7.72176171e-01 
 1.40550000e-09  7.77606799e-01 
 1.40650000e-09  7.83018484e-01 
 1.40750000e-09  7.88412185e-01 
 1.40850000e-09  7.93788573e-01 
 1.40950000e-09  7.99148684e-01 
 1.41050000e-09  8.04493290e-01 
 1.41150000e-09  8.09823519e-01 
 1.41250000e-09  8.15140255e-01 
 1.41350000e-09  8.20444728e-01 
 1.41450000e-09  8.25737944e-01 
 1.41550000e-09  8.31021245e-01 
 1.41650000e-09  8.36295766e-01 
 1.41750000e-09  8.41562966e-01 
 1.41850000e-09  8.46824117e-01 
 1.41950000e-09  8.52080802e-01 
 1.42050000e-09  8.57334427e-01 
 1.42150000e-09  8.62586705e-01 
 1.42250000e-09  8.67839127e-01 
 1.42350000e-09  8.73093503e-01 
 1.42450000e-09  8.78351589e-01 
 1.42550000e-09  8.83615360e-01 
 1.42650000e-09  8.88886651e-01 
 1.42750000e-09  8.94167554e-01 
 1.42850000e-09  8.99460032e-01 
 1.42950000e-09  9.04766296e-01 
 1.43050000e-09  9.10088436e-01 
 1.43150000e-09  9.15428780e-01 
 1.43250000e-09  9.20789536e-01 
 1.43350000e-09  9.26173140e-01 
 1.43450000e-09  9.31581908e-01 
 1.43550000e-09  9.37018367e-01 
 1.43650000e-09  9.42484927e-01 
 1.43750000e-09  9.47984304e-01 
 1.43850000e-09  9.53519813e-01 
 1.43950000e-09  9.59092825e-01 
 1.44050000e-09  9.64705979e-01 
 1.44150000e-09  9.70361834e-01 
 1.44250000e-09  9.76062969e-01 
 1.44350000e-09  9.81811860e-01 
 1.44450000e-09  9.87610936e-01 
 1.44550000e-09  9.93462479e-01 
 1.44650000e-09  9.99368637e-01 
 1.44750000e-09  1.00533133e+00 
 1.44850000e-09  1.01135224e+00 
 1.44950000e-09  1.01743272e+00 
 1.45000000e-09  1.02049554e+00 
 1.45010000e-09  1.02111021e+00 
 1.45030000e-09  1.02234081e+00 
 1.45070000e-09  1.02480937e+00 
 1.45150000e-09  1.02977595e+00 
 1.45250000e-09  1.03603940e+00 
 1.45350000e-09  1.04236383e+00 
 1.45450000e-09  1.04874859e+00 
 1.45550000e-09  1.05519283e+00 
 1.45650000e-09  1.06169561e+00 
 1.45750000e-09  1.06825609e+00 
 1.45850000e-09  1.07487370e+00 
 1.45950000e-09  1.08154815e+00 
 1.46050000e-09  1.08827947e+00 
 1.46150000e-09  1.09506780e+00 
 1.46250000e-09  1.10191319e+00 
 1.46350000e-09  1.10881541e+00 
 1.46450000e-09  1.11577374e+00 
 1.46550000e-09  1.12278679e+00 
 1.46650000e-09  1.12985239e+00 
 1.46750000e-09  1.13696762e+00 
 1.46850000e-09  1.14412873e+00 
 1.46950000e-09  1.15133129e+00 
 1.47050000e-09  1.15857023e+00 
 1.47150000e-09  1.16583997e+00 
 1.47250000e-09  1.17313455e+00 
 1.47350000e-09  1.18044781e+00 
 1.47450000e-09  1.18777347e+00 
 1.47550000e-09  1.19510526e+00 
 1.47650000e-09  1.20243708e+00 
 1.47750000e-09  1.20976304e+00 
 1.47850000e-09  1.21707765e+00 
 1.47950000e-09  1.22437566e+00 
 1.48050000e-09  1.23165206e+00 
 1.48150000e-09  1.23890228e+00 
 1.48250000e-09  1.24612212e+00 
 1.48350000e-09  1.25330770e+00 
 1.48450000e-09  1.26045561e+00 
 1.48550000e-09  1.26756268e+00 
 1.48650000e-09  1.27462544e+00 
 1.48750000e-09  1.28164109e+00 
 1.48850000e-09  1.28860728e+00 
 1.48950000e-09  1.29552164e+00 
 1.49050000e-09  1.30238220e+00 
 1.49150000e-09  1.30918696e+00 
 1.49250000e-09  1.31593431e+00 
 1.49350000e-09  1.32262257e+00 
 1.49450000e-09  1.32925047e+00 
 1.49550000e-09  1.33581662e+00 
 1.49650000e-09  1.34232004e+00 
 1.49750000e-09  1.34875960e+00 
 1.49850000e-09  1.35513458e+00 
 1.49950000e-09  1.36144412e+00 
 1.50000000e-09  1.36457425e+00 
 1.50010000e-09  1.36519797e+00 
 1.50030000e-09  1.36644405e+00 
 1.50070000e-09  1.36892822e+00 
 1.50150000e-09  1.37386452e+00 
 1.50250000e-09  1.37997457e+00 
 1.50350000e-09  1.38601733e+00 
 1.50450000e-09  1.39199253e+00 
 1.50550000e-09  1.39790003e+00 
 1.50650000e-09  1.40373970e+00 
 1.50750000e-09  1.40951154e+00 
 1.50850000e-09  1.41521555e+00 
 1.50950000e-09  1.42085184e+00 
 1.51050000e-09  1.42642053e+00 
 1.51150000e-09  1.43192183e+00 
 1.51250000e-09  1.43735594e+00 
 1.51350000e-09  1.44272315e+00 
 1.51450000e-09  1.44802375e+00 
 1.51550000e-09  1.45325809e+00 
 1.51650000e-09  1.45842651e+00 
 1.51750000e-09  1.46352943e+00 
 1.51850000e-09  1.46856723e+00 
 1.51950000e-09  1.47354037e+00 
 1.52050000e-09  1.47844929e+00 
 1.52150000e-09  1.48329447e+00 
 1.52250000e-09  1.48807638e+00 
 1.52350000e-09  1.49279552e+00 
 1.52450000e-09  1.49745241e+00 
 1.52550000e-09  1.50204756e+00 
 1.52650000e-09  1.50658150e+00 
 1.52750000e-09  1.51105477e+00 
 1.52850000e-09  1.51546791e+00 
 1.52950000e-09  1.51982147e+00 
 1.53050000e-09  1.52411600e+00 
 1.53150000e-09  1.52835207e+00 
 1.53250000e-09  1.53253023e+00 
 1.53350000e-09  1.53665106e+00 
 1.53450000e-09  1.54071512e+00 
 1.53550000e-09  1.54472298e+00 
 1.53650000e-09  1.54867522e+00 
 1.53750000e-09  1.55257241e+00 
 1.53850000e-09  1.55641512e+00 
 1.53950000e-09  1.56020393e+00 
 1.54050000e-09  1.56393942e+00 
 1.54150000e-09  1.56762215e+00 
 1.54250000e-09  1.57125271e+00 
 1.54350000e-09  1.57483166e+00 
 1.54450000e-09  1.57835958e+00 
 1.54550000e-09  1.58183704e+00 
 1.54650000e-09  1.58526462e+00 
 1.54750000e-09  1.58864287e+00 
 1.54850000e-09  1.59197237e+00 
 1.54950000e-09  1.59525368e+00 
 1.55000000e-09  1.59687642e+00 
 1.55010000e-09  1.59719931e+00 
 1.55030000e-09  1.59784415e+00 
 1.55070000e-09  1.59912816e+00 
 1.55150000e-09  1.60167369e+00 
 1.55250000e-09  1.60481380e+00 
 1.55350000e-09  1.60790796e+00 
 1.55450000e-09  1.61095672e+00 
 1.55550000e-09  1.61396062e+00 
 1.55650000e-09  1.61692022e+00 
 1.55750000e-09  1.61983606e+00 
 1.55850000e-09  1.62270868e+00 
 1.55950000e-09  1.62553861e+00 
 1.56050000e-09  1.62832639e+00 
 1.56150000e-09  1.63107256e+00 
 1.56250000e-09  1.63377763e+00 
 1.56350000e-09  1.63644213e+00 
 1.56450000e-09  1.63906658e+00 
 1.56550000e-09  1.64165150e+00 
 1.56650000e-09  1.64419739e+00 
 1.56750000e-09  1.64670477e+00 
 1.56850000e-09  1.64917414e+00 
 1.56950000e-09  1.65160600e+00 
 1.57050000e-09  1.65400084e+00 
 1.57150000e-09  1.65635916e+00 
 1.57250000e-09  1.65868144e+00 
 1.57350000e-09  1.66096817e+00 
 1.57450000e-09  1.66321983e+00 
 1.57550000e-09  1.66543688e+00 
 1.57650000e-09  1.66761981e+00 
 1.57750000e-09  1.66976908e+00 
 1.57850000e-09  1.67188514e+00 
 1.57950000e-09  1.67396846e+00 
 1.58050000e-09  1.67601949e+00 
 1.58150000e-09  1.67803867e+00 
 1.58250000e-09  1.68002646e+00 
 1.58350000e-09  1.68198328e+00 
 1.58450000e-09  1.68390958e+00 
 1.58550000e-09  1.68580578e+00 
 1.58650000e-09  1.68767231e+00 
 1.58750000e-09  1.68950960e+00 
 1.58850000e-09  1.69131805e+00 
 1.58950000e-09  1.69309808e+00 
 1.59050000e-09  1.69485009e+00 
 1.59150000e-09  1.69657450e+00 
 1.59250000e-09  1.69827169e+00 
 1.59350000e-09  1.69994207e+00 
 1.59450000e-09  1.70158601e+00 
 1.59550000e-09  1.70320392e+00 
 1.59650000e-09  1.70479616e+00 
 1.59750000e-09  1.70636311e+00 
 1.59850000e-09  1.70790515e+00 
 1.59950000e-09  1.70942263e+00 
 1.60050000e-09  1.71091593e+00 
 1.60150000e-09  1.71238541e+00 
 1.60250000e-09  1.71383140e+00 
 1.60350000e-09  1.71525428e+00 
 1.60450000e-09  1.71665437e+00 
 1.60550000e-09  1.71803202e+00 
 1.60650000e-09  1.71938757e+00 
 1.60750000e-09  1.72072135e+00 
 1.60850000e-09  1.72203369e+00 
 1.60950000e-09  1.72332490e+00 
 1.61050000e-09  1.72459532e+00 
 1.61150000e-09  1.72584526e+00 
 1.61250000e-09  1.72707502e+00 
 1.61350000e-09  1.72828492e+00 
 1.61450000e-09  1.72947525e+00 
 1.61550000e-09  1.73064632e+00 
 1.61650000e-09  1.73179843e+00 
 1.61750000e-09  1.73293185e+00 
 1.61850000e-09  1.73404689e+00 
 1.61950000e-09  1.73514382e+00 
 1.62050000e-09  1.73622292e+00 
 1.62150000e-09  1.73728448e+00 
 1.62250000e-09  1.73832875e+00 
 1.62350000e-09  1.73935601e+00 
 1.62450000e-09  1.74036653e+00 
 1.62550000e-09  1.74136056e+00 
 1.62650000e-09  1.74233836e+00 
 1.62750000e-09  1.74330019e+00 
 1.62850000e-09  1.74424629e+00 
 1.62950000e-09  1.74517691e+00 
 1.63050000e-09  1.74609229e+00 
 1.63150000e-09  1.74699268e+00 
 1.63250000e-09  1.74787831e+00 
 1.63350000e-09  1.74874941e+00 
 1.63450000e-09  1.74960621e+00 
 1.63550000e-09  1.75044894e+00 
 1.63650000e-09  1.75127782e+00 
 1.63750000e-09  1.75209307e+00 
 1.63850000e-09  1.75289490e+00 
 1.63950000e-09  1.75368353e+00 
 1.64050000e-09  1.75445917e+00 
 1.64150000e-09  1.75522202e+00 
 1.64250000e-09  1.75597230e+00 
 1.64350000e-09  1.75671019e+00 
 1.64450000e-09  1.75743590e+00 
 1.64550000e-09  1.75814963e+00 
 1.64650000e-09  1.75885156e+00 
 1.64750000e-09  1.75954188e+00 
 1.64850000e-09  1.76022079e+00 
 1.64950000e-09  1.76088845e+00 
 1.65050000e-09  1.76154506e+00 
 1.65150000e-09  1.76219080e+00 
 1.65250000e-09  1.76282583e+00 
 1.65350000e-09  1.76345033e+00 
 1.65450000e-09  1.76406447e+00 
 1.65550000e-09  1.76466842e+00 
 1.65650000e-09  1.76526234e+00 
 1.65750000e-09  1.76584639e+00 
 1.65850000e-09  1.76642074e+00 
 1.65950000e-09  1.76698555e+00 
 1.66050000e-09  1.76754096e+00 
 1.66150000e-09  1.76808712e+00 
 1.66250000e-09  1.76862420e+00 
 1.66350000e-09  1.76915234e+00 
 1.66450000e-09  1.76967168e+00 
 1.66550000e-09  1.77018237e+00 
 1.66650000e-09  1.77068454e+00 
 1.66750000e-09  1.77117834e+00 
 1.66850000e-09  1.77166391e+00 
 1.66950000e-09  1.77214137e+00 
 1.67050000e-09  1.77261086e+00 
 1.67150000e-09  1.77307252e+00 
 1.67250000e-09  1.77352646e+00 
 1.67350000e-09  1.77397282e+00 
 1.67450000e-09  1.77441172e+00 
 1.67550000e-09  1.77484328e+00 
 1.67650000e-09  1.77526763e+00 
 1.67750000e-09  1.77568487e+00 
 1.67850000e-09  1.77609514e+00 
 1.67950000e-09  1.77649854e+00 
 1.68050000e-09  1.77689519e+00 
 1.68150000e-09  1.77728519e+00 
 1.68250000e-09  1.77766866e+00 
 1.68350000e-09  1.77804570e+00 
 1.68450000e-09  1.77841643e+00 
 1.68550000e-09  1.77878094e+00 
 1.68650000e-09  1.77913934e+00 
 1.68750000e-09  1.77949173e+00 
 1.68850000e-09  1.77983820e+00 
 1.68950000e-09  1.78017887e+00 
 1.69050000e-09  1.78051381e+00 
 1.69150000e-09  1.78084313e+00 
 1.69250000e-09  1.78116692e+00 
 1.69350000e-09  1.78148527e+00 
 1.69450000e-09  1.78179828e+00 
 1.69550000e-09  1.78210602e+00 
 1.69650000e-09  1.78240859e+00 
 1.69750000e-09  1.78270608e+00 
 1.69850000e-09  1.78299856e+00 
 1.69950000e-09  1.78328613e+00 
 1.70000000e-09  1.78342809e+00 
 1.70010000e-09  1.78350659e+00 
 1.70030000e-09  1.78363883e+00 
 1.70070000e-09  1.78391563e+00 
 1.70150000e-09  1.78458007e+00 
 1.70250000e-09  1.78559483e+00 
 1.70350000e-09  1.78677461e+00 
 1.70450000e-09  1.78808722e+00 
 1.70550000e-09  1.78951378e+00 
 1.70650000e-09  1.79102791e+00 
 1.70750000e-09  1.79261743e+00 
 1.70850000e-09  1.79426272e+00 
 1.70950000e-09  1.79595720e+00 
 1.71050000e-09  1.79768651e+00 
 1.71150000e-09  1.79944797e+00 
 1.71250000e-09  1.80123110e+00 
 1.71350000e-09  1.80303591e+00 
 1.71450000e-09  1.80485490e+00 
 1.71550000e-09  1.80668801e+00 
 1.71650000e-09  1.80852967e+00 
 1.71750000e-09  1.81038652e+00 
 1.71850000e-09  1.81225592e+00 
 1.71950000e-09  1.81414289e+00 
 1.72050000e-09  1.81604634e+00 
 1.72150000e-09  1.81797175e+00 
 1.72250000e-09  1.81991832e+00 
 1.72350000e-09  1.82189026e+00 
 1.72450000e-09  1.82388519e+00 
 1.72550000e-09  1.82590262e+00 
 1.72650000e-09  1.82793016e+00 
 1.72750000e-09  1.82997232e+00 
 1.72850000e-09  1.83202216e+00 
 1.72950000e-09  1.83407562e+00 
 1.73050000e-09  1.83612318e+00 
 1.73150000e-09  1.83815937e+00 
 1.73250000e-09  1.84017471e+00 
 1.73350000e-09  1.84216417e+00 
 1.73450000e-09  1.84411978e+00 
 1.73550000e-09  1.84603811e+00 
 1.73650000e-09  1.84791359e+00 
 1.73750000e-09  1.84974539e+00 
 1.73850000e-09  1.85153127e+00 
 1.73950000e-09  1.85327362e+00 
 1.74050000e-09  1.85497367e+00 
 1.74150000e-09  1.85663689e+00 
 1.74250000e-09  1.85826764e+00 
 1.74350000e-09  1.85987418e+00 
 1.74450000e-09  1.86146374e+00 
 1.74550000e-09  1.86304700e+00 
 1.74650000e-09  1.86463436e+00 
 1.74750000e-09  1.86624094e+00 
 1.74850000e-09  1.86788304e+00 
 1.74950000e-09  1.86958448e+00 
 1.75000000e-09  1.87046648e+00 
 1.75010000e-09  1.87067520e+00 
 1.75030000e-09  1.87108389e+00 
 1.75070000e-09  1.87189126e+00 
 1.75150000e-09  1.87349418e+00 
 1.75250000e-09  1.87551827e+00 
 1.75350000e-09  1.87767944e+00 
 1.75450000e-09  1.88005233e+00 
 1.75550000e-09  1.88258409e+00 
 1.75650000e-09  1.88529092e+00 
 1.75750000e-09  1.88817318e+00 
 1.75850000e-09  1.89116637e+00 
 1.75950000e-09  1.89414910e+00 
 1.76050000e-09  1.89691263e+00 
 1.76150000e-09  1.89918121e+00 
 1.76250000e-09  1.90060805e+00 
 1.76350000e-09  1.90083750e+00 
 1.76450000e-09  1.89954349e+00 
 1.76550000e-09  1.89648392e+00 
 1.76650000e-09  1.89149232e+00 
 1.76750000e-09  1.88485547e+00 
 1.76850000e-09  1.87637856e+00 
 1.76950000e-09  1.86592637e+00 
 1.77050000e-09  1.85352650e+00 
 1.77150000e-09  1.83919724e+00 
 1.77250000e-09  1.82299989e+00 
 1.77350000e-09  1.80498539e+00 
 1.77450000e-09  1.78523917e+00 
 1.77550000e-09  1.76383011e+00 
 1.77650000e-09  1.74085108e+00 
 1.77750000e-09  1.71642059e+00 
 1.77850000e-09  1.69063641e+00 
 1.77950000e-09  1.66356631e+00 
 1.78050000e-09  1.63529519e+00 
 1.78150000e-09  1.60588258e+00 
 1.78250000e-09  1.57539525e+00 
 1.78350000e-09  1.54387819e+00 
 1.78450000e-09  1.51138573e+00 
 1.78550000e-09  1.47795127e+00 
 1.78650000e-09  1.44361443e+00 
 1.78750000e-09  1.40839525e+00 
 1.78850000e-09  1.37231700e+00 
 1.78950000e-09  1.33538410e+00 
 1.79050000e-09  1.29760238e+00 
 1.79150000e-09  1.25896208e+00 
 1.79250000e-09  1.21945937e+00 
 1.79350000e-09  1.17908889e+00 
 1.79450000e-09  1.13787095e+00 
 1.79550000e-09  1.09584776e+00 
 1.79650000e-09  1.05309135e+00 
 1.79750000e-09  1.00966462e+00 
 1.79850000e-09  9.65609960e-01 
 1.79950000e-09  9.20940970e-01 
 1.80050000e-09  8.75665054e-01 
 1.80150000e-09  8.29720637e-01 
 1.80250000e-09  7.83246519e-01 
 1.80350000e-09  7.36195281e-01 
 1.80450000e-09  6.88610893e-01 
 1.80550000e-09  6.40468607e-01 
 1.80650000e-09  5.91907001e-01 
 1.80750000e-09  5.43137492e-01 
 1.80850000e-09  4.94674930e-01 
 1.80950000e-09  4.47159637e-01 
 1.81050000e-09  4.01414357e-01 
 1.81150000e-09  3.58172011e-01 
 1.81250000e-09  3.18065232e-01 
 1.81350000e-09  2.81387721e-01 
 1.81450000e-09  2.48242818e-01 
 1.81550000e-09  2.18506890e-01 
 1.81650000e-09  1.92021853e-01 
 1.81750000e-09  1.68526441e-01 
 1.81850000e-09  1.47792932e-01 
 1.81950000e-09  1.29536981e-01 
 1.82050000e-09  1.13528807e-01 
 1.82150000e-09  9.95029435e-02 
 1.82250000e-09  8.72567674e-02 
 1.82350000e-09  7.65598454e-02 
 1.82450000e-09  6.72448191e-02 
 1.82550000e-09  5.91202155e-02 
 1.82650000e-09  5.20543969e-02 
 1.82750000e-09  4.58925442e-02 
 1.82850000e-09  4.05349330e-02 
 1.82950000e-09  3.58583944e-02 
 1.83050000e-09  3.17897438e-02 
 1.83150000e-09  2.82317680e-02 
 1.83250000e-09  2.51323590e-02 
 1.83350000e-09  2.24149087e-02 
 1.83450000e-09  2.00435229e-02 
 1.83550000e-09  1.79576178e-02 
 1.83650000e-09  1.61334882e-02 
 1.83750000e-09  1.45228600e-02 
 1.83850000e-09  1.31110304e-02 
 1.83950000e-09  1.18591225e-02 
 1.84050000e-09  1.07589861e-02 
 1.84150000e-09  9.77891087e-03 
 1.84250000e-09  8.91395001e-03 
 1.84350000e-09  8.14012132e-03 
 1.84450000e-09  7.45711361e-03 
 1.84550000e-09  6.84274929e-03 
 1.84650000e-09  6.29898676e-03 
 1.84750000e-09  5.80700368e-03 
 1.84850000e-09  5.37044720e-03 
 1.84950000e-09  4.97313633e-03 
 1.85050000e-09  4.61978692e-03 
 1.85150000e-09  4.29621203e-03 
 1.85250000e-09  4.00786747e-03 
 1.85350000e-09  3.74220797e-03 
 1.85450000e-09  3.50508740e-03 
 1.85550000e-09  3.28527527e-03 
 1.85650000e-09  3.08881830e-03 
 1.85750000e-09  2.90557183e-03 
 1.85850000e-09  2.74163085e-03 
 1.85950000e-09  2.58776201e-03 
 1.86050000e-09  2.45000765e-03 
 1.86150000e-09  2.31991111e-03 
 1.86250000e-09  2.20339258e-03 
 1.86350000e-09  2.09266692e-03 
 1.86450000e-09  1.99348525e-03 
 1.86550000e-09  1.89865063e-03 
 1.86650000e-09  1.81371446e-03 
 1.86750000e-09  1.73200106e-03 
 1.86850000e-09  1.65884317e-03 
 1.86950000e-09  1.58803175e-03 
 1.87050000e-09  1.52467033e-03 
 1.87150000e-09  1.46297129e-03 
 1.87250000e-09  1.40780449e-03 
 1.87350000e-09  1.35376572e-03 
 1.87450000e-09  1.30549092e-03 
 1.87550000e-09  1.25792699e-03 
 1.87650000e-09  1.21547877e-03 
 1.87750000e-09  1.17341634e-03 
 1.87850000e-09  1.13591836e-03 
 1.87950000e-09  1.09855374e-03 
 1.88050000e-09  1.06528132e-03 
 1.88150000e-09  1.03194733e-03 
 1.88250000e-09  1.00229812e-03 
 1.88350000e-09  9.72438052e-04 
 1.88450000e-09  9.45908902e-04 
 1.88550000e-09  9.19055947e-04 
 1.88650000e-09  8.95224612e-04 
 1.88750000e-09  8.70985477e-04 
 1.88850000e-09  8.49496011e-04 
 1.88950000e-09  8.27537864e-04 
 1.89050000e-09  8.08088933e-04 
 1.89150000e-09  7.88128890e-04 
 1.89250000e-09  7.70464355e-04 
 1.89350000e-09  7.52261001e-04 
 1.89450000e-09  7.36162295e-04 
 1.89550000e-09  7.19508795e-04 
 1.89650000e-09  7.04788725e-04 
 1.89750000e-09  6.89507205e-04 
 1.89850000e-09  6.76004884e-04 
 1.89950000e-09  6.61941832e-04 
 1.90050000e-09  6.49518515e-04 
 1.90150000e-09  6.36540988e-04 
 1.90250000e-09  6.25076644e-04 
 1.90350000e-09  6.13069131e-04 
 1.90450000e-09  6.02459596e-04 
 1.90550000e-09  5.91321421e-04 
 1.90650000e-09  5.81476038e-04 
 1.90750000e-09  5.71119185e-04 
 1.90850000e-09  5.61958826e-04 
 1.90950000e-09  5.52306122e-04 
 1.91050000e-09  5.43761536e-04 
 1.91150000e-09  5.34745127e-04 
 1.91250000e-09  5.26755547e-04 
 1.91350000e-09  5.18315610e-04 
 1.91450000e-09  5.10827577e-04 
 1.91550000e-09  5.02911230e-04 
 1.91650000e-09  4.95877600e-04 
 1.91750000e-09  4.88437977e-04 
 1.91850000e-09  4.81817074e-04 
 1.91950000e-09  4.74812539e-04 
 1.92050000e-09  4.68567435e-04 
 1.92150000e-09  4.61960909e-04 
 1.92250000e-09  4.56058809e-04 
 1.92350000e-09  4.49817190e-04 
 1.92450000e-09  4.44228907e-04 
 1.92550000e-09  4.38322578e-04 
 1.92650000e-09  4.33022074e-04 
 1.92750000e-09  4.27424479e-04 
 1.92850000e-09  4.22388477e-04 
 1.92950000e-09  4.17075748e-04 
 1.93050000e-09  4.12283399e-04 
 1.93150000e-09  4.07234038e-04 
 1.93250000e-09  4.02666624e-04 
 1.93350000e-09  3.97861230e-04 
 1.93450000e-09  3.93501913e-04 
 1.93550000e-09  3.88922938e-04 
 1.93650000e-09  3.84756541e-04 
 1.93750000e-09  3.80388081e-04 
 1.93850000e-09  3.76400897e-04 
 1.93950000e-09  3.72228510e-04 
 1.94050000e-09  3.68408131e-04 
 1.94150000e-09  3.64418678e-04 
 1.94250000e-09  3.60753854e-04 
 1.94350000e-09  3.56935353e-04 
 1.94450000e-09  3.53415863e-04 
 1.94550000e-09  3.49757374e-04 
 1.94650000e-09  3.46373911e-04 
 1.94750000e-09  3.42865421e-04 
 1.94850000e-09  3.39609498e-04 
 1.94950000e-09  3.36241827e-04 
 1.95000000e-09  3.34705166e-04 
 1.95010000e-09  3.34350227e-04 
 1.95030000e-09  3.33700800e-04 
 1.95070000e-09  3.32433217e-04 
 1.95150000e-09  3.29905462e-04 
 1.95250000e-09  3.26814381e-04 
 1.95350000e-09  3.23767775e-04 
 1.95450000e-09  3.20789858e-04 
 1.95550000e-09  3.17853953e-04 
 1.95650000e-09  3.14982797e-04 
 1.95750000e-09  3.12151400e-04 
 1.95850000e-09  3.09381099e-04 
 1.95950000e-09  3.06648491e-04 
 1.96050000e-09  3.03973590e-04 
 1.96150000e-09  3.01334483e-04 
 1.96250000e-09  2.98749931e-04 
 1.96350000e-09  2.96199427e-04 
 1.96450000e-09  2.93700544e-04 
 1.96550000e-09  2.91234098e-04 
 1.96650000e-09  2.88816538e-04 
 1.96750000e-09  2.86429928e-04 
 1.96850000e-09  2.84089650e-04 
 1.96950000e-09  2.81778945e-04 
 1.97050000e-09  2.79512187e-04 
 1.97150000e-09  2.77273723e-04 
 1.97250000e-09  2.75076976e-04 
 1.97350000e-09  2.72907333e-04 
 1.97450000e-09  2.70777320e-04 
 1.97550000e-09  2.68673302e-04 
 1.97650000e-09  2.66606956e-04 
 1.97750000e-09  2.64565572e-04 
 1.97850000e-09  2.62560024e-04 
 1.97950000e-09  2.60578470e-04 
 1.98050000e-09  2.58631028e-04 
 1.98150000e-09  2.56706672e-04 
 1.98250000e-09  2.54814807e-04 
 1.98350000e-09  2.52945176e-04 
 1.98450000e-09  2.51106512e-04 
 1.98550000e-09  2.49289280e-04 
 1.98650000e-09  2.47501580e-04 
 1.98750000e-09  2.45734557e-04 
 1.98850000e-09  2.43995713e-04 
 1.98950000e-09  2.42276834e-04 
 1.99050000e-09  2.40584859e-04 
 1.99150000e-09  2.38912173e-04 
 1.99250000e-09  2.37265189e-04 
 1.99350000e-09  2.35636856e-04 
 1.99450000e-09  2.34033090e-04 
 1.99550000e-09  2.32447367e-04 
 1.99650000e-09  2.30885138e-04 
 1.99750000e-09  2.29340377e-04 
 1.99850000e-09  2.27818094e-04 
 1.99950000e-09  2.26312731e-04 
 2.00000000e-09  2.25569022e-04 
