 0.00000000e+00  3.71244029e-02 
 1.00000000e-14  3.71244030e-02 
 2.00000000e-14  3.71244031e-02 
 4.00000000e-14  3.71244033e-02 
 8.00000000e-14  3.71244036e-02 
 1.60000000e-13  3.71244042e-02 
 3.20000000e-13  3.71244054e-02 
 6.40000000e-13  3.71244076e-02 
 1.28000000e-12  3.71244115e-02 
 2.28000000e-12  3.71244166e-02 
 3.28000000e-12  3.71244206e-02 
 4.28000000e-12  3.71244237e-02 
 5.28000000e-12  3.71244262e-02 
 6.28000000e-12  3.71244282e-02 
 7.28000000e-12  3.71244298e-02 
 8.28000000e-12  3.71244311e-02 
 9.28000000e-12  3.71244321e-02 
 1.02800000e-11  3.71244329e-02 
 1.12800000e-11  3.71244335e-02 
 1.22800000e-11  3.71244340e-02 
 1.32800000e-11  3.71244345e-02 
 1.42800000e-11  3.71244348e-02 
 1.52800000e-11  3.71244351e-02 
 1.62800000e-11  3.71244353e-02 
 1.72800000e-11  3.71244355e-02 
 1.82800000e-11  3.71244356e-02 
 1.92800000e-11  3.71244358e-02 
 2.02800000e-11  3.71244359e-02 
 2.12800000e-11  3.71244360e-02 
 2.22800000e-11  3.71244360e-02 
 2.32800000e-11  3.71244361e-02 
 2.42800000e-11  3.71244361e-02 
 2.52800000e-11  3.71244362e-02 
 2.62800000e-11  3.71244362e-02 
 2.72800000e-11  3.71244363e-02 
 2.82800000e-11  3.71244363e-02 
 2.92800000e-11  3.71244363e-02 
 3.02800000e-11  3.71244363e-02 
 3.12800000e-11  3.71244363e-02 
 3.22800000e-11  3.71244364e-02 
 3.32800000e-11  3.71244364e-02 
 3.42800000e-11  3.71244364e-02 
 3.52800000e-11  3.71244364e-02 
 3.62800000e-11  3.71244364e-02 
 3.72800000e-11  3.71244364e-02 
 3.82800000e-11  3.71244364e-02 
 3.92800000e-11  3.71244364e-02 
 4.02800000e-11  3.71244364e-02 
 4.12800000e-11  3.71244364e-02 
 4.22800000e-11  3.71244365e-02 
 4.32800000e-11  3.71244365e-02 
 4.42800000e-11  3.71244365e-02 
 4.52800000e-11  3.71244365e-02 
 4.62800000e-11  3.71244365e-02 
 4.72800000e-11  3.71244365e-02 
 4.82800000e-11  3.71244365e-02 
 4.92800000e-11  3.71244365e-02 
 5.00000000e-11  3.71244365e-02 
 5.01000000e-11  3.71244365e-02 
 5.03000000e-11  3.71244365e-02 
 5.07000000e-11  3.71244365e-02 
 5.15000000e-11  3.71244365e-02 
 5.25000000e-11  3.71244365e-02 
 5.35000000e-11  3.71244365e-02 
 5.45000000e-11  3.71244365e-02 
 5.55000000e-11  3.71244365e-02 
 5.65000000e-11  3.71244365e-02 
 5.75000000e-11  3.71244365e-02 
 5.85000000e-11  3.71244365e-02 
 5.95000000e-11  3.71244365e-02 
 6.05000000e-11  3.71244365e-02 
 6.15000000e-11  3.71244365e-02 
 6.25000000e-11  3.71244365e-02 
 6.35000000e-11  3.71244365e-02 
 6.45000000e-11  3.71244365e-02 
 6.55000000e-11  3.71244365e-02 
 6.65000000e-11  3.71244365e-02 
 6.75000000e-11  3.71244365e-02 
 6.85000000e-11  3.71244365e-02 
 6.95000000e-11  3.71244365e-02 
 7.05000000e-11  3.71244365e-02 
 7.15000000e-11  3.71244365e-02 
 7.25000000e-11  3.71244365e-02 
 7.35000000e-11  3.71244365e-02 
 7.45000000e-11  3.71244365e-02 
 7.55000000e-11  3.71244365e-02 
 7.65000000e-11  3.71244365e-02 
 7.75000000e-11  3.71244365e-02 
 7.85000000e-11  3.71244365e-02 
 7.95000000e-11  3.71244365e-02 
 8.05000000e-11  3.71244365e-02 
 8.15000000e-11  3.71244365e-02 
 8.25000000e-11  3.71244365e-02 
 8.35000000e-11  3.71244365e-02 
 8.45000000e-11  3.71244365e-02 
 8.55000000e-11  3.71244365e-02 
 8.65000000e-11  3.71244365e-02 
 8.75000000e-11  3.71244365e-02 
 8.85000000e-11  3.71244365e-02 
 8.95000000e-11  3.71244365e-02 
 9.05000000e-11  3.71244365e-02 
 9.15000000e-11  3.71244365e-02 
 9.25000000e-11  3.71244365e-02 
 9.35000000e-11  3.71244365e-02 
 9.45000000e-11  3.71244365e-02 
 9.55000000e-11  3.71244365e-02 
 9.65000000e-11  3.71244365e-02 
 9.75000000e-11  3.71244365e-02 
 9.85000000e-11  3.71244365e-02 
 9.95000000e-11  3.71244365e-02 
 1.00500000e-10  3.71244365e-02 
 1.01500000e-10  3.71244365e-02 
 1.02500000e-10  3.71244365e-02 
 1.03500000e-10  3.71244365e-02 
 1.04500000e-10  3.71244365e-02 
 1.05500000e-10  3.71244365e-02 
 1.06500000e-10  3.71244365e-02 
 1.07500000e-10  3.71244365e-02 
 1.08500000e-10  3.71244365e-02 
 1.09500000e-10  3.71244365e-02 
 1.10500000e-10  3.71244365e-02 
 1.11500000e-10  3.71244365e-02 
 1.12500000e-10  3.71244365e-02 
 1.13500000e-10  3.71244365e-02 
 1.14500000e-10  3.71244365e-02 
 1.15500000e-10  3.71244365e-02 
 1.16500000e-10  3.71244365e-02 
 1.17500000e-10  3.71244365e-02 
 1.18500000e-10  3.71244365e-02 
 1.19500000e-10  3.71244365e-02 
 1.20500000e-10  3.71244365e-02 
 1.21500000e-10  3.71244365e-02 
 1.22500000e-10  3.71244365e-02 
 1.23500000e-10  3.71244365e-02 
 1.24500000e-10  3.71244365e-02 
 1.25500000e-10  3.71244365e-02 
 1.26500000e-10  3.71244365e-02 
 1.27500000e-10  3.71244365e-02 
 1.28500000e-10  3.71244365e-02 
 1.29500000e-10  3.71244365e-02 
 1.30500000e-10  3.71244365e-02 
 1.31500000e-10  3.71244365e-02 
 1.32500000e-10  3.71244365e-02 
 1.33500000e-10  3.71244365e-02 
 1.34500000e-10  3.71244365e-02 
 1.35500000e-10  3.71244365e-02 
 1.36500000e-10  3.71244365e-02 
 1.37500000e-10  3.71244365e-02 
 1.38500000e-10  3.71244365e-02 
 1.39500000e-10  3.71244365e-02 
 1.40500000e-10  3.71244365e-02 
 1.41500000e-10  3.71244365e-02 
 1.42500000e-10  3.71244365e-02 
 1.43500000e-10  3.71244365e-02 
 1.44500000e-10  3.71244365e-02 
 1.45500000e-10  3.71244365e-02 
 1.46500000e-10  3.71244365e-02 
 1.47500000e-10  3.71244365e-02 
 1.48500000e-10  3.71244365e-02 
 1.49500000e-10  3.71244365e-02 
 1.50500000e-10  3.71244365e-02 
 1.51500000e-10  3.71244365e-02 
 1.52500000e-10  3.71244365e-02 
 1.53500000e-10  3.71244365e-02 
 1.54500000e-10  3.71244365e-02 
 1.55500000e-10  3.71244365e-02 
 1.56500000e-10  3.71244365e-02 
 1.57500000e-10  3.71244365e-02 
 1.58500000e-10  3.71244365e-02 
 1.59500000e-10  3.71244365e-02 
 1.60500000e-10  3.71244365e-02 
 1.61500000e-10  3.71244365e-02 
 1.62500000e-10  3.71244365e-02 
 1.63500000e-10  3.71244365e-02 
 1.64500000e-10  3.71244365e-02 
 1.65500000e-10  3.71244365e-02 
 1.66500000e-10  3.71244365e-02 
 1.67500000e-10  3.71244365e-02 
 1.68500000e-10  3.71244365e-02 
 1.69500000e-10  3.71244365e-02 
 1.70500000e-10  3.71244365e-02 
 1.71500000e-10  3.71244365e-02 
 1.72500000e-10  3.71244365e-02 
 1.73500000e-10  3.71244365e-02 
 1.74500000e-10  3.71244365e-02 
 1.75500000e-10  3.71244365e-02 
 1.76500000e-10  3.71244365e-02 
 1.77500000e-10  3.71244365e-02 
 1.78500000e-10  3.71244365e-02 
 1.79500000e-10  3.71244365e-02 
 1.80500000e-10  3.71244365e-02 
 1.81500000e-10  3.71244365e-02 
 1.82500000e-10  3.71244365e-02 
 1.83500000e-10  3.71244365e-02 
 1.84500000e-10  3.71244365e-02 
 1.85500000e-10  3.71244365e-02 
 1.86500000e-10  3.71244365e-02 
 1.87500000e-10  3.71244365e-02 
 1.88500000e-10  3.71244365e-02 
 1.89500000e-10  3.71244365e-02 
 1.90500000e-10  3.71244365e-02 
 1.91500000e-10  3.71244365e-02 
 1.92500000e-10  3.71244365e-02 
 1.93500000e-10  3.71244365e-02 
 1.94500000e-10  3.71244365e-02 
 1.95500000e-10  3.71244365e-02 
 1.96500000e-10  3.71244365e-02 
 1.97500000e-10  3.71244365e-02 
 1.98500000e-10  3.71244365e-02 
 1.99500000e-10  3.71244365e-02 
 2.00000000e-10  3.71244365e-02 
 2.00100000e-10  3.72686669e-02 
 2.00300000e-10  3.75114155e-02 
 2.00700000e-10  3.79396756e-02 
 2.01500000e-10  3.86352161e-02 
 2.02500000e-10  3.92380975e-02 
 2.03500000e-10  3.96213382e-02 
 2.04500000e-10  3.98343039e-02 
 2.05500000e-10  3.99301715e-02 
 2.06500000e-10  3.99349547e-02 
 2.07500000e-10  3.98824996e-02 
 2.08500000e-10  3.97849684e-02 
 2.09500000e-10  3.96644961e-02 
 2.10500000e-10  3.95251441e-02 
 2.11500000e-10  3.93815340e-02 
 2.12500000e-10  3.92331281e-02 
 2.13500000e-10  3.90903961e-02 
 2.14500000e-10  3.89504954e-02 
 2.15500000e-10  3.88207365e-02 
 2.16500000e-10  3.86965375e-02 
 2.17500000e-10  3.85838072e-02 
 2.18500000e-10  3.84772814e-02 
 2.19500000e-10  3.83815902e-02 
 2.20500000e-10  3.82910358e-02 
 2.21500000e-10  3.82092876e-02 
 2.22500000e-10  3.81304168e-02 
 2.23500000e-10  3.80573848e-02 
 2.24500000e-10  3.79843023e-02 
 2.25500000e-10  3.79138979e-02 
 2.26500000e-10  3.78409693e-02 
 2.27500000e-10  3.77688644e-02 
 2.28500000e-10  3.76937241e-02 
 2.29500000e-10  3.76194812e-02 
 2.30500000e-10  3.75423267e-02 
 2.31500000e-10  3.74647674e-02 
 2.32500000e-10  3.73820560e-02 
 2.33500000e-10  3.72972735e-02 
 2.34500000e-10  3.72105509e-02 
 2.35500000e-10  3.71344038e-02 
 2.36500000e-10  3.70824725e-02 
 2.37500000e-10  3.70768753e-02 
 2.38500000e-10  3.71181246e-02 
 2.39500000e-10  3.71717116e-02 
 2.40500000e-10  3.71503036e-02 
 2.41500000e-10  3.69571433e-02 
 2.42500000e-10  3.65211624e-02 
 2.43500000e-10  3.58339861e-02 
 2.44500000e-10  3.49361731e-02 
 2.45500000e-10  3.39034528e-02 
 2.46500000e-10  3.28104038e-02 
 2.47500000e-10  3.17254558e-02 
 2.48500000e-10  3.06967401e-02 
 2.49500000e-10  2.97589906e-02 
 2.50000000e-10  2.93289283e-02 
 2.50100000e-10  2.92335513e-02 
 2.50300000e-10  2.90542887e-02 
 2.50700000e-10  2.87025620e-02 
 2.51500000e-10  2.80101832e-02 
 2.52500000e-10  2.72170142e-02 
 2.53500000e-10  2.65283448e-02 
 2.54500000e-10  2.59638884e-02 
 2.55500000e-10  2.55169396e-02 
 2.56500000e-10  2.51847943e-02 
 2.57500000e-10  2.49490407e-02 
 2.58500000e-10  2.48016361e-02 
 2.59500000e-10  2.47244477e-02 
 2.60500000e-10  2.47210818e-02 
 2.61500000e-10  2.47639596e-02 
 2.62500000e-10  2.48544940e-02 
 2.63500000e-10  2.49828571e-02 
 2.64500000e-10  2.51483299e-02 
 2.65500000e-10  2.53427087e-02 
 2.66500000e-10  2.55665744e-02 
 2.67500000e-10  2.58136750e-02 
 2.68500000e-10  2.60856058e-02 
 2.69500000e-10  2.63775986e-02 
 2.70500000e-10  2.66919842e-02 
 2.71500000e-10  2.70248634e-02 
 2.72500000e-10  2.73788336e-02 
 2.73500000e-10  2.77510821e-02 
 2.74500000e-10  2.81448984e-02 
 2.75500000e-10  2.85575851e-02 
 2.76500000e-10  2.89918723e-02 
 2.77500000e-10  2.94461331e-02 
 2.78500000e-10  2.99234064e-02 
 2.79500000e-10  3.04225093e-02 
 2.80500000e-10  3.09465387e-02 
 2.81500000e-10  3.14947428e-02 
 2.82500000e-10  3.20703095e-02 
 2.83500000e-10  3.26729231e-02 
 2.84500000e-10  3.33059096e-02 
 2.85500000e-10  3.39694139e-02 
 2.86500000e-10  3.46669626e-02 
 2.87500000e-10  3.53992049e-02 
 2.88500000e-10  3.61699488e-02 
 2.89500000e-10  3.69804133e-02 
 2.90500000e-10  3.78347868e-02 
 2.91500000e-10  3.87349456e-02 
 2.92500000e-10  3.96855753e-02 
 2.93500000e-10  4.06893095e-02 
 2.94500000e-10  4.17514486e-02 
 2.95500000e-10  4.28754686e-02 
 2.96500000e-10  4.40673495e-02 
 2.97500000e-10  4.53313827e-02 
 2.98500000e-10  4.66740790e-02 
 2.99500000e-10  4.81001312e-02 
 3.00500000e-10  4.96157704e-02 
 3.01500000e-10  5.12246979e-02 
 3.02500000e-10  5.29310099e-02 
 3.03500000e-10  5.47357926e-02 
 3.04500000e-10  5.66409968e-02 
 3.05500000e-10  5.86477289e-02 
 3.06500000e-10  6.07605972e-02 
 3.07500000e-10  6.29856147e-02 
 3.08500000e-10  6.53329998e-02 
 3.09500000e-10  6.78140863e-02 
 3.10500000e-10  7.04433284e-02 
 3.11500000e-10  7.32351942e-02 
 3.12500000e-10  7.62059108e-02 
 3.13500000e-10  7.93702510e-02 
 3.14500000e-10  8.27425361e-02 
 3.15500000e-10  8.63325717e-02 
 3.16500000e-10  9.01453164e-02 
 3.17500000e-10  9.41761857e-02 
 3.18500000e-10  9.84114095e-02 
 3.19500000e-10  1.02826530e-01 
 3.20500000e-10  1.07391158e-01 
 3.21500000e-10  1.12071218e-01 
 3.22500000e-10  1.16834590e-01 
 3.23500000e-10  1.21651925e-01 
 3.24500000e-10  1.26499622e-01 
 3.25500000e-10  1.31358363e-01 
 3.26500000e-10  1.36214315e-01 
 3.27500000e-10  1.41056777e-01 
 3.28500000e-10  1.45878878e-01 
 3.29500000e-10  1.50675253e-01 
 3.30500000e-10  1.55442787e-01 
 3.31500000e-10  1.60178604e-01 
 3.32500000e-10  1.64881002e-01 
 3.33500000e-10  1.69547814e-01 
 3.34500000e-10  1.74177600e-01 
 3.35500000e-10  1.78768397e-01 
 3.36500000e-10  1.83319154e-01 
 3.37500000e-10  1.87828780e-01 
 3.38500000e-10  1.92297673e-01 
 3.39500000e-10  1.96726894e-01 
 3.40500000e-10  2.01119543e-01 
 3.41500000e-10  2.05479597e-01 
 3.42500000e-10  2.09813117e-01 
 3.43500000e-10  2.14124209e-01 
 3.44500000e-10  2.18415945e-01 
 3.45500000e-10  2.22690007e-01 
 3.46500000e-10  2.26945735e-01 
 3.47500000e-10  2.31181478e-01 
 3.48500000e-10  2.35394596e-01 
 3.49500000e-10  2.39582578e-01 
 3.50500000e-10  2.43742693e-01 
 3.51500000e-10  2.47872666e-01 
 3.52500000e-10  2.51970163e-01 
 3.53500000e-10  2.56033292e-01 
 3.54500000e-10  2.60060103e-01 
 3.55500000e-10  2.64049026e-01 
 3.56500000e-10  2.67998423e-01 
 3.57500000e-10  2.71906987e-01 
 3.58500000e-10  2.75773343e-01 
 3.59500000e-10  2.79596409e-01 
 3.60500000e-10  2.83375044e-01 
 3.61500000e-10  2.87108368e-01 
 3.62500000e-10  2.90795447e-01 
 3.63500000e-10  2.94435579e-01 
 3.64500000e-10  2.98028013e-01 
 3.65500000e-10  3.01572198e-01 
 3.66500000e-10  3.05067534e-01 
 3.67500000e-10  3.08513595e-01 
 3.68500000e-10  3.11909900e-01 
 3.69500000e-10  3.15256115e-01 
 3.70500000e-10  3.18551849e-01 
 3.71500000e-10  3.21796825e-01 
 3.72500000e-10  3.24990710e-01 
 3.73500000e-10  3.28133257e-01 
 3.74500000e-10  3.31224154e-01 
 3.75500000e-10  3.34263153e-01 
 3.76500000e-10  3.37249937e-01 
 3.77500000e-10  3.40184225e-01 
 3.78500000e-10  3.43065662e-01 
 3.79500000e-10  3.45893906e-01 
 3.80500000e-10  3.48668533e-01 
 3.81500000e-10  3.51389111e-01 
 3.82500000e-10  3.54055117e-01 
 3.83500000e-10  3.56665995e-01 
 3.84500000e-10  3.59221092e-01 
 3.85500000e-10  3.61719699e-01 
 3.86500000e-10  3.64160998e-01 
 3.87500000e-10  3.66544093e-01 
 3.88500000e-10  3.68867973e-01 
 3.89500000e-10  3.71131522e-01 
 3.90500000e-10  3.73333500e-01 
 3.91500000e-10  3.75472544e-01 
 3.92500000e-10  3.77547157e-01 
 3.93500000e-10  3.79555700e-01 
 3.94500000e-10  3.81496396e-01 
 3.95500000e-10  3.83367308e-01 
 3.96500000e-10  3.85166362e-01 
 3.97500000e-10  3.86891312e-01 
 3.98500000e-10  3.88539778e-01 
 3.99500000e-10  3.90109204e-01 
 4.00500000e-10  3.91596905e-01 
 4.01500000e-10  3.93000024e-01 
 4.02500000e-10  3.94315590e-01 
 4.03500000e-10  3.95540464e-01 
 4.04500000e-10  3.96671414e-01 
 4.05500000e-10  3.97705054e-01 
 4.06500000e-10  3.98637928e-01 
 4.07500000e-10  3.99466445e-01 
 4.08500000e-10  4.00186968e-01 
 4.09500000e-10  4.00795747e-01 
 4.10500000e-10  4.01289017e-01 
 4.11500000e-10  4.01662919e-01 
 4.12500000e-10  4.01913606e-01 
 4.13500000e-10  4.02037162e-01 
 4.14500000e-10  4.02029708e-01 
 4.15500000e-10  4.01887314e-01 
 4.16500000e-10  4.01606111e-01 
 4.17500000e-10  4.01182195e-01 
 4.18500000e-10  4.00611743e-01 
 4.19500000e-10  3.99890909e-01 
 4.20500000e-10  3.99015944e-01 
 4.21500000e-10  3.97983082e-01 
 4.22500000e-10  3.96788667e-01 
 4.23500000e-10  3.95429033e-01 
 4.24500000e-10  3.93900628e-01 
 4.25500000e-10  3.92199465e-01 
 4.26500000e-10  3.90322406e-01 
 4.27500000e-10  3.88266166e-01 
 4.28500000e-10  3.86027440e-01 
 4.29500000e-10  3.83602877e-01 
 4.30500000e-10  3.80989277e-01 
 4.31500000e-10  3.78183404e-01 
 4.32500000e-10  3.75182176e-01 
 4.33500000e-10  3.71982477e-01 
 4.34500000e-10  3.68581352e-01 
 4.35500000e-10  3.64975825e-01 
 4.36500000e-10  3.61163089e-01 
 4.37500000e-10  3.57140336e-01 
 4.38500000e-10  3.52904948e-01 
 4.39500000e-10  3.48454338e-01 
 4.40500000e-10  3.43791614e-01 
 4.41500000e-10  3.38909296e-01 
 4.42500000e-10  3.33804587e-01 
 4.43500000e-10  3.28475580e-01 
 4.44500000e-10  3.22921160e-01 
 4.45500000e-10  3.17140142e-01 
 4.46500000e-10  3.11132265e-01 
 4.47500000e-10  3.04897472e-01 
 4.48500000e-10  2.98436873e-01 
 4.49500000e-10  2.91752171e-01 
 4.50000000e-10  2.88326746e-01 
 4.50100000e-10  2.87633909e-01 
 4.50300000e-10  2.86243981e-01 
 4.50700000e-10  2.83438091e-01 
 4.51500000e-10  2.77723408e-01 
 4.52500000e-10  2.70391749e-01 
 4.53500000e-10  2.62859007e-01 
 4.54500000e-10  2.55136688e-01 
 4.55500000e-10  2.47239452e-01 
 4.56500000e-10  2.39185604e-01 
 4.57500000e-10  2.30997296e-01 
 4.58500000e-10  2.22700623e-01 
 4.59500000e-10  2.14325222e-01 
 4.60500000e-10  2.05903603e-01 
 4.61500000e-10  1.97469987e-01 
 4.62500000e-10  1.89059197e-01 
 4.63500000e-10  1.80705361e-01 
 4.64500000e-10  1.72441030e-01 
 4.65500000e-10  1.64296493e-01 
 4.66500000e-10  1.56299510e-01 
 4.67500000e-10  1.48475147e-01 
 4.68500000e-10  1.40845835e-01 
 4.69500000e-10  1.33431383e-01 
 4.70500000e-10  1.26249090e-01 
 4.71500000e-10  1.19313750e-01 
 4.72500000e-10  1.12637738e-01 
 4.73500000e-10  1.06231000e-01 
 4.74500000e-10  1.00101137e-01 
 4.75500000e-10  9.42534050e-02 
 4.76500000e-10  8.86908329e-02 
 4.77500000e-10  8.34142668e-02 
 4.78500000e-10  7.84225316e-02 
 4.79500000e-10  7.37125234e-02 
 4.80500000e-10  6.92794142e-02 
 4.81500000e-10  6.51167858e-02 
 4.82500000e-10  6.12169233e-02 
 4.83500000e-10  5.75709730e-02 
 4.84500000e-10  5.41691228e-02 
 4.85500000e-10  5.10008013e-02 
 4.86500000e-10  4.80549130e-02 
 4.87500000e-10  4.53208024e-02 
 4.88500000e-10  4.27860384e-02 
 4.89500000e-10  4.04375648e-02 
 4.90500000e-10  3.82652054e-02 
 4.91500000e-10  3.62564507e-02 
 4.92500000e-10  3.44014363e-02 
 4.93500000e-10  3.26883070e-02 
 4.94500000e-10  3.11078414e-02 
 4.95500000e-10  2.96490882e-02 
 4.96500000e-10  2.83036716e-02 
 4.97500000e-10  2.70616802e-02 
 4.98500000e-10  2.59156844e-02 
 4.99500000e-10  2.48568614e-02 
 5.00000000e-10  2.43585194e-02 
 5.00100000e-10  2.42613982e-02 
 5.00300000e-10  2.40689102e-02 
 5.00700000e-10  2.36928244e-02 
 5.01500000e-10  2.29746006e-02 
 5.02500000e-10  2.21366061e-02 
 5.03500000e-10  2.13597471e-02 
 5.04500000e-10  2.06385985e-02 
 5.05500000e-10  1.99681384e-02 
 5.06500000e-10  1.93437851e-02 
 5.07500000e-10  1.87613162e-02 
 5.08500000e-10  1.82169002e-02 
 5.09500000e-10  1.77070184e-02 
 5.10500000e-10  1.72284939e-02 
 5.11500000e-10  1.67784167e-02 
 5.12500000e-10  1.63541721e-02 
 5.13500000e-10  1.59533699e-02 
 5.14500000e-10  1.55738719e-02 
 5.15500000e-10  1.52137263e-02 
 5.16500000e-10  1.48711944e-02 
 5.17500000e-10  1.45446898e-02 
 5.18500000e-10  1.42328059e-02 
 5.19500000e-10  1.39342584e-02 
 5.20500000e-10  1.36479136e-02 
 5.21500000e-10  1.33727352e-02 
 5.22500000e-10  1.31078123e-02 
 5.23500000e-10  1.28523103e-02 
 5.24500000e-10  1.26054991e-02 
 5.25500000e-10  1.23667073e-02 
 5.26500000e-10  1.21353505e-02 
 5.27500000e-10  1.19108883e-02 
 5.28500000e-10  1.16928531e-02 
 5.29500000e-10  1.14808096e-02 
 5.30500000e-10  1.12743831e-02 
 5.31500000e-10  1.10732221e-02 
 5.32500000e-10  1.08770258e-02 
 5.33500000e-10  1.06855086e-02 
 5.34500000e-10  1.04984286e-02 
 5.35500000e-10  1.03155529e-02 
 5.36500000e-10  1.01366854e-02 
 5.37500000e-10  9.96163493e-03 
 5.38500000e-10  9.79024161e-03 
 5.39500000e-10  9.62234682e-03 
 5.40500000e-10  9.45781937e-03 
 5.41500000e-10  9.29652638e-03 
 5.42500000e-10  9.13835905e-03 
 5.43500000e-10  8.98320485e-03 
 5.44500000e-10  8.83097257e-03 
 5.45500000e-10  8.68156572e-03 
 5.46500000e-10  8.53490695e-03 
 5.47500000e-10  8.39091248e-03 
 5.48500000e-10  8.24951586e-03 
 5.49500000e-10  8.11064342e-03 
 5.50000000e-10  8.04213827e-03 
 5.50100000e-10  8.02852067e-03 
 5.50300000e-10  8.00133807e-03 
 5.50700000e-10  7.94725964e-03 
 5.51500000e-10  7.84024783e-03 
 5.52500000e-10  7.70858937e-03 
 5.53500000e-10  7.57922576e-03 
 5.54500000e-10  7.45210367e-03 
 5.55500000e-10  7.32717697e-03 
 5.56500000e-10  7.20439711e-03 
 5.57500000e-10  7.08372193e-03 
 5.58500000e-10  6.96510684e-03 
 5.59500000e-10  6.84851295e-03 
 5.60500000e-10  6.73389896e-03 
 5.61500000e-10  6.62122870e-03 
 5.62500000e-10  6.51046364e-03 
 5.63500000e-10  6.40156990e-03 
 5.64500000e-10  6.29451130e-03 
 5.65500000e-10  6.18925594e-03 
 5.66500000e-10  6.08576965e-03 
 5.67500000e-10  5.98402220e-03 
 5.68500000e-10  5.88398080e-03 
 5.69500000e-10  5.78561475e-03 
 5.70500000e-10  5.68889661e-03 
 5.71500000e-10  5.59379855e-03 
 5.72500000e-10  5.50029134e-03 
 5.73500000e-10  5.40834838e-03 
 5.74500000e-10  5.31794171e-03 
 5.75500000e-10  5.22904589e-03 
 5.76500000e-10  5.14163412e-03 
 5.77500000e-10  5.05568202e-03 
 5.78500000e-10  4.97116389e-03 
 5.79500000e-10  4.88805629e-03 
 5.80500000e-10  4.80633455e-03 
 5.81500000e-10  4.72597609e-03 
 5.82500000e-10  4.64695718e-03 
 5.83500000e-10  4.56925609e-03 
 5.84500000e-10  4.49284998e-03 
 5.85500000e-10  4.41771787e-03 
 5.86500000e-10  4.34383777e-03 
 5.87500000e-10  4.27118945e-03 
 5.88500000e-10  4.19975167e-03 
 5.89500000e-10  4.12950491e-03 
 5.90500000e-10  4.06042871e-03 
 5.91500000e-10  3.99250418e-03 
 5.92500000e-10  3.92571158e-03 
 5.93500000e-10  3.86003266e-03 
 5.94500000e-10  3.79544837e-03 
 5.95500000e-10  3.73194106e-03 
 5.96500000e-10  3.66949234e-03 
 5.97500000e-10  3.60808514e-03 
 5.98500000e-10  3.54770169e-03 
 5.99500000e-10  3.48832549e-03 
 6.00500000e-10  3.42993938e-03 
 6.01500000e-10  3.37252738e-03 
 6.02500000e-10  3.31607291e-03 
 6.03500000e-10  3.26056054e-03 
 6.04500000e-10  3.20597422e-03 
 6.05500000e-10  3.15229902e-03 
 6.06500000e-10  3.09951945e-03 
 6.07500000e-10  3.04762104e-03 
 6.08500000e-10  2.99658883e-03 
 6.09500000e-10  2.94640882e-03 
 6.10500000e-10  2.89706654e-03 
 6.11500000e-10  2.84854843e-03 
 6.12500000e-10  2.80084053e-03 
 6.13500000e-10  2.75392971e-03 
 6.14500000e-10  2.70780245e-03 
 6.15500000e-10  2.66244606e-03 
 6.16500000e-10  2.61784748e-03 
 6.17500000e-10  2.57399441e-03 
 6.18500000e-10  2.53087422e-03 
 6.19500000e-10  2.48847502e-03 
 6.20500000e-10  2.44678459e-03 
 6.21500000e-10  2.40579142e-03 
 6.22500000e-10  2.36548370e-03 
 6.23500000e-10  2.32585029e-03 
 6.24500000e-10  2.28687976e-03 
 6.25500000e-10  2.24856133e-03 
 6.26500000e-10  2.21088396e-03 
 6.27500000e-10  2.17383721e-03 
 6.28500000e-10  2.13741040e-03 
 6.29500000e-10  2.10159342e-03 
 6.30500000e-10  2.06637596e-03 
 6.31500000e-10  2.03174822e-03 
 6.32500000e-10  1.99770024e-03 
 6.33500000e-10  1.96422253e-03 
 6.34500000e-10  1.93130546e-03 
 6.35500000e-10  1.89893985e-03 
 6.36500000e-10  1.86711636e-03 
 6.37500000e-10  1.83582615e-03 
 6.38500000e-10  1.80506016e-03 
 6.39500000e-10  1.77480984e-03 
 6.40500000e-10  1.74506643e-03 
 6.41500000e-10  1.71582165e-03 
 6.42500000e-10  1.68706705e-03 
 6.43500000e-10  1.65879459e-03 
 6.44500000e-10  1.63099611e-03 
 6.45500000e-10  1.60366383e-03 
 6.46500000e-10  1.57678985e-03 
 6.47500000e-10  1.55036667e-03 
 6.48500000e-10  1.52438663e-03 
 6.49500000e-10  1.49884246e-03 
 6.50500000e-10  1.47372677e-03 
 6.51500000e-10  1.44903252e-03 
 6.52500000e-10  1.42475258e-03 
 6.53500000e-10  1.40088012e-03 
 6.54500000e-10  1.37740824e-03 
 6.55500000e-10  1.35433035e-03 
 6.56500000e-10  1.33163977e-03 
 6.57500000e-10  1.30933012e-03 
 6.58500000e-10  1.28739495e-03 
 6.59500000e-10  1.26582807e-03 
 6.60500000e-10  1.24462326e-03 
 6.61500000e-10  1.22377453e-03 
 6.62500000e-10  1.20327586e-03 
 6.63500000e-10  1.18312146e-03 
 6.64500000e-10  1.16330550e-03 
 6.65500000e-10  1.14382238e-03 
 6.66500000e-10  1.12466647e-03 
 6.67500000e-10  1.10583236e-03 
 6.68500000e-10  1.08731460e-03 
 6.69500000e-10  1.06910794e-03 
 6.70500000e-10  1.05120712e-03 
 6.71500000e-10  1.03360707e-03 
 6.72500000e-10  1.01630270e-03 
 6.73500000e-10  9.99289114e-04 
 6.74500000e-10  9.82561374e-04 
 6.75500000e-10  9.66114749e-04 
 6.76500000e-10  9.49944470e-04 
 6.77500000e-10  9.34045960e-04 
 6.78500000e-10  9.18414605e-04 
 6.79500000e-10  9.03045981e-04 
 6.80500000e-10  8.87935625e-04 
 6.81500000e-10  8.73079259e-04 
 6.82500000e-10  8.58472568e-04 
 6.83500000e-10  8.44111414e-04 
 6.84500000e-10  8.29991627e-04 
 6.85500000e-10  8.16109202e-04 
 6.86500000e-10  8.02460109e-04 
 6.87500000e-10  7.89040476e-04 
 6.88500000e-10  7.75846405e-04 
 6.89500000e-10  7.62874151e-04 
 6.90500000e-10  7.50119947e-04 
 6.91500000e-10  7.37580171e-04 
 6.92500000e-10  7.25251181e-04 
 6.93500000e-10  7.13129475e-04 
 6.94500000e-10  7.01211530e-04 
 6.95500000e-10  6.89493961e-04 
 6.96500000e-10  6.77973362e-04 
 6.97500000e-10  6.66646460e-04 
 6.98500000e-10  6.55509963e-04 
 6.99500000e-10  6.44560703e-04 
 7.00000000e-10  6.39155382e-04 
 7.00100000e-10  7.34145957e-04 
 7.00300000e-10  8.83155562e-04 
 7.00700000e-10  1.14708801e-03 
 7.01500000e-10  1.62050957e-03 
 7.02500000e-10  2.13583733e-03 
 7.03500000e-10  2.52007091e-03 
 7.04500000e-10  2.80214332e-03 
 7.05500000e-10  3.01502288e-03 
 7.06500000e-10  3.16982791e-03 
 7.07500000e-10  3.28706039e-03 
 7.08500000e-10  3.36984526e-03 
 7.09500000e-10  3.43222247e-03 
 7.10500000e-10  3.47332600e-03 
 7.11500000e-10  3.50348337e-03 
 7.12500000e-10  3.51988207e-03 
 7.13500000e-10  3.53069109e-03 
 7.14500000e-10  3.53238588e-03 
 7.15500000e-10  3.52843261e-03 
 7.16500000e-10  3.51879705e-03 
 7.17500000e-10  3.51081234e-03 
 7.18500000e-10  3.50184907e-03 
 7.19500000e-10  3.49821236e-03 
 7.20500000e-10  3.49771991e-03 
 7.21500000e-10  3.50624058e-03 
 7.22500000e-10  3.52133962e-03 
 7.23500000e-10  3.54736689e-03 
 7.24500000e-10  3.58052292e-03 
 7.25500000e-10  3.62248269e-03 
 7.26500000e-10  3.66037644e-03 
 7.27500000e-10  3.69872693e-03 
 7.28500000e-10  3.73517038e-03 
 7.29500000e-10  3.77035755e-03 
 7.30500000e-10  3.79950621e-03 
 7.31500000e-10  3.82445483e-03 
 7.32500000e-10  3.84302770e-03 
 7.33500000e-10  3.85938390e-03 
 7.34500000e-10  3.87408093e-03 
 7.35500000e-10  3.89298077e-03 
 7.36500000e-10  3.91835802e-03 
 7.37500000e-10  3.95679461e-03 
 7.38500000e-10  4.01125362e-03 
 7.39500000e-10  4.08791391e-03 
 7.40500000e-10  4.18917258e-03 
 7.41500000e-10  4.31980583e-03 
 7.42500000e-10  4.48113536e-03 
 7.43500000e-10  4.67677791e-03 
 7.44500000e-10  4.90784884e-03 
 7.45500000e-10  5.17798632e-03 
 7.46500000e-10  5.49007034e-03 
 7.47500000e-10  5.85148537e-03 
 7.48500000e-10  6.27136988e-03 
 7.49500000e-10  6.76703621e-03 
 7.50000000e-10  7.05119971e-03 
 7.50100000e-10  7.13151345e-03 
 7.50300000e-10  7.28958363e-03 
 7.50700000e-10  7.60314136e-03 
 7.51500000e-10  8.23728232e-03 
 7.52500000e-10  9.07712270e-03 
 7.53500000e-10  1.00241472e-02 
 7.54500000e-10  1.11193950e-02 
 7.55500000e-10  1.23703375e-02 
 7.56500000e-10  1.37967779e-02 
 7.57500000e-10  1.53839301e-02 
 7.58500000e-10  1.70592457e-02 
 7.59500000e-10  1.87148273e-02 
 7.60500000e-10  2.02151549e-02 
 7.61500000e-10  2.14271261e-02 
 7.62500000e-10  2.22274729e-02 
 7.63500000e-10  2.25333875e-02 
 7.64500000e-10  2.23041579e-02 
 7.65500000e-10  2.15507640e-02 
 7.66500000e-10  2.03168611e-02 
 7.67500000e-10  1.87637193e-02 
 7.68500000e-10  1.69019499e-02 
 7.69500000e-10  1.47551728e-02 
 7.70500000e-10  1.23993241e-02 
 7.71500000e-10  9.88375221e-03 
 7.72500000e-10  7.26945013e-03 
 7.73500000e-10  4.59261922e-03 
 7.74500000e-10  1.90195064e-03 
 7.75500000e-10 -8.63883359e-04 
 7.76500000e-10 -3.77253288e-03 
 7.77500000e-10 -6.53734028e-03 
 7.78500000e-10 -9.13693665e-03 
 7.79500000e-10 -1.16028825e-02 
 7.80500000e-10 -1.39215824e-02 
 7.81500000e-10 -1.61169773e-02 
 7.82500000e-10 -1.81895231e-02 
 7.83500000e-10 -2.01646837e-02 
 7.84500000e-10 -2.20359391e-02 
 7.85500000e-10 -2.38264496e-02 
 7.86500000e-10 -2.55320364e-02 
 7.87500000e-10 -2.71724118e-02 
 7.88500000e-10 -2.87433220e-02 
 7.89500000e-10 -3.02606408e-02 
 7.90500000e-10 -3.17193745e-02 
 7.91500000e-10 -3.31318279e-02 
 7.92500000e-10 -3.44924614e-02 
 7.93500000e-10 -3.58114152e-02 
 7.94500000e-10 -3.70853570e-02 
 7.95500000e-10 -3.83281893e-02 
 7.96500000e-10 -3.95450472e-02 
 7.97500000e-10 -4.07606474e-02 
 7.98500000e-10 -4.19915639e-02 
 7.99500000e-10 -4.32627529e-02 
 8.00500000e-10 -4.45793740e-02 
 8.01500000e-10 -4.59538070e-02 
 8.02500000e-10 -4.73307657e-02 
 8.03500000e-10 -4.86764961e-02 
 8.04500000e-10 -4.98880978e-02 
 8.05500000e-10 -5.08665269e-02 
 8.06500000e-10 -5.14828877e-02 
 8.07500000e-10 -5.16706697e-02 
 8.08500000e-10 -5.13722377e-02 
 8.09500000e-10 -5.05941872e-02 
 8.10500000e-10 -4.93446117e-02 
 8.11500000e-10 -4.76782203e-02 
 8.12500000e-10 -4.56357431e-02 
 8.13500000e-10 -4.32976408e-02 
 8.14500000e-10 -4.07255737e-02 
 8.15500000e-10 -3.80059094e-02 
 8.16500000e-10 -3.51935301e-02 
 8.17500000e-10 -3.23605060e-02 
 8.18500000e-10 -2.95453185e-02 
 8.19500000e-10 -2.67991439e-02 
 8.20500000e-10 -2.41506578e-02 
 8.21500000e-10 -2.16371747e-02 
 8.22500000e-10 -1.92653437e-02 
 8.23500000e-10 -1.70586457e-02 
 8.24500000e-10 -1.50122111e-02 
 8.25500000e-10 -1.31389702e-02 
 8.26500000e-10 -1.14260394e-02 
 8.27500000e-10 -9.87926415e-03 
 8.28500000e-10 -8.48101646e-03 
 8.29500000e-10 -7.23300544e-03 
 8.30500000e-10 -6.11546046e-03 
 8.31500000e-10 -5.12816398e-03 
 8.32500000e-10 -4.25101872e-03 
 8.33500000e-10 -3.48333959e-03 
 8.34500000e-10 -2.80582904e-03 
 8.35500000e-10 -2.21818807e-03 
 8.36500000e-10 -1.70252051e-03 
 8.37500000e-10 -1.25933166e-03 
 8.38500000e-10 -8.72369323e-04 
 8.39500000e-10 -5.43077636e-04 
 8.40500000e-10 -2.56867764e-04 
 8.41500000e-10 -1.60886927e-05 
 8.42500000e-10  1.80118273e-04 
 8.43500000e-10  3.43555328e-04 
 8.44500000e-10  4.86948032e-04 
 8.45500000e-10  6.04873824e-04 
 8.46500000e-10  7.07764481e-04 
 8.47500000e-10  7.90241461e-04 
 8.48500000e-10  8.62054550e-04 
 8.49500000e-10  9.17474545e-04 
 8.50500000e-10  9.65160527e-04 
 8.51500000e-10  9.99847425e-04 
 8.52500000e-10  1.02943473e-03 
 8.53500000e-10  1.04869257e-03 
 8.54500000e-10  1.06486235e-03 
 8.55500000e-10  1.07278623e-03 
 8.56500000e-10  1.07913607e-03 
 8.57500000e-10  1.07885718e-03 
 8.58500000e-10  1.07812725e-03 
 8.59500000e-10  1.07201919e-03 
 8.60500000e-10  1.06627967e-03 
 8.61500000e-10  1.05612729e-03 
 8.62500000e-10  1.04693013e-03 
 8.63500000e-10  1.03406497e-03 
 8.64500000e-10  1.02256464e-03 
 8.65500000e-10  1.00797189e-03 
 8.66500000e-10  9.95020116e-04 
 8.67500000e-10  9.79422062e-04 
 8.68500000e-10  9.65641442e-04 
 8.69500000e-10  9.49562060e-04 
 8.70500000e-10  9.35402734e-04 
 8.71500000e-10  9.19217192e-04 
 8.72500000e-10  9.05000207e-04 
 8.73500000e-10  8.88972641e-04 
 8.74500000e-10  8.74922919e-04 
 8.75500000e-10  8.59235073e-04 
 8.76500000e-10  8.45506366e-04 
 8.77500000e-10  8.30279217e-04 
 8.78500000e-10  8.16972904e-04 
 8.79500000e-10  8.02282913e-04 
 8.80500000e-10  7.89462108e-04 
 8.81500000e-10  7.75353401e-04 
 8.82500000e-10  7.63053501e-04 
 8.83500000e-10  7.49546943e-04 
 8.84500000e-10  7.37783488e-04 
 8.85500000e-10  7.24883435e-04 
 8.86500000e-10  7.13657933e-04 
 8.87500000e-10  7.01357225e-04 
 8.88500000e-10  6.90661461e-04 
 8.89500000e-10  6.78945103e-04 
 8.90500000e-10  6.68764304e-04 
 8.91500000e-10  6.57612159e-04 
 8.92500000e-10  6.47927310e-04 
 8.93500000e-10  6.37316060e-04 
 8.94500000e-10  6.28105580e-04 
 8.95500000e-10  6.18010145e-04 
 8.96500000e-10  6.09251100e-04 
 8.97500000e-10  5.99645644e-04 
 8.98500000e-10  5.91314600e-04 
 8.99500000e-10  5.82173245e-04 
 9.00500000e-10  5.74246872e-04 
 9.01500000e-10  5.65544187e-04 
 9.02500000e-10  5.57999669e-04 
 9.03500000e-10  5.49711001e-04 
 9.04500000e-10  5.42526306e-04 
 9.05500000e-10  5.34627991e-04 
 9.06500000e-10  5.27782044e-04 
 9.07500000e-10  5.20251528e-04 
 9.08500000e-10  5.13724308e-04 
 9.09500000e-10  5.06540219e-04 
 9.10500000e-10  5.00312805e-04 
 9.11500000e-10  4.93454969e-04 
 9.12500000e-10  4.87509549e-04 
 9.13500000e-10  4.80958982e-04 
 9.14500000e-10  4.75278838e-04 
 9.15500000e-10  4.69017715e-04 
 9.16500000e-10  4.63587188e-04 
 9.17500000e-10  4.57598803e-04 
 9.18500000e-10  4.52403251e-04 
 9.19500000e-10  4.46671964e-04 
 9.20500000e-10  4.41697709e-04 
 9.21500000e-10  4.36208889e-04 
 9.22500000e-10  4.31443165e-04 
 9.23500000e-10  4.26183131e-04 
 9.24500000e-10  4.21614028e-04 
 9.25500000e-10  4.16569991e-04 
 9.26500000e-10  4.12186400e-04 
 9.27500000e-10  4.07346409e-04 
 9.28500000e-10  4.03137967e-04 
 9.29500000e-10  3.98490847e-04 
 9.30500000e-10  3.94447887e-04 
 9.31500000e-10  3.89983192e-04 
 9.32500000e-10  3.86096695e-04 
 9.33500000e-10  3.81804653e-04 
 9.34500000e-10  3.78066198e-04 
 9.35500000e-10  3.73937667e-04 
 9.36500000e-10  3.70339391e-04 
 9.37500000e-10  3.66365815e-04 
 9.38500000e-10  3.62900370e-04 
 9.39500000e-10  3.59073733e-04 
 9.40500000e-10  3.55734252e-04 
 9.41500000e-10  3.52047044e-04 
 9.42500000e-10  3.48827099e-04 
 9.43500000e-10  3.45272279e-04 
 9.44500000e-10  3.42165858e-04 
 9.45500000e-10  3.38736819e-04 
 9.46500000e-10  3.35738286e-04 
 9.47500000e-10  3.32428828e-04 
 9.48500000e-10  3.29532904e-04 
 9.49500000e-10  3.26337201e-04 
 9.50000000e-10  3.25015781e-04 
 9.50100000e-10  3.24639717e-04 
 9.50300000e-10  3.24040869e-04 
 9.50700000e-10  3.22869543e-04 
 9.51500000e-10  3.20532031e-04 
 9.52500000e-10  3.17667663e-04 
 9.53500000e-10  3.14839556e-04 
 9.54500000e-10  3.12069557e-04 
 9.55500000e-10  3.09334150e-04 
 9.56500000e-10  3.06654130e-04 
 9.57500000e-10  3.04007137e-04 
 9.58500000e-10  3.01412962e-04 
 9.59500000e-10  2.98850347e-04 
 9.60500000e-10  2.96338125e-04 
 9.61500000e-10  2.93856082e-04 
 9.62500000e-10  2.91422142e-04 
 9.63500000e-10  2.89017085e-04 
 9.64500000e-10  2.86657966e-04 
 9.65500000e-10  2.84326507e-04 
 9.66500000e-10  2.82038942e-04 
 9.67500000e-10  2.79777886e-04 
 9.68500000e-10  2.77558788e-04 
 9.69500000e-10  2.75365114e-04 
 9.70500000e-10  2.73211566e-04 
 9.71500000e-10  2.71082417e-04 
 9.72500000e-10  2.68991660e-04 
 9.73500000e-10  2.66924336e-04 
 9.74500000e-10  2.64893759e-04 
 9.75500000e-10  2.62885700e-04 
 9.76500000e-10  2.60912832e-04 
 9.77500000e-10  2.58961616e-04 
 9.78500000e-10  2.57044114e-04 
 9.79500000e-10  2.55147444e-04 
 9.80500000e-10  2.53283087e-04 
 9.81500000e-10  2.51438785e-04 
 9.82500000e-10  2.49625466e-04 
 9.83500000e-10  2.47831464e-04 
 9.84500000e-10  2.46067182e-04 
 9.85500000e-10  2.44321517e-04 
 9.86500000e-10  2.42604372e-04 
 9.87500000e-10  2.40905179e-04 
 9.88500000e-10  2.39233367e-04 
 9.89500000e-10  2.37578874e-04 
 9.90500000e-10  2.35950678e-04 
 9.91500000e-10  2.34339199e-04 
 9.92500000e-10  2.32752987e-04 
 9.93500000e-10  2.31182918e-04 
 9.94500000e-10  2.29637135e-04 
 9.95500000e-10  2.28106948e-04 
 9.96500000e-10  2.26600114e-04 
 9.97500000e-10  2.25108354e-04 
 9.98500000e-10  2.23639058e-04 
 9.99500000e-10  2.22184337e-04 
 1.00000000e-09  2.21466442e-04 
 1.00010000e-09  2.21322257e-04 
 1.00030000e-09  2.21035910e-04 
 1.00070000e-09  2.20465584e-04 
 1.00150000e-09  2.19333120e-04 
 1.00250000e-09  2.17933288e-04 
 1.00350000e-09  2.16550345e-04 
 1.00450000e-09  2.15184275e-04 
 1.00550000e-09  2.13834507e-04 
 1.00650000e-09  2.12501026e-04 
 1.00750000e-09  2.11183287e-04 
 1.00850000e-09  2.09881275e-04 
 1.00950000e-09  2.08594469e-04 
 1.01050000e-09  2.07322856e-04 
 1.01150000e-09  2.06065937e-04 
 1.01250000e-09  2.04823699e-04 
 1.01350000e-09  2.03595667e-04 
 1.01450000e-09  2.02381825e-04 
 1.01550000e-09  2.01181720e-04 
 1.01650000e-09  1.99995338e-04 
 1.01750000e-09  1.98822246e-04 
 1.01850000e-09  1.97662426e-04 
 1.01950000e-09  1.96515466e-04 
 1.02050000e-09  1.95381350e-04 
 1.02150000e-09  1.94259682e-04 
 1.02250000e-09  1.93150446e-04 
 1.02350000e-09  1.92053264e-04 
 1.02450000e-09  1.90968120e-04 
 1.02550000e-09  1.89894652e-04 
 1.02650000e-09  1.88832842e-04 
 1.02750000e-09  1.87782345e-04 
 1.02850000e-09  1.86743143e-04 
 1.02950000e-09  1.85714907e-04 
 1.03050000e-09  1.84697616e-04 
 1.03150000e-09  1.83690957e-04 
 1.03250000e-09  1.82694909e-04 
 1.03350000e-09  1.81709172e-04 
 1.03450000e-09  1.80733724e-04 
 1.03550000e-09  1.79768278e-04 
 1.03650000e-09  1.78812814e-04 
 1.03750000e-09  1.77867055e-04 
 1.03850000e-09  1.76930980e-04 
 1.03950000e-09  1.76004326e-04 
 1.04050000e-09  1.75087072e-04 
 1.04150000e-09  1.74178963e-04 
 1.04250000e-09  1.73279980e-04 
 1.04350000e-09  1.72389878e-04 
 1.04450000e-09  1.71508637e-04 
 1.04550000e-09  1.70636024e-04 
 1.04650000e-09  1.69772017e-04 
 1.04750000e-09  1.68916395e-04 
 1.04850000e-09  1.68069134e-04 
 1.04950000e-09  1.67230022e-04 
 1.05000000e-09  1.66813538e-04 
 1.05010000e-09  1.66730472e-04 
 1.05030000e-09  1.66564596e-04 
 1.05070000e-09  1.66233793e-04 
 1.05150000e-09  1.65575998e-04 
 1.05250000e-09  1.64760812e-04 
 1.05350000e-09  1.63953373e-04 
 1.05450000e-09  1.63153569e-04 
 1.05550000e-09  1.62361301e-04 
 1.05650000e-09  1.61576459e-04 
 1.05750000e-09  1.60798946e-04 
 1.05850000e-09  1.60028659e-04 
 1.05950000e-09  1.59265503e-04 
 1.06050000e-09  1.58509379e-04 
 1.06150000e-09  1.57760194e-04 
 1.06250000e-09  1.57017854e-04 
 1.06350000e-09  1.56282270e-04 
 1.06450000e-09  1.55553348e-04 
 1.06550000e-09  1.54831004e-04 
 1.06650000e-09  1.54115149e-04 
 1.06750000e-09  1.53405698e-04 
 1.06850000e-09  1.52702568e-04 
 1.06950000e-09  1.52005676e-04 
 1.07050000e-09  1.51314941e-04 
 1.07150000e-09  1.50630285e-04 
 1.07250000e-09  1.49951628e-04 
 1.07350000e-09  1.49278894e-04 
 1.07450000e-09  1.48612007e-04 
 1.07550000e-09  1.47950893e-04 
 1.07650000e-09  1.47295479e-04 
 1.07750000e-09  1.46645692e-04 
 1.07850000e-09  1.46001464e-04 
 1.07950000e-09  1.45362722e-04 
 1.08050000e-09  1.44729401e-04 
 1.08150000e-09  1.44101430e-04 
 1.08250000e-09  1.43478747e-04 
 1.08350000e-09  1.42861282e-04 
 1.08450000e-09  1.42248976e-04 
 1.08550000e-09  1.41641762e-04 
 1.08650000e-09  1.41039582e-04 
 1.08750000e-09  1.40442370e-04 
 1.08850000e-09  1.39850070e-04 
 1.08950000e-09  1.39262620e-04 
 1.09050000e-09  1.38679964e-04 
 1.09150000e-09  1.38102044e-04 
 1.09250000e-09  1.37528807e-04 
 1.09350000e-09  1.36960194e-04 
 1.09450000e-09  1.36396153e-04 
 1.09550000e-09  1.35836626e-04 
 1.09650000e-09  1.35281564e-04 
 1.09750000e-09  1.34730909e-04 
 1.09850000e-09  1.34184614e-04 
 1.09950000e-09  1.33642626e-04 
 1.10050000e-09  1.33104897e-04 
 1.10150000e-09  1.32571375e-04 
 1.10250000e-09  1.32042016e-04 
 1.10350000e-09  1.31516768e-04 
 1.10450000e-09  1.30995589e-04 
 1.10550000e-09  1.30478427e-04 
 1.10650000e-09  1.29965242e-04 
 1.10750000e-09  1.29455985e-04 
 1.10850000e-09  1.28950617e-04 
 1.10950000e-09  1.28449088e-04 
 1.11050000e-09  1.27951361e-04 
 1.11150000e-09  1.27457389e-04 
 1.11250000e-09  1.26967136e-04 
 1.11350000e-09  1.26480555e-04 
 1.11450000e-09  1.25997611e-04 
 1.11550000e-09  1.25518259e-04 
 1.11650000e-09  1.25042465e-04 
 1.11750000e-09  1.24570185e-04 
 1.11850000e-09  1.24101386e-04 
 1.11950000e-09  1.23636025e-04 
 1.12050000e-09  1.23174071e-04 
 1.12150000e-09  1.22715482e-04 
 1.12250000e-09  1.22260226e-04 
 1.12350000e-09  1.21808264e-04 
 1.12450000e-09  1.21359565e-04 
 1.12550000e-09  1.20914090e-04 
 1.12650000e-09  1.20471809e-04 
 1.12750000e-09  1.20032684e-04 
 1.12850000e-09  1.19596687e-04 
 1.12950000e-09  1.19163780e-04 
 1.13050000e-09  1.18733937e-04 
 1.13150000e-09  1.18307119e-04 
 1.13250000e-09  1.17883301e-04 
 1.13350000e-09  1.17462447e-04 
 1.13450000e-09  1.17044532e-04 
 1.13550000e-09  1.16629519e-04 
 1.13650000e-09  1.16217386e-04 
 1.13750000e-09  1.15808096e-04 
 1.13850000e-09  1.15401627e-04 
 1.13950000e-09  1.14997945e-04 
 1.14050000e-09  1.14597026e-04 
 1.14150000e-09  1.14198839e-04 
 1.14250000e-09  1.13803359e-04 
 1.14350000e-09  1.13410557e-04 
 1.14450000e-09  1.13020409e-04 
 1.14550000e-09  1.12632884e-04 
 1.14650000e-09  1.12247962e-04 
 1.14750000e-09  1.11865612e-04 
 1.14850000e-09  1.11485813e-04 
 1.14950000e-09  1.11108536e-04 
 1.15050000e-09  1.10733760e-04 
 1.15150000e-09  1.10361457e-04 
 1.15250000e-09  1.09991607e-04 
 1.15350000e-09  1.09624182e-04 
 1.15450000e-09  1.09259162e-04 
 1.15550000e-09  1.08896522e-04 
 1.15650000e-09  1.08536240e-04 
 1.15750000e-09  1.08178292e-04 
 1.15850000e-09  1.07822659e-04 
 1.15950000e-09  1.07469315e-04 
 1.16050000e-09  1.07118241e-04 
 1.16150000e-09  1.06769414e-04 
 1.16250000e-09  1.06422814e-04 
 1.16350000e-09  1.06078418e-04 
 1.16450000e-09  1.05736209e-04 
 1.16550000e-09  1.05396163e-04 
 1.16650000e-09  1.05058262e-04 
 1.16750000e-09  1.04722485e-04 
 1.16850000e-09  1.04388813e-04 
 1.16950000e-09  1.04057225e-04 
 1.17050000e-09  1.03727705e-04 
 1.17150000e-09  1.03400231e-04 
 1.17250000e-09  1.03074786e-04 
 1.17350000e-09  1.02751349e-04 
 1.17450000e-09  1.02429905e-04 
 1.17550000e-09  1.02110434e-04 
 1.17650000e-09  1.01792919e-04 
 1.17750000e-09  1.01477341e-04 
 1.17850000e-09  1.01163685e-04 
 1.17950000e-09  1.00851931e-04 
 1.18050000e-09  1.00542064e-04 
 1.18150000e-09  1.00234066e-04 
 1.18250000e-09  9.99279213e-05 
 1.18350000e-09  9.96236118e-05 
 1.18450000e-09  9.93211237e-05 
 1.18550000e-09  9.90204384e-05 
 1.18650000e-09  9.87215425e-05 
 1.18750000e-09  9.84244180e-05 
 1.18850000e-09  9.81290516e-05 
 1.18950000e-09  9.78354256e-05 
 1.19050000e-09  9.75435273e-05 
 1.19150000e-09  9.72533395e-05 
 1.19250000e-09  9.69648495e-05 
 1.19350000e-09  9.66780404e-05 
 1.19450000e-09  9.63928999e-05 
 1.19550000e-09  9.61094117e-05 
 1.19650000e-09  9.58275638e-05 
 1.19750000e-09  9.55473400e-05 
 1.19850000e-09  9.52687286e-05 
 1.19950000e-09  9.49917138e-05 
 1.20000000e-09  9.48538019e-05 
 1.20010000e-09  2.20894391e-04 
 1.20030000e-09  4.52304697e-04 
 1.20070000e-09  8.64892801e-04 
 1.20150000e-09  1.54722571e-03 
 1.20250000e-09  2.16366204e-03 
 1.20350000e-09  2.58348451e-03 
 1.20450000e-09  2.85030007e-03 
 1.20550000e-09  3.00997582e-03 
 1.20650000e-09  3.08579541e-03 
 1.20750000e-09  3.10661118e-03 
 1.20850000e-09  3.08347858e-03 
 1.20950000e-09  3.03474368e-03 
 1.21050000e-09  2.96422155e-03 
 1.21150000e-09  2.88395207e-03 
 1.21250000e-09  2.79344880e-03 
 1.21350000e-09  2.70081309e-03 
 1.21450000e-09  2.60405691e-03 
 1.21550000e-09  2.50952916e-03 
 1.21650000e-09  2.41495458e-03 
 1.21750000e-09  2.32637213e-03 
 1.21850000e-09  2.24236021e-03 
 1.21950000e-09  2.16931087e-03 
 1.22050000e-09  2.10700623e-03 
 1.22150000e-09  2.06275731e-03 
 1.22250000e-09  2.03707992e-03 
 1.22350000e-09  2.03687500e-03 
 1.22450000e-09  2.06192691e-03 
 1.22550000e-09  2.11728524e-03 
 1.22650000e-09  2.20138284e-03 
 1.22750000e-09  2.31896292e-03 
 1.22850000e-09  2.46938443e-03 
 1.22950000e-09  2.65885844e-03 
 1.23050000e-09  2.88816663e-03 
 1.23150000e-09  3.16371666e-03 
 1.23250000e-09  3.48508784e-03 
 1.23350000e-09  3.85460210e-03 
 1.23450000e-09  4.26285960e-03 
 1.23550000e-09  4.69167963e-03 
 1.23650000e-09  5.10070706e-03 
 1.23750000e-09  5.44365651e-03 
 1.23850000e-09  5.67620014e-03 
 1.23950000e-09  5.78241679e-03 
 1.24050000e-09  5.76943704e-03 
 1.24150000e-09  5.67100807e-03 
 1.24250000e-09  5.52933860e-03 
 1.24350000e-09  5.39544518e-03 
 1.24450000e-09  5.31457721e-03 
 1.24550000e-09  5.33173941e-03 
 1.24650000e-09  5.47733987e-03 
 1.24750000e-09  5.77470525e-03 
 1.24850000e-09  6.22854842e-03 
 1.24950000e-09  6.83548142e-03 
 1.25000000e-09  7.19021997e-03 
 1.25010000e-09  7.32606346e-03 
 1.25030000e-09  7.56597282e-03 
 1.25070000e-09  8.02126282e-03 
 1.25150000e-09  8.85259832e-03 
 1.25250000e-09  9.80196179e-03 
 1.25350000e-09  1.07073855e-02 
 1.25450000e-09  1.16014228e-02 
 1.25550000e-09  1.24977276e-02 
 1.25650000e-09  1.33974641e-02 
 1.25750000e-09  1.42995617e-02 
 1.25850000e-09  1.52008227e-02 
 1.25950000e-09  1.60884335e-02 
 1.26050000e-09  1.69593632e-02 
 1.26150000e-09  1.78122249e-02 
 1.26250000e-09  1.86422002e-02 
 1.26350000e-09  1.94499448e-02 
 1.26450000e-09  2.02325937e-02 
 1.26550000e-09  2.09928963e-02 
 1.26650000e-09  2.17295596e-02 
 1.26750000e-09  2.24467439e-02 
 1.26850000e-09  2.31440812e-02 
 1.26950000e-09  2.38265128e-02 
 1.27050000e-09  2.44941326e-02 
 1.27150000e-09  2.51522297e-02 
 1.27250000e-09  2.58010739e-02 
 1.27350000e-09  2.64460431e-02 
 1.27450000e-09  2.70874907e-02 
 1.27550000e-09  2.77307335e-02 
 1.27650000e-09  2.83759348e-02 
 1.27750000e-09  2.90283624e-02 
 1.27850000e-09  2.96882964e-02 
 1.27950000e-09  3.03609125e-02 
 1.28050000e-09  3.10465121e-02 
 1.28150000e-09  3.17502282e-02 
 1.28250000e-09  3.24724590e-02 
 1.28350000e-09  3.32183679e-02 
 1.28450000e-09  3.39885419e-02 
 1.28550000e-09  3.47882667e-02 
 1.28650000e-09  3.56184259e-02 
 1.28750000e-09  3.64845372e-02 
 1.28850000e-09  3.73879030e-02 
 1.28950000e-09  3.83343986e-02 
 1.29050000e-09  3.93258779e-02 
 1.29150000e-09  4.03687039e-02 
 1.29250000e-09  4.14654043e-02 
 1.29350000e-09  4.26229280e-02 
 1.29450000e-09  4.38445242e-02 
 1.29550000e-09  4.51376824e-02 
 1.29650000e-09  4.65062885e-02 
 1.29750000e-09  4.79577392e-02 
 1.29850000e-09  4.94951925e-02 
 1.29950000e-09  5.11247695e-02 
 1.30050000e-09  5.28473284e-02 
 1.30150000e-09  5.46662474e-02 
 1.30250000e-09  5.65808666e-02 
 1.30350000e-09  5.85953030e-02 
 1.30450000e-09  6.07124294e-02 
 1.30550000e-09  6.29414853e-02 
 1.30650000e-09  6.52909589e-02 
 1.30750000e-09  6.77749465e-02 
 1.30850000e-09  7.04058807e-02 
 1.30950000e-09  7.32005426e-02 
 1.31050000e-09  7.61729667e-02 
 1.31150000e-09  7.93399219e-02 
 1.31250000e-09  8.27134281e-02 
 1.31350000e-09  8.63049789e-02 
 1.31450000e-09  9.01170791e-02 
 1.31550000e-09  9.41465379e-02 
 1.31650000e-09  9.83771359e-02 
 1.31750000e-09  1.02785859e-01 
 1.31850000e-09  1.07340256e-01 
 1.31950000e-09  1.12007947e-01 
 1.32050000e-09  1.16755094e-01 
 1.32150000e-09  1.21554184e-01 
 1.32250000e-09  1.26380216e-01 
 1.32350000e-09  1.31215851e-01 
 1.32450000e-09  1.36046087e-01 
 1.32550000e-09  1.40862172e-01 
 1.32650000e-09  1.45656100e-01 
 1.32750000e-09  1.50424273e-01 
 1.32850000e-09  1.55162385e-01 
 1.32950000e-09  1.59869111e-01 
 1.33050000e-09  1.64541496e-01 
 1.33150000e-09  1.69178747e-01 
 1.33250000e-09  1.73778170e-01 
 1.33350000e-09  1.78339092e-01 
 1.33450000e-09  1.82859294e-01 
 1.33550000e-09  1.87339170e-01 
 1.33650000e-09  1.91778517e-01 
 1.33750000e-09  1.96178911e-01 
 1.33850000e-09  2.00542242e-01 
 1.33950000e-09  2.04874172e-01 
 1.34050000e-09  2.09178789e-01 
 1.34150000e-09  2.13462053e-01 
 1.34250000e-09  2.17726148e-01 
 1.34350000e-09  2.21973265e-01 
 1.34450000e-09  2.26201608e-01 
 1.34550000e-09  2.30410176e-01 
 1.34650000e-09  2.34595421e-01 
 1.34750000e-09  2.38755597e-01 
 1.34850000e-09  2.42887185e-01 
 1.34950000e-09  2.46988685e-01 
 1.35050000e-09  2.51057024e-01 
 1.35150000e-09  2.55091062e-01 
 1.35250000e-09  2.59088142e-01 
 1.35350000e-09  2.63047417e-01 
 1.35450000e-09  2.66966570e-01 
 1.35550000e-09  2.70844988e-01 
 1.35650000e-09  2.74680646e-01 
 1.35750000e-09  2.78473131e-01 
 1.35850000e-09  2.82220676e-01 
 1.35950000e-09  2.85923043e-01 
 1.36050000e-09  2.89578698e-01 
 1.36150000e-09  2.93187554e-01 
 1.36250000e-09  2.96748278e-01 
 1.36350000e-09  3.00260911e-01 
 1.36450000e-09  3.03724293e-01 
 1.36550000e-09  3.07138558e-01 
 1.36650000e-09  3.10502686e-01 
 1.36750000e-09  3.13816879e-01 
 1.36850000e-09  3.17080219e-01 
 1.36950000e-09  3.20292941e-01 
 1.37050000e-09  3.23454201e-01 
 1.37150000e-09  3.26564235e-01 
 1.37250000e-09  3.29622237e-01 
 1.37350000e-09  3.32628418e-01 
 1.37450000e-09  3.35581974e-01 
 1.37550000e-09  3.38483059e-01 
 1.37650000e-09  3.41330842e-01 
 1.37750000e-09  3.44125391e-01 
 1.37850000e-09  3.46865816e-01 
 1.37950000e-09  3.49552065e-01 
 1.38050000e-09  3.52183156e-01 
 1.38150000e-09  3.54758890e-01 
 1.38250000e-09  3.57278156e-01 
 1.38350000e-09  3.59740574e-01 
 1.38450000e-09  3.62144874e-01 
 1.38550000e-09  3.64490459e-01 
 1.38650000e-09  3.66775865e-01 
 1.38750000e-09  3.69000249e-01 
 1.38850000e-09  3.71161916e-01 
 1.38950000e-09  3.73259748e-01 
 1.39050000e-09  3.75291793e-01 
 1.39150000e-09  3.77256629e-01 
 1.39250000e-09  3.79152022e-01 
 1.39350000e-09  3.80976229e-01 
 1.39450000e-09  3.82726718e-01 
 1.39550000e-09  3.84401415e-01 
 1.39650000e-09  3.85997485e-01 
 1.39750000e-09  3.87512525e-01 
 1.39850000e-09  3.88943403e-01 
 1.39950000e-09  3.90287401e-01 
 1.40050000e-09  3.91541110e-01 
 1.40150000e-09  3.92701523e-01 
 1.40250000e-09  3.93764984e-01 
 1.40350000e-09  3.94728237e-01 
 1.40450000e-09  3.95587419e-01 
 1.40550000e-09  3.96339069e-01 
 1.40650000e-09  3.96979169e-01 
 1.40750000e-09  3.97504101e-01 
 1.40850000e-09  3.97909743e-01 
 1.40950000e-09  3.98192378e-01 
 1.41050000e-09  3.98347826e-01 
 1.41150000e-09  3.98372321e-01 
 1.41250000e-09  3.98261677e-01 
 1.41350000e-09  3.98012123e-01 
 1.41450000e-09  3.97619508e-01 
 1.41550000e-09  3.97080096e-01 
 1.41650000e-09  3.96389803e-01 
 1.41750000e-09  3.95544958e-01 
 1.41850000e-09  3.94541571e-01 
 1.41950000e-09  3.93376058e-01 
 1.42050000e-09  3.92044541e-01 
 1.42150000e-09  3.90543536e-01 
 1.42250000e-09  3.88869042e-01 
 1.42350000e-09  3.87017595e-01 
 1.42450000e-09  3.84985945e-01 
 1.42550000e-09  3.82770834e-01 
 1.42650000e-09  3.80368765e-01 
 1.42750000e-09  3.77776588e-01 
 1.42850000e-09  3.74990930e-01 
 1.42950000e-09  3.72008763e-01 
 1.43050000e-09  3.68826850e-01 
 1.43150000e-09  3.65442295e-01 
 1.43250000e-09  3.61852017e-01 
 1.43350000e-09  3.58053276e-01 
 1.43450000e-09  3.54043175e-01 
 1.43550000e-09  3.49819177e-01 
 1.43650000e-09  3.45378629e-01 
 1.43750000e-09  3.40719979e-01 
 1.43850000e-09  3.35846036e-01 
 1.43950000e-09  3.30748197e-01 
 1.44050000e-09  3.25425048e-01 
 1.44150000e-09  3.19875200e-01 
 1.44250000e-09  3.14097943e-01 
 1.44350000e-09  3.08092856e-01 
 1.44450000e-09  3.01860380e-01 
 1.44550000e-09  2.95401594e-01 
 1.44650000e-09  2.88718773e-01 
 1.44750000e-09  2.81815333e-01 
 1.44850000e-09  2.74696419e-01 
 1.44950000e-09  2.67369021e-01 
 1.45000000e-09  2.63629803e-01 
 1.45010000e-09  2.62875024e-01 
 1.45030000e-09  2.61361826e-01 
 1.45070000e-09  2.58312809e-01 
 1.45150000e-09  2.52127581e-01 
 1.45250000e-09  2.44243303e-01 
 1.45350000e-09  2.36207094e-01 
 1.45450000e-09  2.28042117e-01 
 1.45550000e-09  2.19775316e-01 
 1.45650000e-09  2.11437049e-01 
 1.45750000e-09  2.03060191e-01 
 1.45850000e-09  1.94679055e-01 
 1.45950000e-09  1.86328144e-01 
 1.46050000e-09  1.78041073e-01 
 1.46150000e-09  1.69849651e-01 
 1.46250000e-09  1.61783400e-01 
 1.46350000e-09  1.53869253e-01 
 1.46450000e-09  1.46131525e-01 
 1.46550000e-09  1.38591897e-01 
 1.46650000e-09  1.31269516e-01 
 1.46750000e-09  1.24181015e-01 
 1.46850000e-09  1.17340598e-01 
 1.46950000e-09  1.10760035e-01 
 1.47050000e-09  1.04448735e-01 
 1.47150000e-09  9.84137467e-02 
 1.47250000e-09  9.26598425e-02 
 1.47350000e-09  8.71895599e-02 
 1.47450000e-09  8.20033296e-02 
 1.47550000e-09  7.70995648e-02 
 1.47650000e-09  7.24748166e-02 
 1.47750000e-09  6.81239596e-02 
 1.47850000e-09  6.40403402e-02 
 1.47950000e-09  6.02160234e-02 
 1.48050000e-09  5.66420253e-02 
 1.48150000e-09  5.33084152e-02 
 1.48250000e-09  5.02045855e-02 
 1.48350000e-09  4.73194111e-02 
 1.48450000e-09  4.46417724e-02 
 1.48550000e-09  4.21602865e-02 
 1.48650000e-09  3.98622653e-02 
 1.48750000e-09  3.77359384e-02 
 1.48850000e-09  3.57706108e-02 
 1.48950000e-09  3.39549635e-02 
 1.49050000e-09  3.22788650e-02 
 1.49150000e-09  3.07317564e-02 
 1.49250000e-09  2.93043177e-02 
 1.49350000e-09  2.79869330e-02 
 1.49450000e-09  2.67712288e-02 
 1.49550000e-09  2.56486176e-02 
 1.49650000e-09  2.46117223e-02 
 1.49750000e-09  2.36529963e-02 
 1.49850000e-09  2.27660483e-02 
 1.49950000e-09  2.19443351e-02 
 1.50000000e-09  2.15564447e-02 
 1.50010000e-09  2.14808120e-02 
 1.50030000e-09  2.13307753e-02 
 1.50070000e-09  2.10372638e-02 
 1.50150000e-09  2.04753367e-02 
 1.50250000e-09  1.98169863e-02 
 1.50350000e-09  1.92035896e-02 
 1.50450000e-09  1.86310358e-02 
 1.50550000e-09  1.80955823e-02 
 1.50650000e-09  1.75938061e-02 
 1.50750000e-09  1.71226046e-02 
 1.50850000e-09  1.66791501e-02 
 1.50950000e-09  1.62608893e-02 
 1.51050000e-09  1.58655018e-02 
 1.51150000e-09  1.54908998e-02 
 1.51250000e-09  1.51351901e-02 
 1.51350000e-09  1.47966748e-02 
 1.51450000e-09  1.44738170e-02 
 1.51550000e-09  1.41652419e-02 
 1.51650000e-09  1.38697069e-02 
 1.51750000e-09  1.35861033e-02 
 1.51850000e-09  1.33134295e-02 
 1.51950000e-09  1.30507936e-02 
 1.52050000e-09  1.27973902e-02 
 1.52150000e-09  1.25525035e-02 
 1.52250000e-09  1.23154863e-02 
 1.52350000e-09  1.20857645e-02 
 1.52450000e-09  1.18628184e-02 
 1.52550000e-09  1.16461873e-02 
 1.52650000e-09  1.14354535e-02 
 1.52750000e-09  1.12302465e-02 
 1.52850000e-09  1.10302299e-02 
 1.52950000e-09  1.08351051e-02 
 1.53050000e-09  1.06445999e-02 
 1.53150000e-09  1.04584728e-02 
 1.53250000e-09  1.02765022e-02 
 1.53350000e-09  1.00984913e-02 
 1.53450000e-09  9.92425893e-03 
 1.53550000e-09  9.75364371e-03 
 1.53650000e-09  9.58649607e-03 
 1.53750000e-09  9.42268232e-03 
 1.53850000e-09  9.26207785e-03 
 1.53950000e-09  9.10457079e-03 
 1.54050000e-09  8.95005617e-03 
 1.54150000e-09  8.79843933e-03 
 1.54250000e-09  8.64963075e-03 
 1.54350000e-09  8.50354933e-03 
 1.54450000e-09  8.36011780e-03 
 1.54550000e-09  8.21926576e-03 
 1.54650000e-09  8.08092568e-03 
 1.54750000e-09  7.94503563e-03 
 1.54850000e-09  7.81153585e-03 
 1.54950000e-09  7.68037119e-03 
 1.55000000e-09  7.61564867e-03 
 1.55010000e-09  7.60278263e-03 
 1.55030000e-09  7.57709775e-03 
 1.55070000e-09  7.52599408e-03 
 1.55150000e-09  7.42485085e-03 
 1.55250000e-09  7.30038181e-03 
 1.55350000e-09  7.17805201e-03 
 1.55450000e-09  7.05781520e-03 
 1.55550000e-09  6.93963154e-03 
 1.55650000e-09  6.82345832e-03 
 1.55750000e-09  6.70925860e-03 
 1.55850000e-09  6.59699262e-03 
 1.55950000e-09  6.48662587e-03 
 1.56050000e-09  6.37812111e-03 
 1.56150000e-09  6.27144589e-03 
 1.56250000e-09  6.16656514e-03 
 1.56350000e-09  6.06344817e-03 
 1.56450000e-09  5.96206181e-03 
 1.56550000e-09  5.86237565e-03 
 1.56650000e-09  5.76435817e-03 
 1.56750000e-09  5.66798365e-03 
 1.56850000e-09  5.57322189e-03 
 1.56950000e-09  5.48004624e-03 
 1.57050000e-09  5.38842787e-03 
 1.57150000e-09  5.29834128e-03 
 1.57250000e-09  5.20975890e-03 
 1.57350000e-09  5.12265624e-03 
 1.57450000e-09  5.03700691e-03 
 1.57550000e-09  4.95278739e-03 
 1.57650000e-09  4.86997235e-03 
 1.57750000e-09  4.78853913e-03 
 1.57850000e-09  4.70846342e-03 
 1.57950000e-09  4.62972338e-03 
 1.58050000e-09  4.55229563e-03 
 1.58150000e-09  4.47615910e-03 
 1.58250000e-09  4.40129127e-03 
 1.58350000e-09  4.32767181e-03 
 1.58450000e-09  4.25527902e-03 
 1.58550000e-09  4.18409328e-03 
 1.58650000e-09  4.11409366e-03 
 1.58750000e-09  4.04526118e-03 
 1.58850000e-09  3.97757568e-03 
 1.58950000e-09  3.91101881e-03 
 1.59050000e-09  3.84557111e-03 
 1.59150000e-09  3.78121484e-03 
 1.59250000e-09  3.71793120e-03 
 1.59350000e-09  3.65570305e-03 
 1.59450000e-09  3.59451225e-03 
 1.59550000e-09  3.53434219e-03 
 1.59650000e-09  3.47517535e-03 
 1.59750000e-09  3.41699568e-03 
 1.59850000e-09  3.35978626e-03 
 1.59950000e-09  3.30353155e-03 
 1.60050000e-09  3.24821519e-03 
 1.60150000e-09  3.19382215e-03 
 1.60250000e-09  3.14033664e-03 
 1.60350000e-09  3.08774409e-03 
 1.60450000e-09  3.03602925e-03 
 1.60550000e-09  2.98517802e-03 
 1.60650000e-09  2.93517565e-03 
 1.60750000e-09  2.88600852e-03 
 1.60850000e-09  2.83766234e-03 
 1.60950000e-09  2.79012394e-03 
 1.61050000e-09  2.74337952e-03 
 1.61150000e-09  2.69741631e-03 
 1.61250000e-09  2.65222098e-03 
 1.61350000e-09  2.60778118e-03 
 1.61450000e-09  2.56408400e-03 
 1.61550000e-09  2.52111749e-03 
 1.61650000e-09  2.47886918e-03 
 1.61750000e-09  2.43732750e-03 
 1.61850000e-09  2.39648039e-03 
 1.61950000e-09  2.35631666e-03 
 1.62050000e-09  2.31682464e-03 
 1.62150000e-09  2.27799348e-03 
 1.62250000e-09  2.23981193e-03 
 1.62350000e-09  2.20226947e-03 
 1.62450000e-09  2.16535522e-03 
 1.62550000e-09  2.12905902e-03 
 1.62650000e-09  2.09337032e-03 
 1.62750000e-09  2.05827929e-03 
 1.62850000e-09  2.02377574e-03 
 1.62950000e-09  1.98985016e-03 
 1.63050000e-09  1.95649269e-03 
 1.63150000e-09  1.92369411e-03 
 1.63250000e-09  1.89144491e-03 
 1.63350000e-09  1.85973615e-03 
 1.63450000e-09  1.82855864e-03 
 1.63550000e-09  1.79790374e-03 
 1.63650000e-09  1.76776253e-03 
 1.63750000e-09  1.73812667e-03 
 1.63850000e-09  1.70898755e-03 
 1.63950000e-09  1.68033708e-03 
 1.64050000e-09  1.65216692e-03 
 1.64150000e-09  1.62446927e-03 
 1.64250000e-09  1.59723605e-03 
 1.64350000e-09  1.57045971e-03 
 1.64450000e-09  1.54413245e-03 
 1.64550000e-09  1.51824695e-03 
 1.64650000e-09  1.49279566e-03 
 1.64750000e-09  1.46777152e-03 
 1.64850000e-09  1.44316723e-03 
 1.64950000e-09  1.41897593e-03 
 1.65050000e-09  1.39519059e-03 
 1.65150000e-09  1.37180456e-03 
 1.65250000e-09  1.34881103e-03 
 1.65350000e-09  1.32620358e-03 
 1.65450000e-09  1.30397563e-03 
 1.65550000e-09  1.28212097e-03 
 1.65650000e-09  1.26063322e-03 
 1.65750000e-09  1.23950639e-03 
 1.65850000e-09  1.21873430e-03 
 1.65950000e-09  1.19831114e-03 
 1.66050000e-09  1.17823097e-03 
 1.66150000e-09  1.15848815e-03 
 1.66250000e-09  1.13907693e-03 
 1.66350000e-09  1.11999186e-03 
 1.66450000e-09  1.10122739e-03 
 1.66550000e-09  1.08277824e-03 
 1.66650000e-09  1.06463903e-03 
 1.66750000e-09  1.04680468e-03 
 1.66850000e-09  1.02926997e-03 
 1.66950000e-09  1.01202999e-03 
 1.67050000e-09  9.95079690e-04 
 1.67150000e-09  9.78414320e-04 
 1.67250000e-09  9.62029006e-04 
 1.67350000e-09  9.45919147e-04 
 1.67450000e-09  9.30080031e-04 
 1.67550000e-09  9.14507209e-04 
 1.67650000e-09  8.99196125e-04 
 1.67750000e-09  8.84142475e-04 
 1.67850000e-09  8.69341855e-04 
 1.67950000e-09  8.54790102e-04 
 1.68050000e-09  8.40482958e-04 
 1.68150000e-09  8.26416397e-04 
 1.68250000e-09  8.12586303e-04 
 1.68350000e-09  7.98988780e-04 
 1.68450000e-09  7.85619851e-04 
 1.68550000e-09  7.72475748e-04 
 1.68650000e-09  7.59552625e-04 
 1.68750000e-09  7.46846838e-04 
 1.68850000e-09  7.34354669e-04 
 1.68950000e-09  7.22072595e-04 
 1.69050000e-09  7.09997021e-04 
 1.69150000e-09  6.98124540e-04 
 1.69250000e-09  6.86451676e-04 
 1.69350000e-09  6.74975136e-04 
 1.69450000e-09  6.63691558e-04 
 1.69550000e-09  6.52597757e-04 
 1.69650000e-09  6.41690485e-04 
 1.69750000e-09  6.30966662e-04 
 1.69850000e-09  6.20423147e-04 
 1.69950000e-09  6.10056961e-04 
 1.70000000e-09  6.04939497e-04 
 1.70010000e-09  6.99955863e-04 
 1.70030000e-09  8.49024403e-04 
 1.70070000e-09  1.11308647e-03 
 1.70150000e-09  1.59417251e-03 
 1.70250000e-09  2.10788746e-03 
 1.70350000e-09  2.49146323e-03 
 1.70450000e-09  2.77288807e-03 
 1.70550000e-09  2.98579569e-03 
 1.70650000e-09  3.14054782e-03 
 1.70750000e-09  3.25822107e-03 
 1.70850000e-09  3.34131614e-03 
 1.70950000e-09  3.40437976e-03 
 1.71050000e-09  3.44601236e-03 
 1.71150000e-09  3.47699979e-03 
 1.71250000e-09  3.49405690e-03 
 1.71350000e-09  3.50577794e-03 
 1.71450000e-09  3.50820524e-03 
 1.71550000e-09  3.50520456e-03 
 1.71650000e-09  3.49634140e-03 
 1.71750000e-09  3.48933779e-03 
 1.71850000e-09  3.48116843e-03 
 1.71950000e-09  3.47852496e-03 
 1.72050000e-09  3.47883404e-03 
 1.72150000e-09  3.48835325e-03 
 1.72250000e-09  3.50425512e-03 
 1.72350000e-09  3.53128619e-03 
 1.72450000e-09  3.56524787e-03 
 1.72550000e-09  3.60823051e-03 
 1.72650000e-09  3.64694691e-03 
 1.72750000e-09  3.68636339e-03 
 1.72850000e-09  3.72369093e-03 
 1.72950000e-09  3.76004365e-03 
 1.73050000e-09  3.79018570e-03 
 1.73150000e-09  3.81643094e-03 
 1.73250000e-09  3.83607820e-03 
 1.73350000e-09  3.85376749e-03 
 1.73450000e-09  3.86947458e-03 
 1.73550000e-09  3.88958328e-03 
 1.73650000e-09  3.91574800e-03 
 1.73750000e-09  3.95513500e-03 
 1.73850000e-09  4.01005817e-03 
 1.73950000e-09  4.08735168e-03 
 1.74050000e-09  4.18873850e-03 
 1.74150000e-09  4.31971550e-03 
 1.74250000e-09  4.48090102e-03 
 1.74350000e-09  4.67667980e-03 
 1.74450000e-09  4.90742795e-03 
 1.74550000e-09  5.17758164e-03 
 1.74650000e-09  5.48924405e-03 
 1.74750000e-09  5.85061785e-03 
 1.74850000e-09  6.27003173e-03 
 1.74950000e-09  6.76563043e-03 
 1.75000000e-09  7.04943812e-03 
 1.75010000e-09  7.12982083e-03 
 1.75030000e-09  7.28781725e-03 
 1.75070000e-09  7.60123302e-03 
 1.75150000e-09  8.23508966e-03 
 1.75250000e-09  9.07500950e-03 
 1.75350000e-09  1.00218855e-02 
 1.75450000e-09  1.11165107e-02 
 1.75550000e-09  1.23669092e-02 
 1.75650000e-09  1.37928288e-02 
 1.75750000e-09  1.53794925e-02 
 1.75850000e-09  1.70543159e-02 
 1.75950000e-09  1.87094287e-02 
 1.76050000e-09  2.02092948e-02 
 1.76150000e-09  2.14208551e-02 
 1.76250000e-09  2.22208383e-02 
 1.76350000e-09  2.25264839e-02 
 1.76450000e-09  2.22970739e-02 
 1.76550000e-09  2.15436271e-02 
 1.76650000e-09  2.03091807e-02 
 1.76750000e-09  1.87566898e-02 
 1.76850000e-09  1.68953656e-02 
 1.76950000e-09  1.47489307e-02 
 1.77050000e-09  1.23936851e-02 
 1.77150000e-09  9.87859613e-03 
 1.77250000e-09  7.26500121e-03 
 1.77350000e-09  4.58873662e-03 
 1.77450000e-09  1.89882319e-03 
 1.77550000e-09 -8.66704279e-04 
 1.77650000e-09 -3.77443969e-03 
 1.77750000e-09 -6.53850749e-03 
 1.77850000e-09 -9.13727191e-03 
 1.77950000e-09 -1.16025408e-02 
 1.78050000e-09 -1.39203996e-02 
 1.78150000e-09 -1.61155176e-02 
 1.78250000e-09 -1.81872027e-02 
 1.78350000e-09 -2.01618749e-02 
 1.78450000e-09 -2.20325138e-02 
 1.78550000e-09 -2.38226414e-02 
 1.78650000e-09 -2.55276941e-02 
 1.78750000e-09 -2.71677582e-02 
 1.78850000e-09 -2.87382204e-02 
 1.78950000e-09 -3.02553221e-02 
 1.79050000e-09 -3.17137288e-02 
 1.79150000e-09 -3.31261036e-02 
 1.79250000e-09 -3.44865764e-02 
 1.79350000e-09 -3.58057168e-02 
 1.79450000e-09 -3.70796405e-02 
 1.79550000e-09 -3.83224827e-02 
 1.79650000e-09 -3.95392633e-02 
 1.79750000e-09 -4.07545140e-02 
 1.79850000e-09 -4.19847586e-02 
 1.79950000e-09 -4.32550179e-02 
 1.80050000e-09 -4.45706414e-02 
 1.80150000e-09 -4.59439366e-02 
 1.80250000e-09 -4.73210921e-02 
 1.80350000e-09 -4.86676635e-02 
 1.80450000e-09 -4.98821802e-02 
 1.80550000e-09 -5.08649625e-02 
 1.80650000e-09 -5.14876147e-02 
 1.80750000e-09 -5.16821559e-02 
 1.80850000e-09 -5.13911665e-02 
 1.80950000e-09 -5.06199183e-02 
 1.81050000e-09 -4.93769063e-02 
 1.81150000e-09 -4.77158698e-02 
 1.81250000e-09 -4.56781195e-02 
 1.81350000e-09 -4.33432208e-02 
 1.81450000e-09 -4.07735606e-02 
 1.81550000e-09 -3.80548577e-02 
 1.81650000e-09 -3.52428524e-02 
 1.81750000e-09 -3.24090301e-02 
 1.81850000e-09 -2.95922610e-02 
 1.81950000e-09 -2.68442471e-02 
 1.82050000e-09 -2.41938104e-02 
 1.82150000e-09 -2.16776934e-02 
 1.82250000e-09 -1.93033556e-02 
 1.82350000e-09 -1.70936913e-02 
 1.82450000e-09 -1.50445883e-02 
 1.82550000e-09 -1.31683779e-02 
 1.82650000e-09 -1.14528818e-02 
 1.82750000e-09 -9.90334083e-03 
 1.82850000e-09 -8.50278571e-03 
 1.82950000e-09 -7.25232222e-03 
 1.83050000e-09 -6.13279834e-03 
 1.83150000e-09 -5.14340218e-03 
 1.83250000e-09 -4.26462079e-03 
 1.83350000e-09 -3.49518958e-03 
 1.83450000e-09 -2.81636590e-03 
 1.83550000e-09 -2.22729019e-03 
 1.83650000e-09 -1.71059531e-03 
 1.83750000e-09 -1.26624741e-03 
 1.83850000e-09 -8.78499933e-04 
 1.83950000e-09 -5.48280539e-04 
 1.84050000e-09 -2.61484329e-04 
 1.84150000e-09 -1.99668550e-05 
 1.84250000e-09  1.76885587e-04 
 1.84350000e-09  3.40844174e-04 
 1.84450000e-09  4.84479446e-04 
 1.84550000e-09  6.02835515e-04 
 1.84650000e-09  7.05897351e-04 
 1.84750000e-09  7.88714697e-04 
 1.84850000e-09  8.60323201e-04 
 1.84950000e-09  9.16058038e-04 
 1.85050000e-09  9.63926754e-04 
 1.85150000e-09  9.98936367e-04 
 1.85250000e-09  1.02861324e-03 
 1.85350000e-09  1.04810969e-03 
 1.85450000e-09  1.06431080e-03 
 1.85550000e-09  1.07241759e-03 
 1.85650000e-09  1.07876239e-03 
 1.85750000e-09  1.07862874e-03 
 1.85850000e-09  1.07787117e-03 
 1.85950000e-09  1.07188227e-03 
 1.86050000e-09  1.06610129e-03 
 1.86150000e-09  1.05604956e-03 
 1.86250000e-09  1.04680276e-03 
 1.86350000e-09  1.03402474e-03 
 1.86450000e-09  1.02247023e-03 
 1.86550000e-09  1.00795448e-03 
 1.86650000e-09  9.94946371e-04 
 1.86750000e-09  9.79417510e-04 
 1.86850000e-09  9.65579957e-04 
 1.86950000e-09  9.49563573e-04 
 1.87050000e-09  9.35347741e-04 
 1.87150000e-09  9.19220160e-04 
 1.87250000e-09  9.04947766e-04 
 1.87350000e-09  8.88973963e-04 
 1.87450000e-09  8.74870361e-04 
 1.87550000e-09  8.59232704e-04 
 1.87650000e-09  8.45451915e-04 
 1.87750000e-09  8.30271854e-04 
 1.87850000e-09  8.16915415e-04 
 1.87950000e-09  8.02269776e-04 
 1.88050000e-09  7.89400885e-04 
 1.88150000e-09  7.75334079e-04 
 1.88250000e-09  7.62988165e-04 
 1.88350000e-09  7.49521288e-04 
 1.88450000e-09  7.37713883e-04 
 1.88550000e-09  7.24851478e-04 
 1.88650000e-09  7.13584059e-04 
 1.88750000e-09  7.01319123e-04 
 1.88850000e-09  6.90583428e-04 
 1.88950000e-09  6.78901098e-04 
 1.89050000e-09  6.68682294e-04 
 1.89150000e-09  6.57562548e-04 
 1.89250000e-09  6.47841551e-04 
 1.89350000e-09  6.37261172e-04 
 1.89450000e-09  6.28016333e-04 
 1.89550000e-09  6.17950327e-04 
 1.89650000e-09  6.09158637e-04 
 1.89750000e-09  5.99581249e-04 
 1.89850000e-09  5.91219201e-04 
 1.89950000e-09  5.82104625e-04 
 1.90050000e-09  5.74148816e-04 
 1.90150000e-09  5.65471687e-04 
 1.90250000e-09  5.57899227e-04 
 1.90350000e-09  5.49634955e-04 
 1.90450000e-09  5.42423743e-04 
 1.90550000e-09  5.34548719e-04 
 1.90650000e-09  5.27677610e-04 
 1.90750000e-09  5.20169336e-04 
 1.90850000e-09  5.13618243e-04 
 1.90950000e-09  5.06455397e-04 
 1.91050000e-09  5.00205335e-04 
 1.91150000e-09  4.93367790e-04 
 1.91250000e-09  4.87400886e-04 
 1.91350000e-09  4.80869703e-04 
 1.91450000e-09  4.75169180e-04 
 1.91550000e-09  4.68926578e-04 
 1.91650000e-09  4.63476721e-04 
 1.91750000e-09  4.57506035e-04 
 1.91850000e-09  4.52292148e-04 
 1.91950000e-09  4.46577775e-04 
 1.92050000e-09  4.41586129e-04 
 1.92150000e-09  4.36113477e-04 
 1.92250000e-09  4.31331257e-04 
 1.92350000e-09  4.26086679e-04 
 1.92450000e-09  4.21501929e-04 
 1.92550000e-09  4.16472671e-04 
 1.92650000e-09  4.12074237e-04 
 1.92750000e-09  4.07248378e-04 
 1.92850000e-09  4.03025857e-04 
 1.92950000e-09  3.98392254e-04 
 1.93050000e-09  3.94335937e-04 
 1.93150000e-09  3.89884173e-04 
 1.93250000e-09  3.85985003e-04 
 1.93350000e-09  3.81705335e-04 
 1.93450000e-09  3.77954855e-04 
 1.93550000e-09  3.73838168e-04 
 1.93650000e-09  3.70228481e-04 
 1.93750000e-09  3.66266242e-04 
 1.93850000e-09  3.62789968e-04 
 1.93950000e-09  3.58974188e-04 
 1.94050000e-09  3.55624427e-04 
 1.94150000e-09  3.51947618e-04 
 1.94250000e-09  3.48717916e-04 
 1.94350000e-09  3.45173059e-04 
 1.94450000e-09  3.42057373e-04 
 1.94550000e-09  3.38637882e-04 
 1.94650000e-09  3.35630552e-04 
 1.94750000e-09  3.32330248e-04 
 1.94850000e-09  3.29425968e-04 
 1.94950000e-09  3.26239043e-04 
 1.95000000e-09  3.24909612e-04 
 1.95010000e-09  3.24537359e-04 
 1.95030000e-09  3.23938981e-04 
 1.95070000e-09  3.22767425e-04 
 1.95150000e-09  3.20430534e-04 
 1.95250000e-09  3.17566184e-04 
 1.95350000e-09  3.14738770e-04 
 1.95450000e-09  3.11968827e-04 
 1.95550000e-09  3.09234116e-04 
 1.95650000e-09  3.06554188e-04 
 1.95750000e-09  3.03907894e-04 
 1.95850000e-09  3.01313845e-04 
 1.95950000e-09  2.98751929e-04 
 1.96050000e-09  2.96239864e-04 
 1.96150000e-09  2.93758522e-04 
 1.96250000e-09  2.91324767e-04 
 1.96350000e-09  2.88920409e-04 
 1.96450000e-09  2.86561502e-04 
 1.96550000e-09  2.84230743e-04 
 1.96650000e-09  2.81943413e-04 
 1.96750000e-09  2.79683055e-04 
 1.96850000e-09  2.77464214e-04 
 1.96950000e-09  2.75271236e-04 
 1.97050000e-09  2.73117966e-04 
 1.97150000e-09  2.70989510e-04 
 1.97250000e-09  2.68899050e-04 
 1.97350000e-09  2.66832415e-04 
 1.97450000e-09  2.64802152e-04 
 1.97550000e-09  2.62794779e-04 
 1.97650000e-09  2.60822240e-04 
 1.97750000e-09  2.58871705e-04 
 1.97850000e-09  2.56954547e-04 
 1.97950000e-09  2.55058554e-04 
 1.98050000e-09  2.53194553e-04 
 1.98150000e-09  2.51350923e-04 
 1.98250000e-09  2.49537972e-04 
 1.98350000e-09  2.47744637e-04 
 1.98450000e-09  2.45980733e-04 
 1.98550000e-09  2.44235730e-04 
 1.98650000e-09  2.42518973e-04 
 1.98750000e-09  2.40820436e-04 
 1.98850000e-09  2.39149020e-04 
 1.98950000e-09  2.37495178e-04 
 1.99050000e-09  2.35867385e-04 
 1.99150000e-09  2.34256550e-04 
 1.99250000e-09  2.32670748e-04 
 1.99350000e-09  2.31101317e-04 
 1.99450000e-09  2.29555950e-04 
 1.99550000e-09  2.28026395e-04 
 1.99650000e-09  2.26519981e-04 
 1.99750000e-09  2.25028847e-04 
 1.99850000e-09  2.23559975e-04 
 1.99950000e-09  2.22105875e-04 
 2.00000000e-09  2.21388147e-04 
