 0.00000000e+00  1.41117233e-01 
 1.00000000e-14  1.41117233e-01 
 2.00000000e-14  1.41117233e-01 
 4.00000000e-14  1.41117233e-01 
 8.00000000e-14  1.41117233e-01 
 1.60000000e-13  1.41117233e-01 
 3.20000000e-13  1.41117233e-01 
 6.40000000e-13  1.41117233e-01 
 1.28000000e-12  1.41117233e-01 
 2.28000000e-12  1.41117233e-01 
 3.28000000e-12  1.41117233e-01 
 4.28000000e-12  1.41117233e-01 
 5.28000000e-12  1.41117233e-01 
 6.28000000e-12  1.41117233e-01 
 7.28000000e-12  1.41117233e-01 
 8.28000000e-12  1.41117233e-01 
 9.28000000e-12  1.41117233e-01 
 1.02800000e-11  1.41117233e-01 
 1.12800000e-11  1.41117233e-01 
 1.22800000e-11  1.41117233e-01 
 1.32800000e-11  1.41117233e-01 
 1.42800000e-11  1.41117233e-01 
 1.52800000e-11  1.41117233e-01 
 1.62800000e-11  1.41117233e-01 
 1.72800000e-11  1.41117233e-01 
 1.82800000e-11  1.41117233e-01 
 1.92800000e-11  1.41117233e-01 
 2.02800000e-11  1.41117233e-01 
 2.12800000e-11  1.41117233e-01 
 2.22800000e-11  1.41117233e-01 
 2.32800000e-11  1.41117233e-01 
 2.42800000e-11  1.41117233e-01 
 2.52800000e-11  1.41117233e-01 
 2.62800000e-11  1.41117233e-01 
 2.72800000e-11  1.41117233e-01 
 2.82800000e-11  1.41117233e-01 
 2.92800000e-11  1.41117233e-01 
 3.02800000e-11  1.41117233e-01 
 3.12800000e-11  1.41117233e-01 
 3.22800000e-11  1.41117233e-01 
 3.32800000e-11  1.41117233e-01 
 3.42800000e-11  1.41117233e-01 
 3.52800000e-11  1.41117233e-01 
 3.62800000e-11  1.41117233e-01 
 3.72800000e-11  1.41117233e-01 
 3.82800000e-11  1.41117233e-01 
 3.92800000e-11  1.41117233e-01 
 4.02800000e-11  1.41117233e-01 
 4.12800000e-11  1.41117233e-01 
 4.22800000e-11  1.41117233e-01 
 4.32800000e-11  1.41117233e-01 
 4.42800000e-11  1.41117233e-01 
 4.52800000e-11  1.41117233e-01 
 4.62800000e-11  1.41117233e-01 
 4.72800000e-11  1.41117233e-01 
 4.82800000e-11  1.41117233e-01 
 4.92800000e-11  1.41117233e-01 
 5.00000000e-11  1.41117233e-01 
 5.01000000e-11  1.41117233e-01 
 5.03000000e-11  1.41117233e-01 
 5.07000000e-11  1.41117233e-01 
 5.15000000e-11  1.41117233e-01 
 5.25000000e-11  1.41117233e-01 
 5.35000000e-11  1.41117233e-01 
 5.45000000e-11  1.41117233e-01 
 5.55000000e-11  1.41117233e-01 
 5.65000000e-11  1.41117233e-01 
 5.75000000e-11  1.41117233e-01 
 5.85000000e-11  1.41117233e-01 
 5.95000000e-11  1.41117233e-01 
 6.05000000e-11  1.41117233e-01 
 6.15000000e-11  1.41117233e-01 
 6.25000000e-11  1.41117233e-01 
 6.35000000e-11  1.41117233e-01 
 6.45000000e-11  1.41117233e-01 
 6.55000000e-11  1.41117233e-01 
 6.65000000e-11  1.41117233e-01 
 6.75000000e-11  1.41117233e-01 
 6.85000000e-11  1.41117233e-01 
 6.95000000e-11  1.41117233e-01 
 7.05000000e-11  1.41117233e-01 
 7.15000000e-11  1.41117233e-01 
 7.25000000e-11  1.41117233e-01 
 7.35000000e-11  1.41117233e-01 
 7.45000000e-11  1.41117233e-01 
 7.55000000e-11  1.41117233e-01 
 7.65000000e-11  1.41117233e-01 
 7.75000000e-11  1.41117233e-01 
 7.85000000e-11  1.41117233e-01 
 7.95000000e-11  1.41117233e-01 
 8.05000000e-11  1.41117233e-01 
 8.15000000e-11  1.41117233e-01 
 8.25000000e-11  1.41117233e-01 
 8.35000000e-11  1.41117233e-01 
 8.45000000e-11  1.41117233e-01 
 8.55000000e-11  1.41117233e-01 
 8.65000000e-11  1.41117233e-01 
 8.75000000e-11  1.41117233e-01 
 8.85000000e-11  1.41117233e-01 
 8.95000000e-11  1.41117233e-01 
 9.05000000e-11  1.41117233e-01 
 9.15000000e-11  1.41117233e-01 
 9.25000000e-11  1.41117233e-01 
 9.35000000e-11  1.41117233e-01 
 9.45000000e-11  1.41117233e-01 
 9.55000000e-11  1.41117233e-01 
 9.65000000e-11  1.41117233e-01 
 9.75000000e-11  1.41117233e-01 
 9.85000000e-11  1.41117233e-01 
 9.95000000e-11  1.41117233e-01 
 1.00500000e-10  1.41117233e-01 
 1.01500000e-10  1.41117233e-01 
 1.02500000e-10  1.41117233e-01 
 1.03500000e-10  1.41117233e-01 
 1.04500000e-10  1.41117233e-01 
 1.05500000e-10  1.41117233e-01 
 1.06500000e-10  1.41117233e-01 
 1.07500000e-10  1.41117233e-01 
 1.08500000e-10  1.41117233e-01 
 1.09500000e-10  1.41117233e-01 
 1.10500000e-10  1.41117233e-01 
 1.11500000e-10  1.41117233e-01 
 1.12500000e-10  1.41117233e-01 
 1.13500000e-10  1.41117233e-01 
 1.14500000e-10  1.41117233e-01 
 1.15500000e-10  1.41117233e-01 
 1.16500000e-10  1.41117233e-01 
 1.17500000e-10  1.41117233e-01 
 1.18500000e-10  1.41117233e-01 
 1.19500000e-10  1.41117233e-01 
 1.20500000e-10  1.41117233e-01 
 1.21500000e-10  1.41117233e-01 
 1.22500000e-10  1.41117233e-01 
 1.23500000e-10  1.41117233e-01 
 1.24500000e-10  1.41117233e-01 
 1.25500000e-10  1.41117233e-01 
 1.26500000e-10  1.41117233e-01 
 1.27500000e-10  1.41117233e-01 
 1.28500000e-10  1.41117233e-01 
 1.29500000e-10  1.41117233e-01 
 1.30500000e-10  1.41117233e-01 
 1.31500000e-10  1.41117233e-01 
 1.32500000e-10  1.41117233e-01 
 1.33500000e-10  1.41117233e-01 
 1.34500000e-10  1.41117233e-01 
 1.35500000e-10  1.41117233e-01 
 1.36500000e-10  1.41117233e-01 
 1.37500000e-10  1.41117233e-01 
 1.38500000e-10  1.41117233e-01 
 1.39500000e-10  1.41117233e-01 
 1.40500000e-10  1.41117233e-01 
 1.41500000e-10  1.41117233e-01 
 1.42500000e-10  1.41117233e-01 
 1.43500000e-10  1.41117233e-01 
 1.44500000e-10  1.41117233e-01 
 1.45500000e-10  1.41117233e-01 
 1.46500000e-10  1.41117233e-01 
 1.47500000e-10  1.41117233e-01 
 1.48500000e-10  1.41117233e-01 
 1.49500000e-10  1.41117233e-01 
 1.50500000e-10  1.41117233e-01 
 1.51500000e-10  1.41117233e-01 
 1.52500000e-10  1.41117233e-01 
 1.53500000e-10  1.41117233e-01 
 1.54500000e-10  1.41117233e-01 
 1.55500000e-10  1.41117233e-01 
 1.56500000e-10  1.41117233e-01 
 1.57500000e-10  1.41117233e-01 
 1.58500000e-10  1.41117233e-01 
 1.59500000e-10  1.41117233e-01 
 1.60500000e-10  1.41117233e-01 
 1.61500000e-10  1.41117233e-01 
 1.62500000e-10  1.41117233e-01 
 1.63500000e-10  1.41117233e-01 
 1.64500000e-10  1.41117233e-01 
 1.65500000e-10  1.41117233e-01 
 1.66500000e-10  1.41117233e-01 
 1.67500000e-10  1.41117233e-01 
 1.68500000e-10  1.41117233e-01 
 1.69500000e-10  1.41117233e-01 
 1.70500000e-10  1.41117233e-01 
 1.71500000e-10  1.41117233e-01 
 1.72500000e-10  1.41117233e-01 
 1.73500000e-10  1.41117233e-01 
 1.74500000e-10  1.41117233e-01 
 1.75500000e-10  1.41117233e-01 
 1.76500000e-10  1.41117233e-01 
 1.77500000e-10  1.41117233e-01 
 1.78500000e-10  1.41117233e-01 
 1.79500000e-10  1.41117233e-01 
 1.80500000e-10  1.41117233e-01 
 1.81500000e-10  1.41117233e-01 
 1.82500000e-10  1.41117233e-01 
 1.83500000e-10  1.41117233e-01 
 1.84500000e-10  1.41117233e-01 
 1.85500000e-10  1.41117233e-01 
 1.86500000e-10  1.41117233e-01 
 1.87500000e-10  1.41117233e-01 
 1.88500000e-10  1.41117233e-01 
 1.89500000e-10  1.41117233e-01 
 1.90500000e-10  1.41117233e-01 
 1.91500000e-10  1.41117233e-01 
 1.92500000e-10  1.41117233e-01 
 1.93500000e-10  1.41117233e-01 
 1.94500000e-10  1.41117233e-01 
 1.95500000e-10  1.41117233e-01 
 1.96500000e-10  1.41117233e-01 
 1.97500000e-10  1.41117233e-01 
 1.98500000e-10  1.41117233e-01 
 1.99500000e-10  1.41117233e-01 
 2.00000000e-10  1.41117233e-01 
 2.00100000e-10  1.41299737e-01 
 2.00300000e-10  1.41537172e-01 
 2.00700000e-10  1.41871914e-01 
 2.01500000e-10  1.42412848e-01 
 2.02500000e-10  1.42778846e-01 
 2.03500000e-10  1.42930720e-01 
 2.04500000e-10  1.42885790e-01 
 2.05500000e-10  1.42733980e-01 
 2.06500000e-10  1.42475284e-01 
 2.07500000e-10  1.42171596e-01 
 2.08500000e-10  1.41814054e-01 
 2.09500000e-10  1.41445488e-01 
 2.10500000e-10  1.41052725e-01 
 2.11500000e-10  1.40666847e-01 
 2.12500000e-10  1.40273259e-01 
 2.13500000e-10  1.39894801e-01 
 2.14500000e-10  1.39516906e-01 
 2.15500000e-10  1.39156710e-01 
 2.16500000e-10  1.38800444e-01 
 2.17500000e-10  1.38461171e-01 
 2.18500000e-10  1.38126225e-01 
 2.19500000e-10  1.37805647e-01 
 2.20500000e-10  1.37487935e-01 
 2.21500000e-10  1.37180851e-01 
 2.22500000e-10  1.36874111e-01 
 2.23500000e-10  1.36573917e-01 
 2.24500000e-10  1.36271432e-01 
 2.25500000e-10  1.35972151e-01 
 2.26500000e-10  1.35669207e-01 
 2.27500000e-10  1.35368198e-01 
 2.28500000e-10  1.35063954e-01 
 2.29500000e-10  1.34761209e-01 
 2.30500000e-10  1.34455077e-01 
 2.31500000e-10  1.34150397e-01 
 2.32500000e-10  1.33847203e-01 
 2.33500000e-10  1.33558576e-01 
 2.34500000e-10  1.33298631e-01 
 2.35500000e-10  1.33095942e-01 
 2.36500000e-10  1.32973568e-01 
 2.37500000e-10  1.32941563e-01 
 2.38500000e-10  1.32960862e-01 
 2.39500000e-10  1.32930435e-01 
 2.40500000e-10  1.32679899e-01 
 2.41500000e-10  1.32033444e-01 
 2.42500000e-10  1.30889223e-01 
 2.43500000e-10  1.29292489e-01 
 2.44500000e-10  1.27402597e-01 
 2.45500000e-10  1.25424572e-01 
 2.46500000e-10  1.23539466e-01 
 2.47500000e-10  1.21882531e-01 
 2.48500000e-10  1.20534500e-01 
 2.49500000e-10  1.19538244e-01 
 2.50000000e-10  1.19175616e-01 
 2.50100000e-10  1.19114438e-01 
 2.50300000e-10  1.18983480e-01 
 2.50700000e-10  1.18764131e-01 
 2.51500000e-10  1.18410230e-01 
 2.52500000e-10  1.18210560e-01 
 2.53500000e-10  1.18353478e-01 
 2.54500000e-10  1.18858240e-01 
 2.55500000e-10  1.19740878e-01 
 2.56500000e-10  1.20983137e-01 
 2.57500000e-10  1.22582845e-01 
 2.58500000e-10  1.24519606e-01 
 2.59500000e-10  1.26796056e-01 
 2.60500000e-10  1.29399029e-01 
 2.61500000e-10  1.32343744e-01 
 2.62500000e-10  1.35632000e-01 
 2.63500000e-10  1.39293426e-01 
 2.64500000e-10  1.43347295e-01 
 2.65500000e-10  1.47842001e-01 
 2.66500000e-10  1.52817806e-01 
 2.67500000e-10  1.58335508e-01 
 2.68500000e-10  1.64424877e-01 
 2.69500000e-10  1.71103094e-01 
 2.70500000e-10  1.78355327e-01 
 2.71500000e-10  1.86188646e-01 
 2.72500000e-10  1.94617484e-01 
 2.73500000e-10  2.03688689e-01 
 2.74500000e-10  2.13436247e-01 
 2.75500000e-10  2.23873634e-01 
 2.76500000e-10  2.34949400e-01 
 2.77500000e-10  2.46567867e-01 
 2.78500000e-10  2.58579621e-01 
 2.79500000e-10  2.70813605e-01 
 2.80500000e-10  2.83077611e-01 
 2.81500000e-10  2.95198432e-01 
 2.82500000e-10  3.07028331e-01 
 2.83500000e-10  3.18469519e-01 
 2.84500000e-10  3.29460712e-01 
 2.85500000e-10  3.39980302e-01 
 2.86500000e-10  3.50023428e-01 
 2.87500000e-10  3.59601528e-01 
 2.88500000e-10  3.68725613e-01 
 2.89500000e-10  3.77412689e-01 
 2.90500000e-10  3.85678344e-01 
 2.91500000e-10  3.93546931e-01 
 2.92500000e-10  4.01043793e-01 
 2.93500000e-10  4.08193223e-01 
 2.94500000e-10  4.15002217e-01 
 2.95500000e-10  4.21465976e-01 
 2.96500000e-10  4.27570644e-01 
 2.97500000e-10  4.33303273e-01 
 2.98500000e-10  4.38648729e-01 
 2.99500000e-10  4.43595927e-01 
 3.00500000e-10  4.48133288e-01 
 3.01500000e-10  4.52251142e-01 
 3.02500000e-10  4.55939463e-01 
 3.03500000e-10  4.59189867e-01 
 3.04500000e-10  4.61994052e-01 
 3.05500000e-10  4.64345311e-01 
 3.06500000e-10  4.66237314e-01 
 3.07500000e-10  4.67665144e-01 
 3.08500000e-10  4.68624280e-01 
 3.09500000e-10  4.69111265e-01 
 3.10500000e-10  4.69122837e-01 
 3.11500000e-10  4.68656355e-01 
 3.12500000e-10  4.67709088e-01 
 3.13500000e-10  4.66278490e-01 
 3.14500000e-10  4.64361653e-01 
 3.15500000e-10  4.61955507e-01 
 3.16500000e-10  4.59056431e-01 
 3.17500000e-10  4.55660435e-01 
 3.18500000e-10  4.51762908e-01 
 3.19500000e-10  4.47358816e-01 
 3.20500000e-10  4.42442585e-01 
 3.21500000e-10  4.37008322e-01 
 3.22500000e-10  4.31049838e-01 
 3.23500000e-10  4.24560952e-01 
 3.24500000e-10  4.17535669e-01 
 3.25500000e-10  4.09971887e-01 
 3.26500000e-10  4.01862388e-01 
 3.27500000e-10  3.93203911e-01 
 3.28500000e-10  3.83996138e-01 
 3.29500000e-10  3.74243061e-01 
 3.30500000e-10  3.63953284e-01 
 3.31500000e-10  3.53142811e-01 
 3.32500000e-10  3.41836443e-01 
 3.33500000e-10  3.30070190e-01 
 3.34500000e-10  3.17894108e-01 
 3.35500000e-10  3.05375300e-01 
 3.36500000e-10  2.92595071e-01 
 3.37500000e-10  2.79649359e-01 
 3.38500000e-10  2.66644998e-01 
 3.39500000e-10  2.53695057e-01 
 3.40500000e-10  2.40911340e-01 
 3.41500000e-10  2.28397109e-01 
 3.42500000e-10  2.16239647e-01 
 3.43500000e-10  2.04506186e-01 
 3.44500000e-10  1.93242979e-01 
 3.45500000e-10  1.82477929e-01 
 3.46500000e-10  1.72223901e-01 
 3.47500000e-10  1.62483158e-01 
 3.48500000e-10  1.53250329e-01 
 3.49500000e-10  1.44515125e-01 
 3.50500000e-10  1.36263685e-01 
 3.51500000e-10  1.28479952e-01 
 3.52500000e-10  1.21146146e-01 
 3.53500000e-10  1.14243545e-01 
 3.54500000e-10  1.07752623e-01 
 3.55500000e-10  1.01653598e-01 
 3.56500000e-10  9.59264466e-02 
 3.57500000e-10  9.05513404e-02 
 3.58500000e-10  8.55085955e-02 
 3.59500000e-10  8.07790440e-02 
 3.60500000e-10  7.63439312e-02 
 3.61500000e-10  7.21852366e-02 
 3.62500000e-10  6.82855282e-02 
 3.63500000e-10  6.46282414e-02 
 3.64500000e-10  6.11974964e-02 
 3.65500000e-10  5.79783441e-02 
 3.66500000e-10  5.49565540e-02 
 3.67500000e-10  5.21188363e-02 
 3.68500000e-10  4.94527599e-02 
 3.69500000e-10  4.69466095e-02 
 3.70500000e-10  4.45890070e-02 
 3.71500000e-10  4.23699162e-02 
 3.72500000e-10  4.02798030e-02 
 3.73500000e-10  3.83099709e-02 
 3.74500000e-10  3.64521837e-02 
 3.75500000e-10  3.46989546e-02 
 3.76500000e-10  3.30432003e-02 
 3.77500000e-10  3.14785039e-02 
 3.78500000e-10  2.99987906e-02 
 3.79500000e-10  2.85985750e-02 
 3.80500000e-10  2.72726542e-02 
 3.81500000e-10  2.60163446e-02 
 3.82500000e-10  2.48251895e-02 
 3.83500000e-10  2.36951897e-02 
 3.84500000e-10  2.26225226e-02 
 3.85500000e-10  2.16037696e-02 
 3.86500000e-10  2.06356449e-02 
 3.87500000e-10  1.97152196e-02 
 3.88500000e-10  1.88396606e-02 
 3.89500000e-10  1.80064521e-02 
 3.90500000e-10  1.72131419e-02 
 3.91500000e-10  1.64575615e-02 
 3.92500000e-10  1.57375801e-02 
 3.93500000e-10  1.50513212e-02 
 3.94500000e-10  1.43969248e-02 
 3.95500000e-10  1.37727609e-02 
 3.96500000e-10  1.31771983e-02 
 3.97500000e-10  1.26088154e-02 
 3.98500000e-10  1.20661747e-02 
 3.99500000e-10  1.15480314e-02 
 4.00500000e-10  1.10531130e-02 
 4.01500000e-10  1.05803251e-02 
 4.02500000e-10  1.01285365e-02 
 4.03500000e-10  9.69678105e-03 
 4.04500000e-10  9.28404904e-03 
 4.05500000e-10  8.88948488e-03 
 4.06500000e-10  8.51218347e-03 
 4.07500000e-10  8.15138465e-03 
 4.08500000e-10  7.80627429e-03 
 4.09500000e-10  7.47617505e-03 
 4.10500000e-10  7.16035217e-03 
 4.11500000e-10  6.85820055e-03 
 4.12500000e-10  6.56905509e-03 
 4.13500000e-10  6.29237399e-03 
 4.14500000e-10  6.02755355e-03 
 4.15500000e-10  5.77410774e-03 
 4.16500000e-10  5.53148726e-03 
 4.17500000e-10  5.29925537e-03 
 4.18500000e-10  5.07691115e-03 
 4.19500000e-10  4.86406165e-03 
 4.20500000e-10  4.66024915e-03 
 4.21500000e-10  4.46511973e-03 
 4.22500000e-10  4.27825438e-03 
 4.23500000e-10  4.09933405e-03 
 4.24500000e-10  3.92797456e-03 
 4.25500000e-10  3.76388815e-03 
 4.26500000e-10  3.60672202e-03 
 4.27500000e-10  3.45621653e-03 
 4.28500000e-10  3.31204727e-03 
 4.29500000e-10  3.17397992e-03 
 4.30500000e-10  3.04171581e-03 
 4.31500000e-10  2.91504348e-03 
 4.32500000e-10  2.79368761e-03 
 4.33500000e-10  2.67745743e-03 
 4.34500000e-10  2.56609886e-03 
 4.35500000e-10  2.45943987e-03 
 4.36500000e-10  2.35724572e-03 
 4.37500000e-10  2.25936137e-03 
 4.38500000e-10  2.16556974e-03 
 4.39500000e-10  2.07573122e-03 
 4.40500000e-10  1.98964482e-03 
 4.41500000e-10  1.90718498e-03 
 4.42500000e-10  1.82816544e-03 
 4.43500000e-10  1.75247338e-03 
 4.44500000e-10  1.67993604e-03 
 4.45500000e-10  1.61045219e-03 
 4.46500000e-10  1.54386143e-03 
 4.47500000e-10  1.48007310e-03 
 4.48500000e-10  1.41893810e-03 
 4.49500000e-10  1.36037544e-03 
 4.50000000e-10  1.33201071e-03 
 4.50100000e-10  1.32642742e-03 
 4.50300000e-10  1.31530109e-03 
 4.50700000e-10  1.29333054e-03 
 4.51500000e-10  1.25049650e-03 
 4.52500000e-10  1.19896744e-03 
 4.53500000e-10  1.14959157e-03 
 4.54500000e-10  1.10227788e-03 
 4.55500000e-10  1.05694024e-03 
 4.56500000e-10  1.01349515e-03 
 4.57500000e-10  9.71863667e-04 
 4.58500000e-10  9.31969174e-04 
 4.59500000e-10  8.93739263e-04 
 4.60500000e-10  8.57103649e-04 
 4.61500000e-10  8.21995922e-04 
 4.62500000e-10  7.88351584e-04 
 4.63500000e-10  7.56109724e-04 
 4.64500000e-10  7.25211152e-04 
 4.65500000e-10  6.95599996e-04 
 4.66500000e-10  6.67221929e-04 
 4.67500000e-10  6.40025701e-04 
 4.68500000e-10  6.13961442e-04 
 4.69500000e-10  5.88982140e-04 
 4.70500000e-10  5.65042016e-04 
 4.71500000e-10  5.42097939e-04 
 4.72500000e-10  5.20107884e-04 
 4.73500000e-10  4.99032279e-04 
 4.74500000e-10  4.78832543e-04 
 4.75500000e-10  4.59472370e-04 
 4.76500000e-10  4.40916336e-04 
 4.77500000e-10  4.23131130e-04 
 4.78500000e-10  4.06084227e-04 
 4.79500000e-10  3.89745063e-04 
 4.80500000e-10  3.74083771e-04 
 4.81500000e-10  3.59072309e-04 
 4.82500000e-10  3.44683249e-04 
 4.83500000e-10  3.30890861e-04 
 4.84500000e-10  3.17669958e-04 
 4.85500000e-10  3.04996929e-04 
 4.86500000e-10  2.92848645e-04 
 4.87500000e-10  2.81203441e-04 
 4.88500000e-10  2.70040074e-04 
 4.89500000e-10  2.59338664e-04 
 4.90500000e-10  2.49079700e-04 
 4.91500000e-10  2.39244943e-04 
 4.92500000e-10  2.29816472e-04 
 4.93500000e-10  2.20777549e-04 
 4.94500000e-10  2.12111715e-04 
 4.95500000e-10  2.03803609e-04 
 4.96500000e-10  1.95838114e-04 
 4.97500000e-10  1.88201135e-04 
 4.98500000e-10  1.80878786e-04 
 4.99500000e-10  1.73858133e-04 
 5.00000000e-10  1.70457266e-04 
 5.00100000e-10  1.69787085e-04 
 5.00300000e-10  1.68452292e-04 
 5.00700000e-10  1.65816067e-04 
 5.01500000e-10  1.60674295e-04 
 5.02500000e-10  1.54484942e-04 
 5.03500000e-10  1.48549976e-04 
 5.04500000e-10  1.42858792e-04 
 5.05500000e-10  1.37401241e-04 
 5.06500000e-10  1.32167585e-04 
 5.07500000e-10  1.27148506e-04 
 5.08500000e-10  1.22335064e-04 
 5.09500000e-10  1.17718703e-04 
 5.10500000e-10  1.13291213e-04 
 5.11500000e-10  1.09044739e-04 
 5.12500000e-10  1.04971743e-04 
 5.13500000e-10  1.01065012e-04 
 5.14500000e-10  9.73176260e-05 
 5.15500000e-10  9.37229613e-05 
 5.16500000e-10  9.02746623e-05 
 5.17500000e-10  8.69666488e-05 
 5.18500000e-10  8.37930844e-05 
 5.19500000e-10  8.07483871e-05 
 5.20500000e-10  7.78271963e-05 
 5.21500000e-10  7.50243859e-05 
 5.22500000e-10  7.23350350e-05 
 5.23500000e-10  6.97544371e-05 
 5.24500000e-10  6.72780725e-05 
 5.25500000e-10  6.49016194e-05 
 5.26500000e-10  6.26209278e-05 
 5.27500000e-10  6.04320290e-05 
 5.28500000e-10  5.83311122e-05 
 5.29500000e-10  5.63145337e-05 
 5.30500000e-10  5.43787932e-05 
 5.31500000e-10  5.25205447e-05 
 5.32500000e-10  5.07365742e-05 
 5.33500000e-10  4.90238090e-05 
 5.34500000e-10  4.73792979e-05 
 5.35500000e-10  4.58002193e-05 
 5.36500000e-10  4.42838626e-05 
 5.37500000e-10  4.28276373e-05 
 5.38500000e-10  4.14290536e-05 
 5.39500000e-10  4.00857321e-05 
 5.40500000e-10  3.87953869e-05 
 5.41500000e-10  3.75558332e-05 
 5.42500000e-10  3.63649713e-05 
 5.43500000e-10  3.52207949e-05 
 5.44500000e-10  3.41213757e-05 
 5.45500000e-10  3.30648709e-05 
 5.46500000e-10  3.20495099e-05 
 5.47500000e-10  3.10736004e-05 
 5.48500000e-10  3.01355159e-05 
 5.49500000e-10  2.92337023e-05 
 5.50000000e-10  2.87959717e-05 
 5.50100000e-10  2.87096250e-05 
 5.50300000e-10  2.85376061e-05 
 5.50700000e-10  2.81975854e-05 
 5.51500000e-10  2.75332813e-05 
 5.52500000e-10  2.67315594e-05 
 5.53500000e-10  2.59605046e-05 
 5.54500000e-10  2.52188578e-05 
 5.55500000e-10  2.45054134e-05 
 5.56500000e-10  2.38190154e-05 
 5.57500000e-10  2.31585565e-05 
 5.58500000e-10  2.25229755e-05 
 5.59500000e-10  2.19112547e-05 
 5.60500000e-10  2.13224193e-05 
 5.61500000e-10  2.07555347e-05 
 5.62500000e-10  2.02097052e-05 
 5.63500000e-10  1.96840729e-05 
 5.64500000e-10  1.91778147e-05 
 5.65500000e-10  1.86901425e-05 
 5.66500000e-10  1.82203006e-05 
 5.67500000e-10  1.77675649e-05 
 5.68500000e-10  1.73312409e-05 
 5.69500000e-10  1.69106630e-05 
 5.70500000e-10  1.65051941e-05 
 5.71500000e-10  1.61142227e-05 
 5.72500000e-10  1.57371632e-05 
 5.73500000e-10  1.53734536e-05 
 5.74500000e-10  1.50225557e-05 
 5.75500000e-10  1.46839539e-05 
 5.76500000e-10  1.43571536e-05 
 5.77500000e-10  1.40416807e-05 
 5.78500000e-10  1.37370804e-05 
 5.79500000e-10  1.34429177e-05 
 5.80500000e-10  1.31587749e-05 
 5.81500000e-10  1.28842519e-05 
 5.82500000e-10  1.26189649e-05 
 5.83500000e-10  1.23625465e-05 
 5.84500000e-10  1.21146440e-05 
 5.85500000e-10  1.18749192e-05 
 5.86500000e-10  1.16430479e-05 
 5.87500000e-10  1.14187200e-05 
 5.88500000e-10  1.12016379e-05 
 5.89500000e-10  1.09915159e-05 
 5.90500000e-10  1.07880801e-05 
 5.91500000e-10  1.05910683e-05 
 5.92500000e-10  1.04002287e-05 
 5.93500000e-10  1.02153202e-05 
 5.94500000e-10  1.00361119e-05 
 5.95500000e-10  9.86238204e-06 
 5.96500000e-10  9.69391775e-06 
 5.97500000e-10  9.53051491e-06 
 5.98500000e-10  9.37197874e-06 
 5.99500000e-10  9.21812209e-06 
 6.00500000e-10  9.06876455e-06 
 6.01500000e-10  8.92373354e-06 
 6.02500000e-10  8.78286454e-06 
 6.03500000e-10  8.64599896e-06 
 6.04500000e-10  8.51298439e-06 
 6.05500000e-10  8.38367499e-06 
 6.06500000e-10  8.25793115e-06 
 6.07500000e-10  8.13561881e-06 
 6.08500000e-10  8.01660958e-06 
 6.09500000e-10  7.90078003e-06 
 6.10500000e-10  7.78801186e-06 
 6.11500000e-10  7.67819171e-06 
 6.12500000e-10  7.57121033e-06 
 6.13500000e-10  7.46696348e-06 
 6.14500000e-10  7.36535100e-06 
 6.15500000e-10  7.26627656e-06 
 6.16500000e-10  7.16964828e-06 
 6.17500000e-10  7.07537749e-06 
 6.18500000e-10  6.98337906e-06 
 6.19500000e-10  6.89357190e-06 
 6.20500000e-10  6.80587807e-06 
 6.21500000e-10  6.72022275e-06 
 6.22500000e-10  6.63653318e-06 
 6.23500000e-10  6.55474040e-06 
 6.24500000e-10  6.47477902e-06 
 6.25500000e-10  6.39658502e-06 
 6.26500000e-10  6.32009671e-06 
 6.27500000e-10  6.24525554e-06 
 6.28500000e-10  6.17200523e-06 
 6.29500000e-10  6.10029245e-06 
 6.30500000e-10  6.03006485e-06 
 6.31500000e-10  5.96127278e-06 
 6.32500000e-10  5.89386865e-06 
 6.33500000e-10  5.82780591e-06 
 6.34500000e-10  5.76304066e-06 
 6.35500000e-10  5.69953071e-06 
 6.36500000e-10  5.63723564e-06 
 6.37500000e-10  5.57611601e-06 
 6.38500000e-10  5.51613422e-06 
 6.39500000e-10  5.45725416e-06 
 6.40500000e-10  5.39944141e-06 
 6.41500000e-10  5.34266261e-06 
 6.42500000e-10  5.28688543e-06 
 6.43500000e-10  5.23207979e-06 
 6.44500000e-10  5.17821613e-06 
 6.45500000e-10  5.12526570e-06 
 6.46500000e-10  5.07320104e-06 
 6.47500000e-10  5.02199594e-06 
 6.48500000e-10  4.97162505e-06 
 6.49500000e-10  4.92206426e-06 
 6.50500000e-10  4.87329059e-06 
 6.51500000e-10  4.82528114e-06 
 6.52500000e-10  4.77801423e-06 
 6.53500000e-10  4.73146907e-06 
 6.54500000e-10  4.68562598e-06 
 6.55500000e-10  4.64046575e-06 
 6.56500000e-10  4.59596961e-06 
 6.57500000e-10  4.55212008e-06 
 6.58500000e-10  4.50889986e-06 
 6.59500000e-10  4.46629208e-06 
 6.60500000e-10  4.42428061e-06 
 6.61500000e-10  4.38285042e-06 
 6.62500000e-10  4.34198699e-06 
 6.63500000e-10  4.30167588e-06 
 6.64500000e-10  4.26190357e-06 
 6.65500000e-10  4.22265665e-06 
 6.66500000e-10  4.18392229e-06 
 6.67500000e-10  4.14568856e-06 
 6.68500000e-10  4.10794348e-06 
 6.69500000e-10  4.07067571e-06 
 6.70500000e-10  4.03387388e-06 
 6.71500000e-10  3.99752751e-06 
 6.72500000e-10  3.96162679e-06 
 6.73500000e-10  3.92616133e-06 
 6.74500000e-10  3.89112135e-06 
 6.75500000e-10  3.85649798e-06 
 6.76500000e-10  3.82228256e-06 
 6.77500000e-10  3.78846637e-06 
 6.78500000e-10  3.75504078e-06 
 6.79500000e-10  3.72199776e-06 
 6.80500000e-10  3.68933009e-06 
 6.81500000e-10  3.65702982e-06 
 6.82500000e-10  3.62508972e-06 
 6.83500000e-10  3.59350302e-06 
 6.84500000e-10  3.56226223e-06 
 6.85500000e-10  3.53136101e-06 
 6.86500000e-10  3.50079350e-06 
 6.87500000e-10  3.47055335e-06 
 6.88500000e-10  3.44063476e-06 
 6.89500000e-10  3.41103190e-06 
 6.90500000e-10  3.38173914e-06 
 6.91500000e-10  3.35275048e-06 
 6.92500000e-10  3.32406098e-06 
 6.93500000e-10  3.29566564e-06 
 6.94500000e-10  3.26755910e-06 
 6.95500000e-10  3.23973732e-06 
 6.96500000e-10  3.21219527e-06 
 6.97500000e-10  3.18492821e-06 
 6.98500000e-10  3.15793181e-06 
 6.99500000e-10  3.13120229e-06 
 7.00000000e-10  3.11793642e-06 
 7.00100000e-10  7.04175572e-04 
 7.00300000e-10  1.55817272e-03 
 7.00700000e-10  2.54804552e-03 
 7.01500000e-10  4.41435143e-03 
 7.02500000e-10  6.22022079e-03 
 7.03500000e-10  7.72096725e-03 
 7.04500000e-10  8.86417555e-03 
 7.05500000e-10  9.82733616e-03 
 7.06500000e-10  1.05562800e-02 
 7.07500000e-10  1.11800084e-02 
 7.08500000e-10  1.16488015e-02 
 7.09500000e-10  1.20601795e-02 
 7.10500000e-10  1.23698623e-02 
 7.11500000e-10  1.26535509e-02 
 7.12500000e-10  1.28720970e-02 
 7.13500000e-10  1.30854089e-02 
 7.14500000e-10  1.32588441e-02 
 7.15500000e-10  1.34404602e-02 
 7.16500000e-10  1.35994270e-02 
 7.17500000e-10  1.37745684e-02 
 7.18500000e-10  1.39381162e-02 
 7.19500000e-10  1.41206062e-02 
 7.20500000e-10  1.42968829e-02 
 7.21500000e-10  1.44929437e-02 
 7.22500000e-10  1.46846972e-02 
 7.23500000e-10  1.48914076e-02 
 7.24500000e-10  1.50894409e-02 
 7.25500000e-10  1.52915894e-02 
 7.26500000e-10  1.54793855e-02 
 7.27500000e-10  1.56646620e-02 
 7.28500000e-10  1.58269857e-02 
 7.29500000e-10  1.59708683e-02 
 7.30500000e-10  1.60708366e-02 
 7.31500000e-10  1.61254098e-02 
 7.32500000e-10  1.61111676e-02 
 7.33500000e-10  1.60302058e-02 
 7.34500000e-10  1.58675918e-02 
 7.35500000e-10  1.56322525e-02 
 7.36500000e-10  1.53184546e-02 
 7.37500000e-10  1.49422766e-02 
 7.38500000e-10  1.45064917e-02 
 7.39500000e-10  1.40324718e-02 
 7.40500000e-10  1.35284487e-02 
 7.41500000e-10  1.30178223e-02 
 7.42500000e-10  1.25093448e-02 
 7.43500000e-10  1.20235697e-02 
 7.44500000e-10  1.15658805e-02 
 7.45500000e-10  1.11516225e-02 
 7.46500000e-10  1.07817656e-02 
 7.47500000e-10  1.04668010e-02 
 7.48500000e-10  1.02037410e-02 
 7.49500000e-10  1.00002286e-02 
 7.50000000e-10  9.91880433e-03 
 7.50100000e-10  9.73065499e-03 
 7.50300000e-10  9.48478195e-03 
 7.50700000e-10  9.26459946e-03 
 7.51500000e-10  8.95723608e-03 
 7.52500000e-10  8.62272891e-03 
 7.53500000e-10  8.33679127e-03 
 7.54500000e-10  8.10051907e-03 
 7.55500000e-10  7.92283587e-03 
 7.56500000e-10  7.81062365e-03 
 7.57500000e-10  7.77532541e-03 
 7.58500000e-10  7.84049280e-03 
 7.59500000e-10  8.00953789e-03 
 7.60500000e-10  8.29881280e-03 
 7.61500000e-10  8.73005293e-03 
 7.62500000e-10  9.31534536e-03 
 7.63500000e-10  1.00610814e-02 
 7.64500000e-10  1.09687860e-02 
 7.65500000e-10  1.20301106e-02 
 7.66500000e-10  1.32265823e-02 
 7.67500000e-10  1.45204366e-02 
 7.68500000e-10  1.58591898e-02 
 7.69500000e-10  1.71695730e-02 
 7.70500000e-10  1.83669283e-02 
 7.71500000e-10  1.93566892e-02 
 7.72500000e-10  2.00513999e-02 
 7.73500000e-10  2.03771075e-02 
 7.74500000e-10  2.02884965e-02 
 7.75500000e-10  1.97682995e-02 
 7.76500000e-10  1.88410146e-02 
 7.77500000e-10  1.76005094e-02 
 7.78500000e-10  1.60694138e-02 
 7.79500000e-10  1.42226917e-02 
 7.80500000e-10  1.21685508e-02 
 7.81500000e-10  9.91283196e-03 
 7.82500000e-10  7.53484903e-03 
 7.83500000e-10  5.04761890e-03 
 7.84500000e-10  2.51166083e-03 
 7.85500000e-10 -6.25324399e-05 
 7.86500000e-10 -2.84570154e-03 
 7.87500000e-10 -5.56095494e-03 
 7.88500000e-10 -8.14828524e-03 
 7.89500000e-10 -1.06462468e-02 
 7.90500000e-10 -1.30084517e-02 
 7.91500000e-10 -1.52725444e-02 
 7.92500000e-10 -1.74071140e-02 
 7.93500000e-10 -1.94474051e-02 
 7.94500000e-10 -2.13726189e-02 
 7.95500000e-10 -2.32140422e-02 
 7.96500000e-10 -2.49575502e-02 
 7.97500000e-10 -2.66301164e-02 
 7.98500000e-10 -2.82214617e-02 
 7.99500000e-10 -2.97546379e-02 
 8.00500000e-10 -3.12225781e-02 
 8.01500000e-10 -3.26352908e-02 
 8.02500000e-10 -3.39971557e-02 
 8.03500000e-10 -3.53210451e-02 
 8.04500000e-10 -3.65999245e-02 
 8.05500000e-10 -3.78440691e-02 
 8.06500000e-10 -3.90482586e-02 
 8.07500000e-10 -4.02222167e-02 
 8.08500000e-10 -4.13608515e-02 
 8.09500000e-10 -4.24720458e-02 
 8.10500000e-10 -4.35501820e-02 
 8.11500000e-10 -4.46011333e-02 
 8.12500000e-10 -4.56183862e-02 
 8.13500000e-10 -4.66054400e-02 
 8.14500000e-10 -4.75543615e-02 
 8.15500000e-10 -4.84660381e-02 
 8.16500000e-10 -4.93311564e-02 
 8.17500000e-10 -5.01491256e-02 
 8.18500000e-10 -5.09120517e-02 
 8.19500000e-10 -5.16234821e-02 
 8.20500000e-10 -5.22853754e-02 
 8.21500000e-10 -5.29150962e-02 
 8.22500000e-10 -5.35306897e-02 
 8.23500000e-10 -5.41611611e-02 
 8.24500000e-10 -5.48285543e-02 
 8.25500000e-10 -5.55562557e-02 
 8.26500000e-10 -5.63549172e-02 
 8.27500000e-10 -5.72322315e-02 
 8.28500000e-10 -5.81799952e-02 
 8.29500000e-10 -5.91799328e-02 
 8.30500000e-10 -6.01886404e-02 
 8.31500000e-10 -6.11499270e-02 
 8.32500000e-10 -6.19814081e-02 
 8.33500000e-10 -6.26070180e-02 
 8.34500000e-10 -6.29623743e-02 
 8.35500000e-10 -6.30143954e-02 
 8.36500000e-10 -6.27429948e-02 
 8.37500000e-10 -6.21399966e-02 
 8.38500000e-10 -6.11896738e-02 
 8.39500000e-10 -5.98818113e-02 
 8.40500000e-10 -5.82148556e-02 
 8.41500000e-10 -5.62127883e-02 
 8.42500000e-10 -5.39130786e-02 
 8.43500000e-10 -5.13672760e-02 
 8.44500000e-10 -4.86267471e-02 
 8.45500000e-10 -4.57466636e-02 
 8.46500000e-10 -4.27763000e-02 
 8.47500000e-10 -3.97633910e-02 
 8.48500000e-10 -3.67510144e-02 
 8.49500000e-10 -3.37784157e-02 
 8.50500000e-10 -3.08760727e-02 
 8.51500000e-10 -2.80716338e-02 
 8.52500000e-10 -2.53846075e-02 
 8.53500000e-10 -2.28320581e-02 
 8.54500000e-10 -2.04237553e-02 
 8.55500000e-10 -1.81678931e-02 
 8.56500000e-10 -1.60665530e-02 
 8.57500000e-10 -1.41212562e-02 
 8.58500000e-10 -1.23286272e-02 
 8.59500000e-10 -1.06856644e-02 
 8.60500000e-10 -9.18555583e-03 
 8.61500000e-10 -7.82260496e-03 
 8.62500000e-10 -6.58815719e-03 
 8.63500000e-10 -5.47520968e-03 
 8.64500000e-10 -4.47444786e-03 
 8.65500000e-10 -3.57853830e-03 
 8.66500000e-10 -2.77829270e-03 
 8.67500000e-10 -2.06667252e-03 
 8.68500000e-10 -1.43509284e-03 
 8.69500000e-10 -8.77168672e-04 
 8.70500000e-10 -3.85168512e-04 
 8.71500000e-10  4.37958828e-05 
 8.72500000e-10  4.00327401e-04 
 8.73500000e-10  7.13248946e-04 
 8.74500000e-10  9.89513338e-04 
 8.75500000e-10  1.22975725e-03 
 8.76500000e-10  1.43963784e-03 
 8.77500000e-10  1.62020606e-03 
 8.78500000e-10  1.77605608e-03 
 8.79500000e-10  1.90833503e-03 
 8.80500000e-10  2.02078589e-03 
 8.81500000e-10  2.11447641e-03 
 8.82500000e-10  2.19246955e-03 
 8.83500000e-10  2.25567056e-03 
 8.84500000e-10  2.30659785e-03 
 8.85500000e-10  2.34596622e-03 
 8.86500000e-10  2.37585674e-03 
 8.87500000e-10  2.39679621e-03 
 8.88500000e-10  2.41051382e-03 
 8.89500000e-10  2.41736583e-03 
 8.90500000e-10  2.41879809e-03 
 8.91500000e-10  2.41501989e-03 
 8.92500000e-10  2.40724887e-03 
 8.93500000e-10  2.39557195e-03 
 8.94500000e-10  2.38102310e-03 
 8.95500000e-10  2.36358990e-03 
 8.96500000e-10  2.34415855e-03 
 8.97500000e-10  2.32263771e-03 
 8.98500000e-10  2.29979473e-03 
 8.99500000e-10  2.27547670e-03 
 9.00500000e-10  2.25035538e-03 
 9.01500000e-10  2.22423070e-03 
 9.02500000e-10  2.19769751e-03 
 9.03500000e-10  2.17052029e-03 
 9.04500000e-10  2.14323195e-03 
 9.05500000e-10  2.11557091e-03 
 9.06500000e-10  2.08802009e-03 
 9.07500000e-10  2.06029986e-03 
 9.08500000e-10  2.03285645e-03 
 9.09500000e-10  2.00539008e-03 
 9.10500000e-10  1.97830861e-03 
 9.11500000e-10  1.95131531e-03 
 9.12500000e-10  1.92478999e-03 
 9.13500000e-10  1.89843089e-03 
 9.14500000e-10  1.87259536e-03 
 9.15500000e-10  1.84697913e-03 
 9.16500000e-10  1.82192137e-03 
 9.17500000e-10  1.79711720e-03 
 9.18500000e-10  1.77289097e-03 
 9.19500000e-10  1.74893851e-03 
 9.20500000e-10  1.72557205e-03 
 9.21500000e-10  1.70248905e-03 
 9.22500000e-10  1.67999173e-03 
 9.23500000e-10  1.65777986e-03 
 9.24500000e-10  1.63614727e-03 
 9.25500000e-10  1.61479653e-03 
 9.26500000e-10  1.59401440e-03 
 9.27500000e-10  1.57350649e-03 
 9.28500000e-10  1.55355361e-03 
 9.29500000e-10  1.53386454e-03 
 9.30500000e-10  1.51471498e-03 
 9.31500000e-10  1.49581695e-03 
 9.32500000e-10  1.47744176e-03 
 9.33500000e-10  1.45930465e-03 
 9.34500000e-10  1.44167311e-03 
 9.35500000e-10  1.42426554e-03 
 9.36500000e-10  1.40734611e-03 
 9.37500000e-10  1.39063626e-03 
 9.38500000e-10  1.37439722e-03 
 9.39500000e-10  1.35835339e-03 
 9.40500000e-10  1.34276338e-03 
 9.41500000e-10  1.32735442e-03 
 9.42500000e-10  1.31238279e-03 
 9.43500000e-10  1.29757838e-03 
 9.44500000e-10  1.28319540e-03 
 9.45500000e-10  1.26896627e-03 
 9.46500000e-10  1.25514331e-03 
 9.47500000e-10  1.24146133e-03 
 9.48500000e-10  1.22817095e-03 
 9.49500000e-10  1.21500923e-03 
 9.50000000e-10  1.20861819e-03 
 9.50100000e-10  1.20730413e-03 
 9.50300000e-10  1.20474417e-03 
 9.50700000e-10  1.19965481e-03 
 9.51500000e-10  1.18959086e-03 
 9.52500000e-10  1.17722542e-03 
 9.53500000e-10  1.16509121e-03 
 9.54500000e-10  1.15318396e-03 
 9.55500000e-10  1.14149659e-03 
 9.56500000e-10  1.13002506e-03 
 9.57500000e-10  1.11876266e-03 
 9.58500000e-10  1.10770559e-03 
 9.59500000e-10  1.09684749e-03 
 9.60500000e-10  1.08618475e-03 
 9.61500000e-10  1.07571138e-03 
 9.62500000e-10  1.06542398e-03 
 9.63500000e-10  1.05531688e-03 
 9.64500000e-10  1.04538686e-03 
 9.65500000e-10  1.03562857e-03 
 9.66500000e-10  1.02603898e-03 
 9.67500000e-10  1.01661304e-03 
 9.68500000e-10  1.00734788e-03 
 9.69500000e-10  9.98238726e-04 
 9.70500000e-10  9.89282878e-04 
 9.71500000e-10  9.80475828e-04 
 9.72500000e-10  9.71815026e-04 
 9.73500000e-10  9.63296212e-04 
 9.74500000e-10  9.54916981e-04 
 9.75500000e-10  9.46673305e-04 
 9.76500000e-10  9.38562916e-04 
 9.77500000e-10  9.30582004e-04 
 9.78500000e-10  9.22728432e-04 
 9.79500000e-10  9.14998596e-04 
 9.80500000e-10  9.07390472e-04 
 9.81500000e-10  8.99900648e-04 
 9.82500000e-10  8.92527219e-04 
 9.83500000e-10  8.85266953e-04 
 9.84500000e-10  8.78118052e-04 
 9.85500000e-10  8.71077453e-04 
 9.86500000e-10  8.64143459e-04 
 9.87500000e-10  8.57313163e-04 
 9.88500000e-10  8.50584967e-04 
 9.89500000e-10  8.43956107e-04 
 9.90500000e-10  8.37425076e-04 
 9.91500000e-10  8.30989256e-04 
 9.92500000e-10  8.24647221e-04 
 9.93500000e-10  8.18396481e-04 
 9.94500000e-10  8.12235692e-04 
 9.95500000e-10  8.06162484e-04 
 9.96500000e-10  8.00175588e-04 
 9.97500000e-10  7.94272749e-04 
 9.98500000e-10  7.88452772e-04 
 9.99500000e-10  7.82713508e-04 
 1.00000000e-09  7.79873933e-04 
 1.00010000e-09  7.79308484e-04 
 1.00030000e-09  7.78179723e-04 
 1.00070000e-09  7.75931473e-04 
 1.00150000e-09  7.71472037e-04 
 1.00250000e-09  7.65966232e-04 
 1.00350000e-09  7.60535169e-04 
 1.00450000e-09  7.55177393e-04 
 1.00550000e-09  7.49891480e-04 
 1.00650000e-09  7.44676046e-04 
 1.00750000e-09  7.39529734e-04 
 1.00850000e-09  7.34451235e-04 
 1.00950000e-09  7.29439254e-04 
 1.01050000e-09  7.24492546e-04 
 1.01150000e-09  7.19609875e-04 
 1.01250000e-09  7.14790057e-04 
 1.01350000e-09  7.10031914e-04 
 1.01450000e-09  7.05334316e-04 
 1.01550000e-09  7.00696144e-04 
 1.01650000e-09  6.96116319e-04 
 1.01750000e-09  6.91593774e-04 
 1.01850000e-09  6.87127479e-04 
 1.01950000e-09  6.82716418e-04 
 1.02050000e-09  6.78359607e-04 
 1.02150000e-09  6.74056077e-04 
 1.02250000e-09  6.69804889e-04 
 1.02350000e-09  6.65605120e-04 
 1.02450000e-09  6.61455868e-04 
 1.02550000e-09  6.57356252e-04 
 1.02650000e-09  6.53305411e-04 
 1.02750000e-09  6.49302505e-04 
 1.02850000e-09  6.45346711e-04 
 1.02950000e-09  6.41437225e-04 
 1.03050000e-09  6.37573259e-04 
 1.03150000e-09  6.33754044e-04 
 1.03250000e-09  6.29978826e-04 
 1.03350000e-09  6.26246873e-04 
 1.03450000e-09  6.22557462e-04 
 1.03550000e-09  6.18909891e-04 
 1.03650000e-09  6.15303466e-04 
 1.03750000e-09  6.11737518e-04 
 1.03850000e-09  6.08211383e-04 
 1.03950000e-09  6.04724415e-04 
 1.04050000e-09  6.01275978e-04 
 1.04150000e-09  5.97865456e-04 
 1.04250000e-09  5.94492239e-04 
 1.04350000e-09  5.91155736e-04 
 1.04450000e-09  5.87855363e-04 
 1.04550000e-09  5.84590551e-04 
 1.04650000e-09  5.81360740e-04 
 1.04750000e-09  5.78165387e-04 
 1.04850000e-09  5.75003952e-04 
 1.04950000e-09  5.71875914e-04 
 1.05000000e-09  5.70324261e-04 
 1.05010000e-09  5.70014948e-04 
 1.05030000e-09  5.69397255e-04 
 1.05070000e-09  5.68165702e-04 
 1.05150000e-09  5.65718064e-04 
 1.05250000e-09  5.62687166e-04 
 1.05350000e-09  5.59687669e-04 
 1.05450000e-09  5.56719090e-04 
 1.05550000e-09  5.53780972e-04 
 1.05650000e-09  5.50872853e-04 
 1.05750000e-09  5.47994290e-04 
 1.05850000e-09  5.45144841e-04 
 1.05950000e-09  5.42324078e-04 
 1.06050000e-09  5.39531578e-04 
 1.06150000e-09  5.36766928e-04 
 1.06250000e-09  5.34029722e-04 
 1.06350000e-09  5.31319561e-04 
 1.06450000e-09  5.28636055e-04 
 1.06550000e-09  5.25978821e-04 
 1.06650000e-09  5.23347481e-04 
 1.06750000e-09  5.20741668e-04 
 1.06850000e-09  5.18161019e-04 
 1.06950000e-09  5.15605178e-04 
 1.07050000e-09  5.13073796e-04 
 1.07150000e-09  5.10566532e-04 
 1.07250000e-09  5.08083047e-04 
 1.07350000e-09  5.05623013e-04 
 1.07450000e-09  5.03186104e-04 
 1.07550000e-09  5.00772003e-04 
 1.07650000e-09  4.98380396e-04 
 1.07750000e-09  4.96010978e-04 
 1.07850000e-09  4.93663444e-04 
 1.07950000e-09  4.91337502e-04 
 1.08050000e-09  4.89032856e-04 
 1.08150000e-09  4.86749226e-04 
 1.08250000e-09  4.84486325e-04 
 1.08350000e-09  4.82243882e-04 
 1.08450000e-09  4.80021622e-04 
 1.08550000e-09  4.77819283e-04 
 1.08650000e-09  4.75636599e-04 
 1.08750000e-09  4.73473315e-04 
 1.08850000e-09  4.71329175e-04 
 1.08950000e-09  4.69203934e-04 
 1.09050000e-09  4.67097344e-04 
 1.09150000e-09  4.65009168e-04 
 1.09250000e-09  4.62939167e-04 
 1.09350000e-09  4.60887112e-04 
 1.09450000e-09  4.58852771e-04 
 1.09550000e-09  4.56835922e-04 
 1.09650000e-09  4.54836342e-04 
 1.09750000e-09  4.52853817e-04 
 1.09850000e-09  4.50888129e-04 
 1.09950000e-09  4.48939073e-04 
 1.10050000e-09  4.47006437e-04 
 1.10150000e-09  4.45090022e-04 
 1.10250000e-09  4.43189624e-04 
 1.10350000e-09  4.41305050e-04 
 1.10450000e-09  4.39436102e-04 
 1.10550000e-09  4.37582595e-04 
 1.10650000e-09  4.35744336e-04 
 1.10750000e-09  4.33921145e-04 
 1.10850000e-09  4.32112836e-04 
 1.10950000e-09  4.30319234e-04 
 1.11050000e-09  4.28540161e-04 
 1.11150000e-09  4.26775445e-04 
 1.11250000e-09  4.25024914e-04 
 1.11350000e-09  4.23288403e-04 
 1.11450000e-09  4.21565743e-04 
 1.11550000e-09  4.19856775e-04 
 1.11650000e-09  4.18161336e-04 
 1.11750000e-09  4.16479270e-04 
 1.11850000e-09  4.14810421e-04 
 1.11950000e-09  4.13154637e-04 
 1.12050000e-09  4.11511765e-04 
 1.12150000e-09  4.09881660e-04 
 1.12250000e-09  4.08264173e-04 
 1.12350000e-09  4.06659162e-04 
 1.12450000e-09  4.05066484e-04 
 1.12550000e-09  4.03486001e-04 
 1.12650000e-09  4.01917574e-04 
 1.12750000e-09  4.00361068e-04 
 1.12850000e-09  3.98816348e-04 
 1.12950000e-09  3.97283285e-04 
 1.13050000e-09  3.95761747e-04 
 1.13150000e-09  3.94251609e-04 
 1.13250000e-09  3.92752742e-04 
 1.13350000e-09  3.91265024e-04 
 1.13450000e-09  3.89788332e-04 
 1.13550000e-09  3.88322546e-04 
 1.13650000e-09  3.86867634e-04 
 1.13750000e-09  3.85423521e-04 
 1.13850000e-09  3.83989874e-04 
 1.13950000e-09  3.82566630e-04 
 1.14050000e-09  3.81153662e-04 
 1.14150000e-09  3.79750897e-04 
 1.14250000e-09  3.78358210e-04 
 1.14350000e-09  3.76975521e-04 
 1.14450000e-09  3.75602710e-04 
 1.14550000e-09  3.74239693e-04 
 1.14650000e-09  3.72886352e-04 
 1.14750000e-09  3.71542604e-04 
 1.14850000e-09  3.70208335e-04 
 1.14950000e-09  3.68883460e-04 
 1.15050000e-09  3.67567870e-04 
 1.15150000e-09  3.66261481e-04 
 1.15250000e-09  3.64964187e-04 
 1.15350000e-09  3.63675905e-04 
 1.15450000e-09  3.62396532e-04 
 1.15550000e-09  3.61125988e-04 
 1.15650000e-09  3.59864173e-04 
 1.15750000e-09  3.58611006e-04 
 1.15850000e-09  3.57366393e-04 
 1.15950000e-09  3.56130254e-04 
 1.16050000e-09  3.54902497e-04 
 1.16150000e-09  3.53683044e-04 
 1.16250000e-09  3.52471806e-04 
 1.16350000e-09  3.51268708e-04 
 1.16450000e-09  3.50073662e-04 
 1.16550000e-09  3.48886594e-04 
 1.16650000e-09  3.47707421e-04 
 1.16750000e-09  3.46536069e-04 
 1.16850000e-09  3.45372457e-04 
 1.16950000e-09  3.44216514e-04 
 1.17050000e-09  3.43068161e-04 
 1.17150000e-09  3.41927328e-04 
 1.17250000e-09  3.40793938e-04 
 1.17350000e-09  3.39667923e-04 
 1.17450000e-09  3.38549209e-04 
 1.17550000e-09  3.37437729e-04 
 1.17650000e-09  3.36333410e-04 
 1.17750000e-09  3.35236188e-04 
 1.17850000e-09  3.34145992e-04 
 1.17950000e-09  3.33062758e-04 
 1.18050000e-09  3.31986417e-04 
 1.18150000e-09  3.30916909e-04 
 1.18250000e-09  3.29854164e-04 
 1.18350000e-09  3.28798124e-04 
 1.18450000e-09  3.27748721e-04 
 1.18550000e-09  3.26705899e-04 
 1.18650000e-09  3.25669592e-04 
 1.18750000e-09  3.24639744e-04 
 1.18850000e-09  3.23616291e-04 
 1.18950000e-09  3.22599178e-04 
 1.19050000e-09  3.21588344e-04 
 1.19150000e-09  3.20583734e-04 
 1.19250000e-09  3.19585289e-04 
 1.19350000e-09  3.18592956e-04 
 1.19450000e-09  3.17606676e-04 
 1.19550000e-09  3.16626397e-04 
 1.19650000e-09  3.15652063e-04 
 1.19750000e-09  3.14683623e-04 
 1.19850000e-09  3.13721021e-04 
 1.19950000e-09  3.12764232e-04 
 1.20000000e-09  3.12287996e-04 
 1.20010000e-09  3.55515293e-04 
 1.20030000e-09  4.51917452e-04 
 1.20070000e-09  7.34036668e-04 
 1.20150000e-09  1.24159011e-03 
 1.20250000e-09  1.67914826e-03 
 1.20350000e-09  1.97735545e-03 
 1.20450000e-09  2.13720061e-03 
 1.20550000e-09  2.22620199e-03 
 1.20650000e-09  2.23391040e-03 
 1.20750000e-09  2.20925716e-03 
 1.20850000e-09  2.13610710e-03 
 1.20950000e-09  2.05047200e-03 
 1.21050000e-09  1.93346523e-03 
 1.21150000e-09  1.81192996e-03 
 1.21250000e-09  1.66601802e-03 
 1.21350000e-09  1.51653137e-03 
 1.21450000e-09  1.34398709e-03 
 1.21550000e-09  1.16540286e-03 
 1.21650000e-09  9.64028017e-04 
 1.21750000e-09  7.56281670e-04 
 1.21850000e-09  5.30638865e-04 
 1.21950000e-09  3.06444757e-04 
 1.22050000e-09  8.02276638e-05 
 1.22150000e-09 -1.32480538e-04 
 1.22250000e-09 -3.18247441e-04 
 1.22350000e-09 -4.37883432e-04 
 1.22450000e-09 -4.81134487e-04 
 1.22550000e-09 -4.17402135e-04 
 1.22650000e-09 -2.38921783e-04 
 1.22750000e-09  7.08111456e-05 
 1.22850000e-09  4.93743138e-04 
 1.22950000e-09  1.06392483e-03 
 1.23050000e-09  1.77866101e-03 
 1.23150000e-09  2.64527003e-03 
 1.23250000e-09  3.65722974e-03 
 1.23350000e-09  4.80633302e-03 
 1.23450000e-09  6.05435194e-03 
 1.23550000e-09  7.34597418e-03 
 1.23650000e-09  8.60720673e-03 
 1.23750000e-09  9.80021588e-03 
 1.23850000e-09  1.09330105e-02 
 1.23950000e-09  1.20738737e-02 
 1.24050000e-09  1.33155236e-02 
 1.24150000e-09  1.47733207e-02 
 1.24250000e-09  1.65658951e-02 
 1.24350000e-09  1.88231598e-02 
 1.24450000e-09  2.16495616e-02 
 1.24550000e-09  2.50991259e-02 
 1.24650000e-09  2.91330734e-02 
 1.24750000e-09  3.36172227e-02 
 1.24850000e-09  3.83681558e-02 
 1.24950000e-09  4.32298105e-02 
 1.25000000e-09  4.56794332e-02 
 1.25010000e-09  4.68529137e-02 
 1.25030000e-09  4.84837750e-02 
 1.25070000e-09  5.11440540e-02 
 1.25150000e-09  5.64534734e-02 
 1.25250000e-09  6.26209184e-02 
 1.25350000e-09  6.87012137e-02 
 1.25450000e-09  7.45687692e-02 
 1.25550000e-09  8.04707368e-02 
 1.25650000e-09  8.62687830e-02 
 1.25750000e-09  9.21445544e-02 
 1.25850000e-09  9.79866733e-02 
 1.25950000e-09  1.03950879e-01 
 1.26050000e-09  1.09961698e-01 
 1.26150000e-09  1.16164817e-01 
 1.26250000e-09  1.22521502e-01 
 1.26350000e-09  1.29179240e-01 
 1.26450000e-09  1.36135508e-01 
 1.26550000e-09  1.43531420e-01 
 1.26650000e-09  1.51346237e-01 
 1.26750000e-09  1.59641263e-01 
 1.26850000e-09  1.68356388e-01 
 1.26950000e-09  1.77560989e-01 
 1.27050000e-09  1.87267951e-01 
 1.27150000e-09  1.97599670e-01 
 1.27250000e-09  2.08578421e-01 
 1.27350000e-09  2.20239053e-01 
 1.27450000e-09  2.32473249e-01 
 1.27550000e-09  2.45175848e-01 
 1.27650000e-09  2.58145067e-01 
 1.27750000e-09  2.71214462e-01 
 1.27850000e-09  2.84172872e-01 
 1.27950000e-09  2.96880683e-01 
 1.28050000e-09  3.09198034e-01 
 1.28150000e-09  3.21069339e-01 
 1.28250000e-09  3.32443718e-01 
 1.28350000e-09  3.43329589e-01 
 1.28450000e-09  3.53720858e-01 
 1.28550000e-09  3.63644324e-01 
 1.28650000e-09  3.73104278e-01 
 1.28750000e-09  3.82129644e-01 
 1.28850000e-09  3.90733555e-01 
 1.28950000e-09  3.98954226e-01 
 1.29050000e-09  4.06809556e-01 
 1.29150000e-09  4.14321963e-01 
 1.29250000e-09  4.21484813e-01 
 1.29350000e-09  4.28294740e-01 
 1.29450000e-09  4.34735222e-01 
 1.29550000e-09  4.40800564e-01 
 1.29650000e-09  4.46477144e-01 
 1.29750000e-09  4.51760323e-01 
 1.29850000e-09  4.56638302e-01 
 1.29950000e-09  4.61106366e-01 
 1.30050000e-09  4.65153793e-01 
 1.30150000e-09  4.68776001e-01 
 1.30250000e-09  4.71963697e-01 
 1.30350000e-09  4.74713122e-01 
 1.30450000e-09  4.77016833e-01 
 1.30550000e-09  4.78872304e-01 
 1.30650000e-09  4.80273980e-01 
 1.30750000e-09  4.81220521e-01 
 1.30850000e-09  4.81707888e-01 
 1.30950000e-09  4.81735511e-01 
 1.31050000e-09  4.81300241e-01 
 1.31150000e-09  4.80401684e-01 
 1.31250000e-09  4.79036887e-01 
 1.31350000e-09  4.77205027e-01 
 1.31450000e-09  4.74902727e-01 
 1.31550000e-09  4.72128250e-01 
 1.31650000e-09  4.68877354e-01 
 1.31750000e-09  4.65147096e-01 
 1.31850000e-09  4.60932153e-01 
 1.31950000e-09  4.56228330e-01 
 1.32050000e-09  4.51029259e-01 
 1.32150000e-09  4.45329690e-01 
 1.32250000e-09  4.39122561e-01 
 1.32350000e-09  4.32402121e-01 
 1.32450000e-09  4.25161343e-01 
 1.32550000e-09  4.17395006e-01 
 1.32650000e-09  4.09097472e-01 
 1.32750000e-09  4.00268185e-01 
 1.32850000e-09  3.90904641e-01 
 1.32950000e-09  3.81007341e-01 
 1.33050000e-09  3.70582651e-01 
 1.33150000e-09  3.59643852e-01 
 1.33250000e-09  3.48211661e-01 
 1.33350000e-09  3.36320708e-01 
 1.33450000e-09  3.24016387e-01 
 1.33550000e-09  3.11360469e-01 
 1.33650000e-09  2.98429465e-01 
 1.33750000e-09  2.85316302e-01 
 1.33850000e-09  2.72125128e-01 
 1.33950000e-09  2.58968978e-01 
 1.34050000e-09  2.45960663e-01 
 1.34150000e-09  2.33207178e-01 
 1.34250000e-09  2.20799963e-01 
 1.34350000e-09  2.08811798e-01 
 1.34450000e-09  1.97293326e-01 
 1.34550000e-09  1.86276842e-01 
 1.34650000e-09  1.75777776e-01 
 1.34750000e-09  1.65800844e-01 
 1.34850000e-09  1.56341609e-01 
 1.34950000e-09  1.47390973e-01 
 1.35050000e-09  1.38935133e-01 
 1.35150000e-09  1.30958588e-01 
 1.35250000e-09  1.23443190e-01 
 1.35350000e-09  1.16370436e-01 
 1.35450000e-09  1.09720208e-01 
 1.35550000e-09  1.03472749e-01 
 1.35650000e-09  9.76073148e-02 
 1.35750000e-09  9.21039798e-02 
 1.35850000e-09  8.69422712e-02 
 1.35950000e-09  8.21028541e-02 
 1.36050000e-09  7.75661591e-02 
 1.36150000e-09  7.33139671e-02 
 1.36250000e-09  6.93280380e-02 
 1.36350000e-09  6.55916056e-02 
 1.36450000e-09  6.20880119e-02 
 1.36550000e-09  5.88021236e-02 
 1.36650000e-09  5.57189772e-02 
 1.36750000e-09  5.28251291e-02 
 1.36850000e-09  5.01073153e-02 
 1.36950000e-09  4.75537473e-02 
 1.37050000e-09  4.51527903e-02 
 1.37150000e-09  4.28942150e-02 
 1.37250000e-09  4.07678972e-02 
 1.37350000e-09  3.87650334e-02 
 1.37450000e-09  3.68768651e-02 
 1.37550000e-09  3.50960450e-02 
 1.37650000e-09  3.34148220e-02 
 1.37750000e-09  3.18265442e-02 
 1.37850000e-09  3.03250417e-02 
 1.37950000e-09  2.89046194e-02 
 1.38050000e-09  2.75600291e-02 
 1.38150000e-09  2.62863726e-02 
 1.38250000e-09  2.50791785e-02 
 1.38350000e-09  2.39342434e-02 
 1.38450000e-09  2.28477486e-02 
 1.38550000e-09  2.18160894e-02 
 1.38650000e-09  2.08359935e-02 
 1.38750000e-09  1.99043685e-02 
 1.38850000e-09  1.90183986e-02 
 1.38950000e-09  1.81754274e-02 
 1.39050000e-09  1.73730200e-02 
 1.39150000e-09  1.66088904e-02 
 1.39250000e-09  1.58809218e-02 
 1.39350000e-09  1.51871421e-02 
 1.39450000e-09  1.45257005e-02 
 1.39550000e-09  1.38948915e-02 
 1.39650000e-09  1.32930868e-02 
 1.39750000e-09  1.27188081e-02 
 1.39850000e-09  1.21706140e-02 
 1.39950000e-09  1.16472198e-02 
 1.40050000e-09  1.11473419e-02 
 1.40150000e-09  1.06698613e-02 
 1.40250000e-09  1.02136281e-02 
 1.40350000e-09  9.77766590e-03 
 1.40450000e-09  9.36093853e-03 
 1.40550000e-09  8.96259291e-03 
 1.40650000e-09  8.58169010e-03 
 1.40750000e-09  8.21748408e-03 
 1.40850000e-09  7.86911966e-03 
 1.40950000e-09  7.53594418e-03 
 1.41050000e-09  7.21717492e-03 
 1.41150000e-09  6.91224109e-03 
 1.41250000e-09  6.62042299e-03 
 1.41350000e-09  6.34122195e-03 
 1.41450000e-09  6.07397343e-03 
 1.41550000e-09  5.81824251e-03 
 1.41650000e-09  5.57341316e-03 
 1.41750000e-09  5.33910710e-03 
 1.41850000e-09  5.11475114e-03 
 1.41950000e-09  4.90001750e-03 
 1.42050000e-09  4.69437101e-03 
 1.42150000e-09  4.49752907e-03 
 1.42250000e-09  4.30899038e-03 
 1.42350000e-09  4.12851289e-03 
 1.42450000e-09  3.95562555e-03 
 1.42550000e-09  3.79012285e-03 
 1.42650000e-09  3.63156087e-03 
 1.42750000e-09  3.47976705e-03 
 1.42850000e-09  3.33432188e-03 
 1.42950000e-09  3.19508258e-03 
 1.43050000e-09  3.06165167e-03 
 1.43150000e-09  2.93391337e-03 
 1.43250000e-09  2.81149008e-03 
 1.43350000e-09  2.69429054e-03 
 1.43450000e-09  2.58195514e-03 
 1.43550000e-09  2.47441492e-03 
 1.43650000e-09  2.37132659e-03 
 1.43750000e-09  2.27264148e-03 
 1.43850000e-09  2.17803111e-03 
 1.43950000e-09  2.08746533e-03 
 1.44050000e-09  2.00062910e-03 
 1.44150000e-09  1.91750918e-03 
 1.44250000e-09  1.83780277e-03 
 1.44350000e-09  1.76151206e-03 
 1.44450000e-09  1.68834541e-03 
 1.44550000e-09  1.61831911e-03 
 1.44650000e-09  1.55115167e-03 
 1.44750000e-09  1.48687228e-03 
 1.44850000e-09  1.42520875e-03 
 1.44950000e-09  1.36620208e-03 
 1.45000000e-09  1.33757672e-03 
 1.45010000e-09  1.33196440e-03 
 1.45030000e-09  1.32074779e-03 
 1.45070000e-09  1.29860063e-03 
 1.45150000e-09  1.25542188e-03 
 1.45250000e-09  1.20348070e-03 
 1.45350000e-09  1.15371099e-03 
 1.45450000e-09  1.10602245e-03 
 1.45550000e-09  1.06032666e-03 
 1.45650000e-09  1.01654085e-03 
 1.45750000e-09  9.74583894e-04 
 1.45850000e-09  9.34379895e-04 
 1.45950000e-09  8.95854437e-04 
 1.46050000e-09  8.58937901e-04 
 1.46150000e-09  8.23562013e-04 
 1.46250000e-09  7.89662918e-04 
 1.46350000e-09  7.57177968e-04 
 1.46450000e-09  7.26048589e-04 
 1.46550000e-09  6.96217290e-04 
 1.46650000e-09  6.67630338e-04 
 1.46750000e-09  6.40234972e-04 
 1.46850000e-09  6.13981891e-04 
 1.46950000e-09  5.88822675e-04 
 1.47050000e-09  5.64712090e-04 
 1.47150000e-09  5.41605693e-04 
 1.47250000e-09  5.19461977e-04 
 1.47350000e-09  4.98240149e-04 
 1.47450000e-09  4.77902123e-04 
 1.47550000e-09  4.58410454e-04 
 1.47650000e-09  4.39730190e-04 
 1.47750000e-09  4.21826960e-04 
 1.47850000e-09  4.04668686e-04 
 1.47950000e-09  3.88223817e-04 
 1.48050000e-09  3.72462913e-04 
 1.48150000e-09  3.57357008e-04 
 1.48250000e-09  3.42879085e-04 
 1.48350000e-09  3.29002552e-04 
 1.48450000e-09  3.15702609e-04 
 1.48550000e-09  3.02954846e-04 
 1.48650000e-09  2.90736497e-04 
 1.48750000e-09  2.79025155e-04 
 1.48850000e-09  2.67799921e-04 
 1.48950000e-09  2.57040224e-04 
 1.49050000e-09  2.46726879e-04 
 1.49150000e-09  2.36841003e-04 
 1.49250000e-09  2.27364981e-04 
 1.49350000e-09  2.18281480e-04 
 1.49450000e-09  2.09574327e-04 
 1.49550000e-09  2.01227610e-04 
 1.49650000e-09  1.93226479e-04 
 1.49750000e-09  1.85556329e-04 
 1.49850000e-09  1.78203524e-04 
 1.49950000e-09  1.71154658e-04 
 1.50000000e-09  1.67740685e-04 
 1.50010000e-09  1.67067910e-04 
 1.50030000e-09  1.65728038e-04 
 1.50070000e-09  1.63081940e-04 
 1.50150000e-09  1.57921442e-04 
 1.50250000e-09  1.51710576e-04 
 1.50350000e-09  1.45756089e-04 
 1.50450000e-09  1.40047306e-04 
 1.50550000e-09  1.34573967e-04 
 1.50650000e-09  1.29326270e-04 
 1.50750000e-09  1.24294796e-04 
 1.50850000e-09  1.19470545e-04 
 1.50950000e-09  1.14844869e-04 
 1.51050000e-09  1.10409505e-04 
 1.51150000e-09  1.06156512e-04 
 1.51250000e-09  1.02078303e-04 
 1.51350000e-09  9.81675863e-05 
 1.51450000e-09  9.44173971e-05 
 1.51550000e-09  9.08210399e-05 
 1.51650000e-09  8.73721196e-05 
 1.51750000e-09  8.40644886e-05 
 1.51850000e-09  8.08922746e-05 
 1.51950000e-09  7.78498323e-05 
 1.52050000e-09  7.49317707e-05 
 1.52150000e-09  7.21329058e-05 
 1.52250000e-09  6.94482871e-05 
 1.52350000e-09  6.68731552e-05 
 1.52450000e-09  6.44029650e-05 
 1.52550000e-09  6.20333447e-05 
 1.52650000e-09  5.97601213e-05 
 1.52750000e-09  5.75792814e-05 
 1.52850000e-09  5.54869929e-05 
 1.52950000e-09  5.34795697e-05 
 1.53050000e-09  5.15534934e-05 
 1.53150000e-09  4.97053793e-05 
 1.53250000e-09  4.79319968e-05 
 1.53350000e-09  4.62302369e-05 
 1.53450000e-09  4.45971338e-05 
 1.53550000e-09  4.30298329e-05 
 1.53650000e-09  4.15256107e-05 
 1.53750000e-09  4.00818451e-05 
 1.53850000e-09  3.86960352e-05 
 1.53950000e-09  3.73657738e-05 
 1.54050000e-09  3.60887648e-05 
 1.54150000e-09  3.48627968e-05 
 1.54250000e-09  3.36857607e-05 
 1.54350000e-09  3.25556260e-05 
 1.54450000e-09  3.14704567e-05 
 1.54550000e-09  3.04283875e-05 
 1.54650000e-09  2.94276408e-05 
 1.54750000e-09  2.84665041e-05 
 1.54850000e-09  2.75433443e-05 
 1.54950000e-09  2.66565880e-05 
 1.55000000e-09  2.62264363e-05 
 1.55010000e-09  2.61416085e-05 
 1.55030000e-09  2.59726314e-05 
 1.55070000e-09  2.56387082e-05 
 1.55150000e-09  2.49866509e-05 
 1.55250000e-09  2.42003290e-05 
 1.55350000e-09  2.34447655e-05 
 1.55450000e-09  2.27186931e-05 
 1.55550000e-09  2.20208961e-05 
 1.55650000e-09  2.13502097e-05 
 1.55750000e-09  2.07055184e-05 
 1.55850000e-09  2.00857522e-05 
 1.55950000e-09  1.94898862e-05 
 1.56050000e-09  1.89169386e-05 
 1.56150000e-09  1.83659673e-05 
 1.56250000e-09  1.78360710e-05 
 1.56350000e-09  1.73263845e-05 
 1.56450000e-09  1.68360792e-05 
 1.56550000e-09  1.63643608e-05 
 1.56650000e-09  1.59104681e-05 
 1.56750000e-09  1.54736720e-05 
 1.56850000e-09  1.50532733e-05 
 1.56950000e-09  1.46486019e-05 
 1.57050000e-09  1.42590160e-05 
 1.57150000e-09  1.38838998e-05 
 1.57250000e-09  1.35226639e-05 
 1.57350000e-09  1.31747426e-05 
 1.57450000e-09  1.28395944e-05 
 1.57550000e-09  1.25166996e-05 
 1.57650000e-09  1.22055612e-05 
 1.57750000e-09  1.19057012e-05 
 1.57850000e-09  1.16166627e-05 
 1.57950000e-09  1.13380078e-05 
 1.58050000e-09  1.10693158e-05 
 1.58150000e-09  1.08101848e-05 
 1.58250000e-09  1.05602291e-05 
 1.58350000e-09  1.03190781e-05 
 1.58450000e-09  1.00863774e-05 
 1.58550000e-09  9.86178730e-06 
 1.58650000e-09  9.64498236e-06 
 1.58750000e-09  9.43565009e-06 
 1.58850000e-09  9.23349103e-06 
 1.58950000e-09  9.03821821e-06 
 1.59050000e-09  8.84955650e-06 
 1.59150000e-09  8.66724261e-06 
 1.59250000e-09  8.49102414e-06 
 1.59350000e-09  8.32065794e-06 
 1.59450000e-09  8.15591206e-06 
 1.59550000e-09  7.99656431e-06 
 1.59650000e-09  7.84240061e-06 
 1.59750000e-09  7.69321648e-06 
 1.59850000e-09  7.54881585e-06 
 1.59950000e-09  7.40901100e-06 
 1.60050000e-09  7.27362132e-06 
 1.60150000e-09  7.14247390e-06 
 1.60250000e-09  7.01540346e-06 
 1.60350000e-09  6.89225015e-06 
 1.60450000e-09  6.77286164e-06 
 1.60550000e-09  6.65709214e-06 
 1.60650000e-09  6.54480177e-06 
 1.60750000e-09  6.43585656e-06 
 1.60850000e-09  6.33012714e-06 
 1.60950000e-09  6.22749003e-06 
 1.61050000e-09  6.12782696e-06 
 1.61150000e-09  6.03102399e-06 
 1.61250000e-09  5.93697244e-06 
 1.61350000e-09  5.84556781e-06 
 1.61450000e-09  5.75671062e-06 
 1.61550000e-09  5.67030420e-06 
 1.61650000e-09  5.58625616e-06 
 1.61750000e-09  5.50447822e-06 
 1.61850000e-09  5.42488568e-06 
 1.61950000e-09  5.34739755e-06 
 1.62050000e-09  5.27193558e-06 
 1.62150000e-09  5.19842489e-06 
 1.62250000e-09  5.12679371e-06 
 1.62350000e-09  5.05697304e-06 
 1.62450000e-09  4.98889706e-06 
 1.62550000e-09  4.92250197e-06 
 1.62650000e-09  4.85772757e-06 
 1.62750000e-09  4.79451550e-06 
 1.62850000e-09  4.73280993e-06 
 1.62950000e-09  4.67255704e-06 
 1.63050000e-09  4.61370466e-06 
 1.63150000e-09  4.55620359e-06 
 1.63250000e-09  4.50000632e-06 
 1.63350000e-09  4.44506763e-06 
 1.63450000e-09  4.39134371e-06 
 1.63550000e-09  4.33879251e-06 
 1.63650000e-09  4.28737366e-06 
 1.63750000e-09  4.23704854e-06 
 1.63850000e-09  4.18778000e-06 
 1.63950000e-09  4.13953216e-06 
 1.64050000e-09  4.09227124e-06 
 1.64150000e-09  4.04596391e-06 
 1.64250000e-09  4.00057896e-06 
 1.64350000e-09  3.95608615e-06 
 1.64450000e-09  3.91245617e-06 
 1.64550000e-09  3.86966100e-06 
 1.64650000e-09  3.82767396e-06 
 1.64750000e-09  3.78646908e-06 
 1.64850000e-09  3.74602165e-06 
 1.64950000e-09  3.70630775e-06 
 1.65050000e-09  3.66730462e-06 
 1.65150000e-09  3.62899023e-06 
 1.65250000e-09  3.59134300e-06 
 1.65350000e-09  3.55434321e-06 
 1.65450000e-09  3.51797129e-06 
 1.65550000e-09  3.48220841e-06 
 1.65650000e-09  3.44703642e-06 
 1.65750000e-09  3.41243779e-06 
 1.65850000e-09  3.37839625e-06 
 1.65950000e-09  3.34489572e-06 
 1.66050000e-09  3.31192039e-06 
 1.66150000e-09  3.27945568e-06 
 1.66250000e-09  3.24748721e-06 
 1.66350000e-09  3.21600095e-06 
 1.66450000e-09  3.18498427e-06 
 1.66550000e-09  3.15442394e-06 
 1.66650000e-09  3.12430789e-06 
 1.66750000e-09  3.09462432e-06 
 1.66850000e-09  3.06536190e-06 
 1.66950000e-09  3.03650950e-06 
 1.67050000e-09  3.00805650e-06 
 1.67150000e-09  2.97999352e-06 
 1.67250000e-09  2.95231027e-06 
 1.67350000e-09  2.92499702e-06 
 1.67450000e-09  2.89804463e-06 
 1.67550000e-09  2.87144490e-06 
 1.67650000e-09  2.84518921e-06 
 1.67750000e-09  2.81926939e-06 
 1.67850000e-09  2.79367764e-06 
 1.67950000e-09  2.76840616e-06 
 1.68050000e-09  2.74344751e-06 
 1.68150000e-09  2.71879505e-06 
 1.68250000e-09  2.69444174e-06 
 1.68350000e-09  2.67038137e-06 
 1.68450000e-09  2.64660756e-06 
 1.68550000e-09  2.62311364e-06 
 1.68650000e-09  2.59989429e-06 
 1.68750000e-09  2.57694351e-06 
 1.68850000e-09  2.55425563e-06 
 1.68950000e-09  2.53182554e-06 
 1.69050000e-09  2.50964783e-06 
 1.69150000e-09  2.48771734e-06 
 1.69250000e-09  2.46603000e-06 
 1.69350000e-09  2.44458050e-06 
 1.69450000e-09  2.42336468e-06 
 1.69550000e-09  2.40237819e-06 
 1.69650000e-09  2.38161632e-06 
 1.69750000e-09  2.36107565e-06 
 1.69850000e-09  2.34075189e-06 
 1.69950000e-09  2.32064110e-06 
 1.70000000e-09  2.31066435e-06 
 1.70010000e-09  7.03380751e-04 
 1.70030000e-09  1.55828133e-03 
 1.70070000e-09  2.55046413e-03 
 1.70150000e-09  4.41549860e-03 
 1.70250000e-09  6.22098508e-03 
 1.70350000e-09  7.72093392e-03 
 1.70450000e-09  8.86398656e-03 
 1.70550000e-09  9.82673364e-03 
 1.70650000e-09  1.05556342e-02 
 1.70750000e-09  1.11791625e-02 
 1.70850000e-09  1.16479621e-02 
 1.70950000e-09  1.20592570e-02 
 1.71050000e-09  1.23689640e-02 
 1.71150000e-09  1.26526323e-02 
 1.71250000e-09  1.28712046e-02 
 1.71350000e-09  1.30845286e-02 
 1.71450000e-09  1.32579857e-02 
 1.71550000e-09  1.34396292e-02 
 1.71650000e-09  1.35986117e-02 
 1.71750000e-09  1.37737869e-02 
 1.71850000e-09  1.39373447e-02 
 1.71950000e-09  1.41198697e-02 
 1.72050000e-09  1.42961520e-02 
 1.72150000e-09  1.44922466e-02 
 1.72250000e-09  1.46840027e-02 
 1.72350000e-09  1.48907445e-02 
 1.72450000e-09  1.50887788e-02 
 1.72550000e-09  1.52909560e-02 
 1.72650000e-09  1.54787526e-02 
 1.72750000e-09  1.56640552e-02 
 1.72850000e-09  1.58263802e-02 
 1.72950000e-09  1.59703013e-02 
 1.73050000e-09  1.60703044e-02 
 1.73150000e-09  1.61249139e-02 
 1.73250000e-09  1.61106904e-02 
 1.73350000e-09  1.60297015e-02 
 1.73450000e-09  1.58670226e-02 
 1.73550000e-09  1.56316730e-02 
 1.73650000e-09  1.53178412e-02 
 1.73750000e-09  1.49415840e-02 
 1.73850000e-09  1.45054818e-02 
 1.73950000e-09  1.40316338e-02 
 1.74050000e-09  1.35276516e-02 
 1.74150000e-09  1.30171518e-02 
 1.74250000e-09  1.25086903e-02 
 1.74350000e-09  1.20230030e-02 
 1.74450000e-09  1.15653142e-02 
 1.74550000e-09  1.11511182e-02 
 1.74650000e-09  1.07812530e-02 
 1.74750000e-09  1.04663332e-02 
 1.74850000e-09  1.02032606e-02 
 1.74950000e-09  9.99978163e-03 
 1.75000000e-09  9.91834084e-03 
 1.75010000e-09  9.73019860e-03 
 1.75030000e-09  9.48432978e-03 
 1.75070000e-09  9.26414765e-03 
 1.75150000e-09  8.95678966e-03 
 1.75250000e-09  8.62228373e-03 
 1.75350000e-09  8.33635005e-03 
 1.75450000e-09  8.10007798e-03 
 1.75550000e-09  7.92239788e-03 
 1.75650000e-09  7.81018579e-03 
 1.75750000e-09  7.77489239e-03 
 1.75850000e-09  7.84006177e-03 
 1.75950000e-09  8.00910893e-03 
 1.76050000e-09  8.29837409e-03 
 1.76150000e-09  8.72956522e-03 
 1.76250000e-09  9.31525950e-03 
 1.76350000e-09  1.00609001e-02 
 1.76450000e-09  1.09685610e-02 
 1.76550000e-09  1.20298482e-02 
 1.76650000e-09  1.32262797e-02 
 1.76750000e-09  1.45201297e-02 
 1.76850000e-09  1.58588439e-02 
 1.76950000e-09  1.71692420e-02 
 1.77050000e-09  1.83665586e-02 
 1.77150000e-09  1.93563454e-02 
 1.77250000e-09  2.00510176e-02 
 1.77350000e-09  2.03767568e-02 
 1.77450000e-09  2.02881065e-02 
 1.77550000e-09  1.97679428e-02 
 1.77650000e-09  1.88407067e-02 
 1.77750000e-09  1.75999950e-02 
 1.77850000e-09  1.60687924e-02 
 1.77950000e-09  1.42221764e-02 
 1.78050000e-09  1.21680106e-02 
 1.78150000e-09  9.91238408e-03 
 1.78250000e-09  7.53434883e-03 
 1.78350000e-09  5.04719878e-03 
 1.78450000e-09  2.51116942e-03 
 1.78550000e-09 -6.29935382e-05 
 1.78650000e-09 -2.84625007e-03 
 1.78750000e-09 -5.56143139e-03 
 1.78850000e-09 -8.14886470e-03 
 1.78950000e-09 -1.06467732e-02 
 1.79050000e-09 -1.30090934e-02 
 1.79150000e-09 -1.52731518e-02 
 1.79250000e-09 -1.74078483e-02 
 1.79350000e-09 -1.94481245e-02 
 1.79450000e-09 -2.13734770e-02 
 1.79550000e-09 -2.32149057e-02 
 1.79650000e-09 -2.49585648e-02 
 1.79750000e-09 -2.66311565e-02 
 1.79850000e-09 -2.82226649e-02 
 1.79950000e-09 -2.97558857e-02 
 1.80050000e-09 -3.12239993e-02 
 1.80150000e-09 -3.26367695e-02 
 1.80250000e-09 -3.39988152e-02 
 1.80350000e-09 -3.53227714e-02 
 1.80450000e-09 -3.66018279e-02 
 1.80550000e-09 -3.78460387e-02 
 1.80650000e-09 -3.90504404e-02 
 1.80750000e-09 -4.02244384e-02 
 1.80850000e-09 -4.13631428e-02 
 1.80950000e-09 -4.24743940e-02 
 1.81050000e-09 -4.35525766e-02 
 1.81150000e-09 -4.46035678e-02 
 1.81250000e-09 -4.56208233e-02 
 1.81350000e-09 -4.66078746e-02 
 1.81450000e-09 -4.75567363e-02 
 1.81550000e-09 -4.84683443e-02 
 1.81650000e-09 -4.93333180e-02 
 1.81750000e-09 -5.01511250e-02 
 1.81850000e-09 -5.09137945e-02 
 1.81950000e-09 -5.16249389e-02 
 1.82050000e-09 -5.22864394e-02 
 1.82150000e-09 -5.29157437e-02 
 1.82250000e-09 -5.35308462e-02 
 1.82350000e-09 -5.41608727e-02 
 1.82450000e-09 -5.48278336e-02 
 1.82550000e-09 -5.55552170e-02 
 1.82650000e-09 -5.63536021e-02 
 1.82750000e-09 -5.72307457e-02 
 1.82850000e-09 -5.81783520e-02 
 1.82950000e-09 -5.91781329e-02 
 1.83050000e-09 -6.01865829e-02 
 1.83150000e-09 -6.11481505e-02 
 1.83250000e-09 -6.19791585e-02 
 1.83350000e-09 -6.26051601e-02 
 1.83450000e-09 -6.29599428e-02 
 1.83550000e-09 -6.30124606e-02 
 1.83650000e-09 -6.27404668e-02 
 1.83750000e-09 -6.21380611e-02 
 1.83850000e-09 -6.11871682e-02 
 1.83950000e-09 -5.98799827e-02 
 1.84050000e-09 -5.82125043e-02 
 1.84150000e-09 -5.62111829e-02 
 1.84250000e-09 -5.39110006e-02 
 1.84350000e-09 -5.13659867e-02 
 1.84450000e-09 -4.86250264e-02 
 1.84550000e-09 -4.57457475e-02 
 1.84650000e-09 -4.27750886e-02 
 1.84750000e-09 -3.97627925e-02 
 1.84850000e-09 -3.67500764e-02 
 1.84950000e-09 -3.37782348e-02 
 1.85050000e-09 -3.08755357e-02 
 1.85150000e-09 -2.80718071e-02 
 1.85250000e-09 -2.53844090e-02 
 1.85350000e-09 -2.28325154e-02 
 1.85450000e-09 -2.04238270e-02 
 1.85550000e-09 -1.81685634e-02 
 1.85650000e-09 -1.60668276e-02 
 1.85750000e-09 -1.41220736e-02 
 1.85850000e-09 -1.23290435e-02 
 1.85950000e-09 -1.06865712e-02 
 1.86050000e-09 -9.18606193e-03 
 1.86150000e-09 -7.82355414e-03 
 1.86250000e-09 -6.58871124e-03 
 1.86350000e-09 -5.47616487e-03 
 1.86450000e-09 -4.47501813e-03 
 1.86550000e-09 -3.57947302e-03 
 1.86650000e-09 -2.77885646e-03 
 1.86750000e-09 -2.06756877e-03 
 1.86850000e-09 -1.43563487e-03 
 1.86950000e-09 -8.78015315e-04 
 1.87050000e-09 -3.85679530e-04 
 1.87150000e-09  4.30498645e-05 
 1.87250000e-09  3.99875533e-04 
 1.87350000e-09  7.12544837e-04 
 1.87450000e-09  9.89087936e-04 
 1.87550000e-09  1.22909902e-03 
 1.87650000e-09  1.43924164e-03 
 1.87750000e-09  1.61959443e-03 
 1.87850000e-09  1.77568939e-03 
 1.87950000e-09  1.90776867e-03 
 1.88050000e-09  2.02044752e-03 
 1.88150000e-09  2.11395276e-03 
 1.88250000e-09  2.19215743e-03 
 1.88350000e-09  2.25518640e-03 
 1.88450000e-09  2.30630948e-03 
 1.88550000e-09  2.34551805e-03 
 1.88650000e-09  2.37558945e-03 
 1.88750000e-09  2.39638053e-03 
 1.88850000e-09  2.41026499e-03 
 1.88950000e-09  2.41697927e-03 
 1.89050000e-09  2.41856527e-03 
 1.89150000e-09  2.41465930e-03 
 1.89250000e-09  2.40702981e-03 
 1.89350000e-09  2.39523447e-03 
 1.89450000e-09  2.38081580e-03 
 1.89550000e-09  2.36327296e-03 
 1.89650000e-09  2.34396128e-03 
 1.89750000e-09  2.32233903e-03 
 1.89850000e-09  2.29960599e-03 
 1.89950000e-09  2.27519427e-03 
 1.90050000e-09  2.25017390e-03 
 1.90150000e-09  2.22396431e-03 
 1.90250000e-09  2.19753158e-03 
 1.90350000e-09  2.17027827e-03 
 1.90450000e-09  2.14307182e-03 
 1.90550000e-09  2.11533464e-03 
 1.90650000e-09  2.08785483e-03 
 1.90750000e-09  2.06006214e-03 
 1.90850000e-09  2.03267793e-03 
 1.90950000e-09  2.00514318e-03 
 1.91050000e-09  1.97812266e-03 
 1.91150000e-09  1.95107123e-03 
 1.91250000e-09  1.92460524e-03 
 1.91350000e-09  1.89819520e-03 
 1.91450000e-09  1.87241569e-03 
 1.91550000e-09  1.84675393e-03 
 1.91650000e-09  1.82174817e-03 
 1.91750000e-09  1.79690281e-03 
 1.91850000e-09  1.77272434e-03 
 1.91950000e-09  1.74873441e-03 
 1.92050000e-09  1.72541152e-03 
 1.92150000e-09  1.70229437e-03 
 1.92250000e-09  1.67983663e-03 
 1.92350000e-09  1.65759364e-03 
 1.92450000e-09  1.63599692e-03 
 1.92550000e-09  1.61461786e-03 
 1.92650000e-09  1.59386817e-03 
 1.92750000e-09  1.57333458e-03 
 1.92850000e-09  1.55341096e-03 
 1.92950000e-09  1.53369869e-03 
 1.93050000e-09  1.51457548e-03 
 1.93150000e-09  1.49565657e-03 
 1.93250000e-09  1.47730505e-03 
 1.93350000e-09  1.45914924e-03 
 1.93450000e-09  1.44153893e-03 
 1.93550000e-09  1.42411471e-03 
 1.93650000e-09  1.40721425e-03 
 1.93750000e-09  1.39048965e-03 
 1.93850000e-09  1.37426751e-03 
 1.93950000e-09  1.35821072e-03 
 1.94050000e-09  1.34263571e-03 
 1.94150000e-09  1.32721544e-03 
 1.94250000e-09  1.31225706e-03 
 1.94350000e-09  1.29744288e-03 
 1.94450000e-09  1.28307154e-03 
 1.94550000e-09  1.26883406e-03 
 1.94650000e-09  1.25502126e-03 
 1.94750000e-09  1.24133225e-03 
 1.94850000e-09  1.22805068e-03 
 1.94950000e-09  1.21488315e-03 
 1.95000000e-09  1.20849880e-03 
 1.95010000e-09  1.20718271e-03 
 1.95030000e-09  1.20462186e-03 
 1.95070000e-09  1.19953390e-03 
 1.95150000e-09  1.18946999e-03 
 1.95250000e-09  1.17710650e-03 
 1.95350000e-09  1.16497260e-03 
 1.95450000e-09  1.15306719e-03 
 1.95550000e-09  1.14138017e-03 
 1.95650000e-09  1.12991039e-03 
 1.95750000e-09  1.11864839e-03 
 1.95850000e-09  1.10759297e-03 
 1.95950000e-09  1.09673529e-03 
 1.96050000e-09  1.08607412e-03 
 1.96150000e-09  1.07560122e-03 
 1.96250000e-09  1.06531531e-03 
 1.96350000e-09  1.05520870e-03 
 1.96450000e-09  1.04528010e-03 
 1.96550000e-09  1.03552233e-03 
 1.96650000e-09  1.02593409e-03 
 1.96750000e-09  1.01650870e-03 
 1.96850000e-09  1.00724482e-03 
 1.96950000e-09  9.98136234e-04 
 1.97050000e-09  9.89181612e-04 
 1.97150000e-09  9.80375151e-04 
 1.97250000e-09  9.71715519e-04 
 1.97350000e-09  9.63197313e-04 
 1.97450000e-09  9.54819198e-04 
 1.97550000e-09  9.46576147e-04 
 1.97650000e-09  9.38466825e-04 
 1.97750000e-09  9.30486551e-04 
 1.97850000e-09  9.22634000e-04 
 1.97950000e-09  9.14904815e-04 
 1.98050000e-09  9.07297669e-04 
 1.98150000e-09  8.99808506e-04 
 1.98250000e-09  8.92436014e-04 
 1.98350000e-09  8.85176418e-04 
 1.98450000e-09  8.78028415e-04 
 1.98550000e-09  8.70988494e-04 
 1.98650000e-09  8.64055361e-04 
 1.98750000e-09  8.57225750e-04 
 1.98850000e-09  8.50498380e-04 
 1.98950000e-09  8.43870210e-04 
 1.99050000e-09  8.37339974e-04 
 1.99150000e-09  8.30904846e-04 
 1.99250000e-09  8.24563576e-04 
 1.99350000e-09  8.18313531e-04 
 1.99450000e-09  8.12153478e-04 
 1.99550000e-09  8.06080966e-04 
 1.99650000e-09  8.00094778e-04 
 1.99750000e-09  7.94192637e-04 
 1.99850000e-09  7.88373343e-04 
 1.99950000e-09  7.82634776e-04 
 2.00000000e-09  7.79795519e-04 
