 0.00000000e+00  3.45254019e-02 
 1.00000000e-14  3.45254019e-02 
 2.00000000e-14  3.45254019e-02 
 4.00000000e-14  3.45254019e-02 
 8.00000000e-14  3.45254019e-02 
 1.60000000e-13  3.45254019e-02 
 3.20000000e-13  3.45254019e-02 
 6.40000000e-13  3.45254019e-02 
 1.28000000e-12  3.45254018e-02 
 2.28000000e-12  3.45254019e-02 
 3.28000000e-12  3.45254019e-02 
 4.28000000e-12  3.45254020e-02 
 5.28000000e-12  3.45254020e-02 
 6.28000000e-12  3.45254020e-02 
 7.28000000e-12  3.45254020e-02 
 8.28000000e-12  3.45254021e-02 
 9.28000000e-12  3.45254021e-02 
 1.02800000e-11  3.45254021e-02 
 1.12800000e-11  3.45254020e-02 
 1.22800000e-11  3.45254020e-02 
 1.32800000e-11  3.45254020e-02 
 1.42800000e-11  3.45254020e-02 
 1.52800000e-11  3.45254020e-02 
 1.62800000e-11  3.45254020e-02 
 1.72800000e-11  3.45254020e-02 
 1.82800000e-11  3.45254020e-02 
 1.92800000e-11  3.45254020e-02 
 2.02800000e-11  3.45254020e-02 
 2.12800000e-11  3.45254020e-02 
 2.22800000e-11  3.45254020e-02 
 2.32800000e-11  3.45254020e-02 
 2.42800000e-11  3.45254020e-02 
 2.52800000e-11  3.45254020e-02 
 2.62800000e-11  3.45254020e-02 
 2.72800000e-11  3.45254020e-02 
 2.82800000e-11  3.45254020e-02 
 2.92800000e-11  3.45254020e-02 
 3.02800000e-11  3.45254020e-02 
 3.12800000e-11  3.45254020e-02 
 3.22800000e-11  3.45254020e-02 
 3.32800000e-11  3.45254020e-02 
 3.42800000e-11  3.45254020e-02 
 3.52800000e-11  3.45254020e-02 
 3.62800000e-11  3.45254020e-02 
 3.72800000e-11  3.45254020e-02 
 3.82800000e-11  3.45254020e-02 
 3.92800000e-11  3.45254020e-02 
 4.02800000e-11  3.45254020e-02 
 4.12800000e-11  3.45254020e-02 
 4.22800000e-11  3.45254020e-02 
 4.32800000e-11  3.45254020e-02 
 4.42800000e-11  3.45254020e-02 
 4.52800000e-11  3.45254020e-02 
 4.62800000e-11  3.45254020e-02 
 4.72800000e-11  3.45254020e-02 
 4.82800000e-11  3.45254020e-02 
 4.92800000e-11  3.45254020e-02 
 5.00000000e-11  3.45254020e-02 
 5.01000000e-11  3.45254020e-02 
 5.03000000e-11  3.45254020e-02 
 5.07000000e-11  3.45254020e-02 
 5.15000000e-11  3.45254020e-02 
 5.25000000e-11  3.45254020e-02 
 5.35000000e-11  3.45254020e-02 
 5.45000000e-11  3.45254020e-02 
 5.55000000e-11  3.45254020e-02 
 5.65000000e-11  3.45254020e-02 
 5.75000000e-11  3.45254020e-02 
 5.85000000e-11  3.45254020e-02 
 5.95000000e-11  3.45254020e-02 
 6.05000000e-11  3.45254020e-02 
 6.15000000e-11  3.45254020e-02 
 6.25000000e-11  3.45254020e-02 
 6.35000000e-11  3.45254020e-02 
 6.45000000e-11  3.45254020e-02 
 6.55000000e-11  3.45254020e-02 
 6.65000000e-11  3.45254020e-02 
 6.75000000e-11  3.45254020e-02 
 6.85000000e-11  3.45254020e-02 
 6.95000000e-11  3.45254020e-02 
 7.05000000e-11  3.45254020e-02 
 7.15000000e-11  3.45254020e-02 
 7.25000000e-11  3.45254020e-02 
 7.35000000e-11  3.45254020e-02 
 7.45000000e-11  3.45254020e-02 
 7.55000000e-11  3.45254020e-02 
 7.65000000e-11  3.45254020e-02 
 7.75000000e-11  3.45254020e-02 
 7.85000000e-11  3.45254020e-02 
 7.95000000e-11  3.45254020e-02 
 8.05000000e-11  3.45254020e-02 
 8.15000000e-11  3.45254020e-02 
 8.25000000e-11  3.45254020e-02 
 8.35000000e-11  3.45254020e-02 
 8.45000000e-11  3.45254020e-02 
 8.55000000e-11  3.45254020e-02 
 8.65000000e-11  3.45254020e-02 
 8.75000000e-11  3.45254020e-02 
 8.85000000e-11  3.45254020e-02 
 8.95000000e-11  3.45254020e-02 
 9.05000000e-11  3.45254020e-02 
 9.15000000e-11  3.45254020e-02 
 9.25000000e-11  3.45254020e-02 
 9.35000000e-11  3.45254020e-02 
 9.45000000e-11  3.45254020e-02 
 9.55000000e-11  3.45254020e-02 
 9.65000000e-11  3.45254020e-02 
 9.75000000e-11  3.45254020e-02 
 9.85000000e-11  3.45254020e-02 
 9.95000000e-11  3.45254020e-02 
 1.00500000e-10  3.45254020e-02 
 1.01500000e-10  3.45254020e-02 
 1.02500000e-10  3.45254020e-02 
 1.03500000e-10  3.45254020e-02 
 1.04500000e-10  3.45254020e-02 
 1.05500000e-10  3.45254020e-02 
 1.06500000e-10  3.45254020e-02 
 1.07500000e-10  3.45254020e-02 
 1.08500000e-10  3.45254020e-02 
 1.09500000e-10  3.45254020e-02 
 1.10500000e-10  3.45254020e-02 
 1.11500000e-10  3.45254020e-02 
 1.12500000e-10  3.45254020e-02 
 1.13500000e-10  3.45254020e-02 
 1.14500000e-10  3.45254020e-02 
 1.15500000e-10  3.45254020e-02 
 1.16500000e-10  3.45254020e-02 
 1.17500000e-10  3.45254020e-02 
 1.18500000e-10  3.45254019e-02 
 1.19500000e-10  3.45254019e-02 
 1.20500000e-10  3.45254019e-02 
 1.21500000e-10  3.45254019e-02 
 1.22500000e-10  3.45254019e-02 
 1.23500000e-10  3.45254019e-02 
 1.24500000e-10  3.45254019e-02 
 1.25500000e-10  3.45254019e-02 
 1.26500000e-10  3.45254019e-02 
 1.27500000e-10  3.45254019e-02 
 1.28500000e-10  3.45254019e-02 
 1.29500000e-10  3.45254019e-02 
 1.30500000e-10  3.45254019e-02 
 1.31500000e-10  3.45254019e-02 
 1.32500000e-10  3.45254019e-02 
 1.33500000e-10  3.45254019e-02 
 1.34500000e-10  3.45254019e-02 
 1.35500000e-10  3.45254019e-02 
 1.36500000e-10  3.45254019e-02 
 1.37500000e-10  3.45254019e-02 
 1.38500000e-10  3.45254019e-02 
 1.39500000e-10  3.45254019e-02 
 1.40500000e-10  3.45254019e-02 
 1.41500000e-10  3.45254019e-02 
 1.42500000e-10  3.45254019e-02 
 1.43500000e-10  3.45254019e-02 
 1.44500000e-10  3.45254019e-02 
 1.45500000e-10  3.45254019e-02 
 1.46500000e-10  3.45254019e-02 
 1.47500000e-10  3.45254019e-02 
 1.48500000e-10  3.45254019e-02 
 1.49500000e-10  3.45254019e-02 
 1.50500000e-10  3.45254019e-02 
 1.51500000e-10  3.45254019e-02 
 1.52500000e-10  3.45254019e-02 
 1.53500000e-10  3.45254019e-02 
 1.54500000e-10  3.45254019e-02 
 1.55500000e-10  3.45254019e-02 
 1.56500000e-10  3.45254019e-02 
 1.57500000e-10  3.45254019e-02 
 1.58500000e-10  3.45254019e-02 
 1.59500000e-10  3.45254019e-02 
 1.60500000e-10  3.45254019e-02 
 1.61500000e-10  3.45254019e-02 
 1.62500000e-10  3.45254019e-02 
 1.63500000e-10  3.45254019e-02 
 1.64500000e-10  3.45254019e-02 
 1.65500000e-10  3.45254019e-02 
 1.66500000e-10  3.45254019e-02 
 1.67500000e-10  3.45254019e-02 
 1.68500000e-10  3.45254019e-02 
 1.69500000e-10  3.45254019e-02 
 1.70500000e-10  3.45254019e-02 
 1.71500000e-10  3.45254019e-02 
 1.72500000e-10  3.45254019e-02 
 1.73500000e-10  3.45254019e-02 
 1.74500000e-10  3.45254019e-02 
 1.75500000e-10  3.45254019e-02 
 1.76500000e-10  3.45254019e-02 
 1.77500000e-10  3.45254019e-02 
 1.78500000e-10  3.45254019e-02 
 1.79500000e-10  3.45254019e-02 
 1.80500000e-10  3.45254019e-02 
 1.81500000e-10  3.45254019e-02 
 1.82500000e-10  3.45254019e-02 
 1.83500000e-10  3.45254019e-02 
 1.84500000e-10  3.45254019e-02 
 1.85500000e-10  3.45254019e-02 
 1.86500000e-10  3.45254019e-02 
 1.87500000e-10  3.45254019e-02 
 1.88500000e-10  3.45254019e-02 
 1.89500000e-10  3.45254019e-02 
 1.90500000e-10  3.45254019e-02 
 1.91500000e-10  3.45254019e-02 
 1.92500000e-10  3.45254019e-02 
 1.93500000e-10  3.45254019e-02 
 1.94500000e-10  3.45254019e-02 
 1.95500000e-10  3.45254019e-02 
 1.96500000e-10  3.45254019e-02 
 1.97500000e-10  3.45254019e-02 
 1.98500000e-10  3.45254019e-02 
 1.99500000e-10  3.45254019e-02 
 2.00000000e-10  3.45254019e-02 
 2.00100000e-10  3.50202359e-02 
 2.00300000e-10  3.56064531e-02 
 2.00700000e-10  3.62070650e-02 
 2.01500000e-10  3.71472163e-02 
 2.02500000e-10  3.76654857e-02 
 2.03500000e-10  3.78672875e-02 
 2.04500000e-10  3.77945361e-02 
 2.05500000e-10  3.76547718e-02 
 2.06500000e-10  3.74198824e-02 
 2.07500000e-10  3.72001061e-02 
 2.08500000e-10  3.69523609e-02 
 2.09500000e-10  3.67414073e-02 
 2.10500000e-10  3.65268941e-02 
 2.11500000e-10  3.63503967e-02 
 2.12500000e-10  3.61783994e-02 
 2.13500000e-10  3.60394225e-02 
 2.14500000e-10  3.59069098e-02 
 2.15500000e-10  3.58012791e-02 
 2.16500000e-10  3.57014802e-02 
 2.17500000e-10  3.56225050e-02 
 2.18500000e-10  3.55473933e-02 
 2.19500000e-10  3.54872034e-02 
 2.20500000e-10  3.54278662e-02 
 2.21500000e-10  3.53774869e-02 
 2.22500000e-10  3.53241850e-02 
 2.23500000e-10  3.52741511e-02 
 2.24500000e-10  3.52177235e-02 
 2.25500000e-10  3.51605266e-02 
 2.26500000e-10  3.50957200e-02 
 2.27500000e-10  3.50291890e-02 
 2.28500000e-10  3.49553549e-02 
 2.29500000e-10  3.48778695e-02 
 2.30500000e-10  3.47906870e-02 
 2.31500000e-10  3.46995890e-02 
 2.32500000e-10  3.46084501e-02 
 2.33500000e-10  3.45383629e-02 
 2.34500000e-10  3.45132127e-02 
 2.35500000e-10  3.45662233e-02 
 2.36500000e-10  3.47065896e-02 
 2.37500000e-10  3.49074668e-02 
 2.38500000e-10  3.50721409e-02 
 2.39500000e-10  3.50081074e-02 
 2.40500000e-10  3.44231756e-02 
 2.41500000e-10  3.31212380e-02 
 2.42500000e-10  3.11687699e-02 
 2.43500000e-10  2.88372488e-02 
 2.44500000e-10  2.64236062e-02 
 2.45500000e-10  2.41552409e-02 
 2.46500000e-10  2.21585861e-02 
 2.47500000e-10  2.04825542e-02 
 2.48500000e-10  1.91210370e-02 
 2.49500000e-10  1.80441322e-02 
 2.50000000e-10  1.75997109e-02 
 2.50100000e-10  1.74669609e-02 
 2.50300000e-10  1.71936112e-02 
 2.50700000e-10  1.67872340e-02 
 2.51500000e-10  1.60888822e-02 
 2.52500000e-10  1.53136162e-02 
 2.53500000e-10  1.47423665e-02 
 2.54500000e-10  1.43388002e-02 
 2.55500000e-10  1.41243763e-02 
 2.56500000e-10  1.40352839e-02 
 2.57500000e-10  1.40807233e-02 
 2.58500000e-10  1.42100430e-02 
 2.59500000e-10  1.44341027e-02 
 2.60500000e-10  1.47185504e-02 
 2.61500000e-10  1.50765734e-02 
 2.62500000e-10  1.54863366e-02 
 2.63500000e-10  1.59618534e-02 
 2.64500000e-10  1.64903305e-02 
 2.65500000e-10  1.70859892e-02 
 2.66500000e-10  1.77431306e-02 
 2.67500000e-10  1.84762773e-02 
 2.68500000e-10  1.92853973e-02 
 2.69500000e-10  2.01869874e-02 
 2.70500000e-10  2.11871886e-02 
 2.71500000e-10  2.23059930e-02 
 2.72500000e-10  2.35572670e-02 
 2.73500000e-10  2.49676296e-02 
 2.74500000e-10  2.65619738e-02 
 2.75500000e-10  2.83787262e-02 
 2.76500000e-10  3.04598050e-02 
 2.77500000e-10  3.28634095e-02 
 2.78500000e-10  3.56571863e-02 
 2.79500000e-10  3.89282494e-02 
 2.80500000e-10  4.27763674e-02 
 2.81500000e-10  4.73175090e-02 
 2.82500000e-10  5.26709972e-02 
 2.83500000e-10  5.89530823e-02 
 2.84500000e-10  6.62605532e-02 
 2.85500000e-10  7.46644774e-02 
 2.86500000e-10  8.41802850e-02 
 2.87500000e-10  9.47264110e-02 
 2.88500000e-10  1.06139209e-01 
 2.89500000e-10  1.18263185e-01 
 2.90500000e-10  1.30999806e-01 
 2.91500000e-10  1.44302978e-01 
 2.92500000e-10  1.58152438e-01 
 2.93500000e-10  1.72535153e-01 
 2.94500000e-10  1.87427131e-01 
 2.95500000e-10  2.02782447e-01 
 2.96500000e-10  2.18530411e-01 
 2.97500000e-10  2.34590945e-01 
 2.98500000e-10  2.50890547e-01 
 2.99500000e-10  2.67372417e-01 
 3.00500000e-10  2.83995513e-01 
 3.01500000e-10  3.00731880e-01 
 3.02500000e-10  3.17561718e-01 
 3.03500000e-10  3.34471257e-01 
 3.04500000e-10  3.51450010e-01 
 3.05500000e-10  3.68489980e-01 
 3.06500000e-10  3.85582952e-01 
 3.07500000e-10  4.02718611e-01 
 3.08500000e-10  4.19882658e-01 
 3.09500000e-10  4.37058392e-01 
 3.10500000e-10  4.54228607e-01 
 3.11500000e-10  4.71378229e-01 
 3.12500000e-10  4.88495069e-01 
 3.13500000e-10  5.05570452e-01 
 3.14500000e-10  5.22598601e-01 
 3.15500000e-10  5.39576482e-01 
 3.16500000e-10  5.56503021e-01 
 3.17500000e-10  5.73378911e-01 
 3.18500000e-10  5.90206054e-01 
 3.19500000e-10  6.06987286e-01 
 3.20500000e-10  6.23725864e-01 
 3.21500000e-10  6.40425756e-01 
 3.22500000e-10  6.57091026e-01 
 3.23500000e-10  6.73725918e-01 
 3.24500000e-10  6.90334596e-01 
 3.25500000e-10  7.06921126e-01 
 3.26500000e-10  7.23489392e-01 
 3.27500000e-10  7.40043027e-01 
 3.28500000e-10  7.56585450e-01 
 3.29500000e-10  7.73119778e-01 
 3.30500000e-10  7.89648947e-01 
 3.31500000e-10  8.06175613e-01 
 3.32500000e-10  8.22702323e-01 
 3.33500000e-10  8.39231394e-01 
 3.34500000e-10  8.55765084e-01 
 3.35500000e-10  8.72305444e-01 
 3.36500000e-10  8.88854456e-01 
 3.37500000e-10  9.05413837e-01 
 3.38500000e-10  9.21985137e-01 
 3.39500000e-10  9.38569501e-01 
 3.40500000e-10  9.55167728e-01 
 3.41500000e-10  9.71780012e-01 
 3.42500000e-10  9.88405982e-01 
 3.43500000e-10  1.00504446e+00 
 3.44500000e-10  1.02169351e+00 
 3.45500000e-10  1.03835019e+00 
 3.46500000e-10  1.05501069e+00 
 3.47500000e-10  1.07167018e+00 
 3.48500000e-10  1.08832286e+00 
 3.49500000e-10  1.10496191e+00 
 3.50500000e-10  1.12157952e+00 
 3.51500000e-10  1.13816676e+00 
 3.52500000e-10  1.15471362e+00 
 3.53500000e-10  1.17120865e+00 
 3.54500000e-10  1.18763883e+00 
 3.55500000e-10  1.20398902e+00 
 3.56500000e-10  1.22024157e+00 
 3.57500000e-10  1.23637563e+00 
 3.58500000e-10  1.25236664e+00 
 3.59500000e-10  1.26818589e+00 
 3.60500000e-10  1.28380062e+00 
 3.61500000e-10  1.29917449e+00 
 3.62500000e-10  1.31426890e+00 
 3.63500000e-10  1.32904475e+00 
 3.64500000e-10  1.34346481e+00 
 3.65500000e-10  1.35749602e+00 
 3.66500000e-10  1.37111176e+00 
 3.67500000e-10  1.38429325e+00 
 3.68500000e-10  1.39703012e+00 
 3.69500000e-10  1.40932033e+00 
 3.70500000e-10  1.42116843e+00 
 3.71500000e-10  1.43258439e+00 
 3.72500000e-10  1.44358180e+00 
 3.73500000e-10  1.45417656e+00 
 3.74500000e-10  1.46438563e+00 
 3.75500000e-10  1.47422626e+00 
 3.76500000e-10  1.48371540e+00 
 3.77500000e-10  1.49286939e+00 
 3.78500000e-10  1.50170375e+00 
 3.79500000e-10  1.51023310e+00 
 3.80500000e-10  1.51847116e+00 
 3.81500000e-10  1.52643076e+00 
 3.82500000e-10  1.53412391e+00 
 3.83500000e-10  1.54156182e+00 
 3.84500000e-10  1.54875502e+00 
 3.85500000e-10  1.55571337e+00 
 3.86500000e-10  1.56244616e+00 
 3.87500000e-10  1.56896213e+00 
 3.88500000e-10  1.57526955e+00 
 3.89500000e-10  1.58137622e+00 
 3.90500000e-10  1.58728956e+00 
 3.91500000e-10  1.59301662e+00 
 3.92500000e-10  1.59856412e+00 
 3.93500000e-10  1.60393844e+00 
 3.94500000e-10  1.60914570e+00 
 3.95500000e-10  1.61419183e+00 
 3.96500000e-10  1.61908240e+00 
 3.97500000e-10  1.62382268e+00 
 3.98500000e-10  1.62841788e+00 
 3.99500000e-10  1.63287292e+00 
 4.00500000e-10  1.63719261e+00 
 4.01500000e-10  1.64138149e+00 
 4.02500000e-10  1.64544402e+00 
 4.03500000e-10  1.64938443e+00 
 4.04500000e-10  1.65320684e+00 
 4.05500000e-10  1.65691519e+00 
 4.06500000e-10  1.66051331e+00 
 4.07500000e-10  1.66400486e+00 
 4.08500000e-10  1.66739341e+00 
 4.09500000e-10  1.67068238e+00 
 4.10500000e-10  1.67387510e+00 
 4.11500000e-10  1.67697473e+00 
 4.12500000e-10  1.67998439e+00 
 4.13500000e-10  1.68290703e+00 
 4.14500000e-10  1.68574556e+00 
 4.15500000e-10  1.68850273e+00 
 4.16500000e-10  1.69118124e+00 
 4.17500000e-10  1.69378366e+00 
 4.18500000e-10  1.69631252e+00 
 4.19500000e-10  1.69877022e+00 
 4.20500000e-10  1.70115910e+00 
 4.21500000e-10  1.70348139e+00 
 4.22500000e-10  1.70573930e+00 
 4.23500000e-10  1.70793489e+00 
 4.24500000e-10  1.71007023e+00 
 4.25500000e-10  1.71214723e+00 
 4.26500000e-10  1.71416782e+00 
 4.27500000e-10  1.71613378e+00 
 4.28500000e-10  1.71804691e+00 
 4.29500000e-10  1.71990887e+00 
 4.30500000e-10  1.72172133e+00 
 4.31500000e-10  1.72348583e+00 
 4.32500000e-10  1.72520393e+00 
 4.33500000e-10  1.72687706e+00 
 4.34500000e-10  1.72850668e+00 
 4.35500000e-10  1.73009414e+00 
 4.36500000e-10  1.73164078e+00 
 4.37500000e-10  1.73314785e+00 
 4.38500000e-10  1.73461660e+00 
 4.39500000e-10  1.73604821e+00 
 4.40500000e-10  1.73744382e+00 
 4.41500000e-10  1.73880452e+00 
 4.42500000e-10  1.74013141e+00 
 4.43500000e-10  1.74142547e+00 
 4.44500000e-10  1.74268773e+00 
 4.45500000e-10  1.74391911e+00 
 4.46500000e-10  1.74512056e+00 
 4.47500000e-10  1.74629295e+00 
 4.48500000e-10  1.74743715e+00 
 4.49500000e-10  1.74855397e+00 
 4.50000000e-10  1.74910235e+00 
 4.50100000e-10  1.74921110e+00 
 4.50300000e-10  1.74942809e+00 
 4.50700000e-10  1.74985897e+00 
 4.51500000e-10  1.75070848e+00 
 4.52500000e-10  1.75174788e+00 
 4.53500000e-10  1.75276294e+00 
 4.54500000e-10  1.75375435e+00 
 4.55500000e-10  1.75472279e+00 
 4.56500000e-10  1.75566888e+00 
 4.57500000e-10  1.75659327e+00 
 4.58500000e-10  1.75749655e+00 
 4.59500000e-10  1.75837930e+00 
 4.60500000e-10  1.75924209e+00 
 4.61500000e-10  1.76008547e+00 
 4.62500000e-10  1.76090994e+00 
 4.63500000e-10  1.76171600e+00 
 4.64500000e-10  1.76250414e+00 
 4.65500000e-10  1.76327485e+00 
 4.66500000e-10  1.76402858e+00 
 4.67500000e-10  1.76476578e+00 
 4.68500000e-10  1.76548687e+00 
 4.69500000e-10  1.76619227e+00 
 4.70500000e-10  1.76688237e+00 
 4.71500000e-10  1.76755758e+00 
 4.72500000e-10  1.76821825e+00 
 4.73500000e-10  1.76886477e+00 
 4.74500000e-10  1.76949747e+00 
 4.75500000e-10  1.77011669e+00 
 4.76500000e-10  1.77072278e+00 
 4.77500000e-10  1.77131605e+00 
 4.78500000e-10  1.77189680e+00 
 4.79500000e-10  1.77246534e+00 
 4.80500000e-10  1.77302197e+00 
 4.81500000e-10  1.77356695e+00 
 4.82500000e-10  1.77410057e+00 
 4.83500000e-10  1.77462310e+00 
 4.84500000e-10  1.77513478e+00 
 4.85500000e-10  1.77563588e+00 
 4.86500000e-10  1.77612663e+00 
 4.87500000e-10  1.77660727e+00 
 4.88500000e-10  1.77707803e+00 
 4.89500000e-10  1.77753914e+00 
 4.90500000e-10  1.77799080e+00 
 4.91500000e-10  1.77843324e+00 
 4.92500000e-10  1.77886666e+00 
 4.93500000e-10  1.77929125e+00 
 4.94500000e-10  1.77970721e+00 
 4.95500000e-10  1.78011473e+00 
 4.96500000e-10  1.78051399e+00 
 4.97500000e-10  1.78090518e+00 
 4.98500000e-10  1.78128846e+00 
 4.99500000e-10  1.78166401e+00 
 5.00000000e-10  1.78184893e+00 
 5.00100000e-10  1.78188565e+00 
 5.00300000e-10  1.78195894e+00 
 5.00700000e-10  1.78210464e+00 
 5.01500000e-10  1.78239250e+00 
 5.02500000e-10  1.78274583e+00 
 5.03500000e-10  1.78309205e+00 
 5.04500000e-10  1.78343133e+00 
 5.05500000e-10  1.78376381e+00 
 5.06500000e-10  1.78408962e+00 
 5.07500000e-10  1.78440892e+00 
 5.08500000e-10  1.78472183e+00 
 5.09500000e-10  1.78502849e+00 
 5.10500000e-10  1.78532902e+00 
 5.11500000e-10  1.78562355e+00 
 5.12500000e-10  1.78591221e+00 
 5.13500000e-10  1.78619511e+00 
 5.14500000e-10  1.78647237e+00 
 5.15500000e-10  1.78674411e+00 
 5.16500000e-10  1.78701044e+00 
 5.17500000e-10  1.78727147e+00 
 5.18500000e-10  1.78752730e+00 
 5.19500000e-10  1.78777804e+00 
 5.20500000e-10  1.78802380e+00 
 5.21500000e-10  1.78826466e+00 
 5.22500000e-10  1.78850074e+00 
 5.23500000e-10  1.78873213e+00 
 5.24500000e-10  1.78895891e+00 
 5.25500000e-10  1.78918118e+00 
 5.26500000e-10  1.78939904e+00 
 5.27500000e-10  1.78961257e+00 
 5.28500000e-10  1.78982185e+00 
 5.29500000e-10  1.79002697e+00 
 5.30500000e-10  1.79022801e+00 
 5.31500000e-10  1.79042506e+00 
 5.32500000e-10  1.79061818e+00 
 5.33500000e-10  1.79080747e+00 
 5.34500000e-10  1.79099299e+00 
 5.35500000e-10  1.79117482e+00 
 5.36500000e-10  1.79135303e+00 
 5.37500000e-10  1.79152770e+00 
 5.38500000e-10  1.79169888e+00 
 5.39500000e-10  1.79186666e+00 
 5.40500000e-10  1.79203110e+00 
 5.41500000e-10  1.79219226e+00 
 5.42500000e-10  1.79235021e+00 
 5.43500000e-10  1.79250502e+00 
 5.44500000e-10  1.79265673e+00 
 5.45500000e-10  1.79280542e+00 
 5.46500000e-10  1.79295114e+00 
 5.47500000e-10  1.79309396e+00 
 5.48500000e-10  1.79323392e+00 
 5.49500000e-10  1.79337109e+00 
 5.50000000e-10  1.79343864e+00 
 5.50100000e-10  1.79345205e+00 
 5.50300000e-10  1.79347883e+00 
 5.50700000e-10  1.79353206e+00 
 5.51500000e-10  1.79363724e+00 
 5.52500000e-10  1.79376634e+00 
 5.53500000e-10  1.79389287e+00 
 5.54500000e-10  1.79401686e+00 
 5.55500000e-10  1.79413837e+00 
 5.56500000e-10  1.79425745e+00 
 5.57500000e-10  1.79437414e+00 
 5.58500000e-10  1.79448849e+00 
 5.59500000e-10  1.79460055e+00 
 5.60500000e-10  1.79471036e+00 
 5.61500000e-10  1.79481797e+00 
 5.62500000e-10  1.79492342e+00 
 5.63500000e-10  1.79502675e+00 
 5.64500000e-10  1.79512801e+00 
 5.65500000e-10  1.79522723e+00 
 5.66500000e-10  1.79532445e+00 
 5.67500000e-10  1.79541972e+00 
 5.68500000e-10  1.79551307e+00 
 5.69500000e-10  1.79560455e+00 
 5.70500000e-10  1.79569418e+00 
 5.71500000e-10  1.79578200e+00 
 5.72500000e-10  1.79586805e+00 
 5.73500000e-10  1.79595237e+00 
 5.74500000e-10  1.79603499e+00 
 5.75500000e-10  1.79611594e+00 
 5.76500000e-10  1.79619526e+00 
 5.77500000e-10  1.79627297e+00 
 5.78500000e-10  1.79634911e+00 
 5.79500000e-10  1.79642372e+00 
 5.80500000e-10  1.79649681e+00 
 5.81500000e-10  1.79656843e+00 
 5.82500000e-10  1.79663860e+00 
 5.83500000e-10  1.79670735e+00 
 5.84500000e-10  1.79677470e+00 
 5.85500000e-10  1.79684069e+00 
 5.86500000e-10  1.79690534e+00 
 5.87500000e-10  1.79696869e+00 
 5.88500000e-10  1.79703074e+00 
 5.89500000e-10  1.79709154e+00 
 5.90500000e-10  1.79715110e+00 
 5.91500000e-10  1.79720946e+00 
 5.92500000e-10  1.79726663e+00 
 5.93500000e-10  1.79732263e+00 
 5.94500000e-10  1.79737750e+00 
 5.95500000e-10  1.79743125e+00 
 5.96500000e-10  1.79748391e+00 
 5.97500000e-10  1.79753550e+00 
 5.98500000e-10  1.79758604e+00 
 5.99500000e-10  1.79763555e+00 
 6.00500000e-10  1.79768405e+00 
 6.01500000e-10  1.79773156e+00 
 6.02500000e-10  1.79777810e+00 
 6.03500000e-10  1.79782370e+00 
 6.04500000e-10  1.79786836e+00 
 6.05500000e-10  1.79791212e+00 
 6.06500000e-10  1.79795498e+00 
 6.07500000e-10  1.79799697e+00 
 6.08500000e-10  1.79803810e+00 
 6.09500000e-10  1.79807839e+00 
 6.10500000e-10  1.79811785e+00 
 6.11500000e-10  1.79815651e+00 
 6.12500000e-10  1.79819438e+00 
 6.13500000e-10  1.79823148e+00 
 6.14500000e-10  1.79826782e+00 
 6.15500000e-10  1.79830341e+00 
 6.16500000e-10  1.79833828e+00 
 6.17500000e-10  1.79837243e+00 
 6.18500000e-10  1.79840588e+00 
 6.19500000e-10  1.79843865e+00 
 6.20500000e-10  1.79847075e+00 
 6.21500000e-10  1.79850219e+00 
 6.22500000e-10  1.79853299e+00 
 6.23500000e-10  1.79856315e+00 
 6.24500000e-10  1.79859270e+00 
 6.25500000e-10  1.79862164e+00 
 6.26500000e-10  1.79864999e+00 
 6.27500000e-10  1.79867775e+00 
 6.28500000e-10  1.79870495e+00 
 6.29500000e-10  1.79873159e+00 
 6.30500000e-10  1.79875768e+00 
 6.31500000e-10  1.79878324e+00 
 6.32500000e-10  1.79880827e+00 
 6.33500000e-10  1.79883279e+00 
 6.34500000e-10  1.79885681e+00 
 6.35500000e-10  1.79888033e+00 
 6.36500000e-10  1.79890337e+00 
 6.37500000e-10  1.79892593e+00 
 6.38500000e-10  1.79894803e+00 
 6.39500000e-10  1.79896968e+00 
 6.40500000e-10  1.79899088e+00 
 6.41500000e-10  1.79901165e+00 
 6.42500000e-10  1.79903199e+00 
 6.43500000e-10  1.79905191e+00 
 6.44500000e-10  1.79907143e+00 
 6.45500000e-10  1.79909054e+00 
 6.46500000e-10  1.79910925e+00 
 6.47500000e-10  1.79912759e+00 
 6.48500000e-10  1.79914554e+00 
 6.49500000e-10  1.79916313e+00 
 6.50500000e-10  1.79918035e+00 
 6.51500000e-10  1.79919722e+00 
 6.52500000e-10  1.79921375e+00 
 6.53500000e-10  1.79922993e+00 
 6.54500000e-10  1.79924578e+00 
 6.55500000e-10  1.79926130e+00 
 6.56500000e-10  1.79927650e+00 
 6.57500000e-10  1.79929139e+00 
 6.58500000e-10  1.79930598e+00 
 6.59500000e-10  1.79932026e+00 
 6.60500000e-10  1.79933425e+00 
 6.61500000e-10  1.79934795e+00 
 6.62500000e-10  1.79936137e+00 
 6.63500000e-10  1.79937451e+00 
 6.64500000e-10  1.79938738e+00 
 6.65500000e-10  1.79939999e+00 
 6.66500000e-10  1.79941234e+00 
 6.67500000e-10  1.79942443e+00 
 6.68500000e-10  1.79943627e+00 
 6.69500000e-10  1.79944787e+00 
 6.70500000e-10  1.79945923e+00 
 6.71500000e-10  1.79947036e+00 
 6.72500000e-10  1.79948125e+00 
 6.73500000e-10  1.79949192e+00 
 6.74500000e-10  1.79950238e+00 
 6.75500000e-10  1.79951261e+00 
 6.76500000e-10  1.79952264e+00 
 6.77500000e-10  1.79953246e+00 
 6.78500000e-10  1.79954207e+00 
 6.79500000e-10  1.79955149e+00 
 6.80500000e-10  1.79956071e+00 
 6.81500000e-10  1.79956975e+00 
 6.82500000e-10  1.79957859e+00 
 6.83500000e-10  1.79958726e+00 
 6.84500000e-10  1.79959574e+00 
 6.85500000e-10  1.79960406e+00 
 6.86500000e-10  1.79961219e+00 
 6.87500000e-10  1.79962017e+00 
 6.88500000e-10  1.79962797e+00 
 6.89500000e-10  1.79963562e+00 
 6.90500000e-10  1.79964311e+00 
 6.91500000e-10  1.79965044e+00 
 6.92500000e-10  1.79965762e+00 
 6.93500000e-10  1.79966466e+00 
 6.94500000e-10  1.79967155e+00 
 6.95500000e-10  1.79967830e+00 
 6.96500000e-10  1.79968490e+00 
 6.97500000e-10  1.79969138e+00 
 6.98500000e-10  1.79969771e+00 
 6.99500000e-10  1.79970392e+00 
 7.00000000e-10  1.79970698e+00 
 7.00100000e-10  1.80004140e+00 
 7.00300000e-10  1.80038402e+00 
 7.00700000e-10  1.80075295e+00 
 7.01500000e-10  1.80186224e+00 
 7.02500000e-10  1.80357776e+00 
 7.03500000e-10  1.80572304e+00 
 7.04500000e-10  1.80807079e+00 
 7.05500000e-10  1.81065850e+00 
 7.06500000e-10  1.81332801e+00 
 7.07500000e-10  1.81612323e+00 
 7.08500000e-10  1.81893675e+00 
 7.09500000e-10  1.82181232e+00 
 7.10500000e-10  1.82467669e+00 
 7.11500000e-10  1.82756985e+00 
 7.12500000e-10  1.83044123e+00 
 7.13500000e-10  1.83332583e+00 
 7.14500000e-10  1.83618823e+00 
 7.15500000e-10  1.83905853e+00 
 7.16500000e-10  1.84191008e+00 
 7.17500000e-10  1.84476860e+00 
 7.18500000e-10  1.84761449e+00 
 7.19500000e-10  1.85047643e+00 
 7.20500000e-10  1.85334107e+00 
 7.21500000e-10  1.85623060e+00 
 7.22500000e-10  1.85913587e+00 
 7.23500000e-10  1.86207606e+00 
 7.24500000e-10  1.86504259e+00 
 7.25500000e-10  1.86804812e+00 
 7.26500000e-10  1.87107582e+00 
 7.27500000e-10  1.87411419e+00 
 7.28500000e-10  1.87715883e+00 
 7.29500000e-10  1.88020391e+00 
 7.30500000e-10  1.88323078e+00 
 7.31500000e-10  1.88623123e+00 
 7.32500000e-10  1.88918940e+00 
 7.33500000e-10  1.89210045e+00 
 7.34500000e-10  1.89495343e+00 
 7.35500000e-10  1.89774809e+00 
 7.36500000e-10  1.90047926e+00 
 7.37500000e-10  1.90315317e+00 
 7.38500000e-10  1.90577217e+00 
 7.39500000e-10  1.90834954e+00 
 7.40500000e-10  1.91089398e+00 
 7.41500000e-10  1.91342353e+00 
 7.42500000e-10  1.91595063e+00 
 7.43500000e-10  1.91849612e+00 
 7.44500000e-10  1.92107092e+00 
 7.45500000e-10  1.92369981e+00 
 7.46500000e-10  1.92640160e+00 
 7.47500000e-10  1.92920181e+00 
 7.48500000e-10  1.93218959e+00 
 7.49500000e-10  1.93542371e+00 
 7.50000000e-10  1.93711743e+00 
 7.50100000e-10  1.93764270e+00 
 7.50300000e-10  1.93850509e+00 
 7.50700000e-10  1.94006519e+00 
 7.51500000e-10  1.94314516e+00 
 7.52500000e-10  1.94683478e+00 
 7.53500000e-10  1.95066302e+00 
 7.54500000e-10  1.95467335e+00 
 7.55500000e-10  1.95910581e+00 
 7.56500000e-10  1.96399222e+00 
 7.57500000e-10  1.96944763e+00 
 7.58500000e-10  1.97535736e+00 
 7.59500000e-10  1.98164282e+00 
 7.60500000e-10  1.98799687e+00 
 7.61500000e-10  1.99402139e+00 
 7.62500000e-10  1.99892666e+00 
 7.63500000e-10  2.00169943e+00 
 7.64500000e-10  2.00113211e+00 
 7.65500000e-10  1.99627824e+00 
 7.66500000e-10  1.98654621e+00 
 7.67500000e-10  1.97250118e+00 
 7.68500000e-10  1.95464223e+00 
 7.69500000e-10  1.93259862e+00 
 7.70500000e-10  1.90652555e+00 
 7.71500000e-10  1.87676703e+00 
 7.72500000e-10  1.84352681e+00 
 7.73500000e-10  1.80703480e+00 
 7.74500000e-10  1.76743392e+00 
 7.75500000e-10  1.72487318e+00 
 7.76500000e-10  1.67944545e+00 
 7.77500000e-10  1.63123396e+00 
 7.78500000e-10  1.58007551e+00 
 7.79500000e-10  1.52614122e+00 
 7.80500000e-10  1.46940425e+00 
 7.81500000e-10  1.40962477e+00 
 7.82500000e-10  1.34644320e+00 
 7.83500000e-10  1.27933295e+00 
 7.84500000e-10  1.20767104e+00 
 7.85500000e-10  1.13100476e+00 
 7.86500000e-10  1.04951442e+00 
 7.87500000e-10  9.63971427e-01 
 7.88500000e-10  8.75311733e-01 
 7.89500000e-10  7.84457317e-01 
 7.90500000e-10  6.92434991e-01 
 7.91500000e-10  6.00547303e-01 
 7.92500000e-10  5.10903877e-01 
 7.93500000e-10  4.26709009e-01 
 7.94500000e-10  3.50528370e-01 
 7.95500000e-10  2.83697945e-01 
 7.96500000e-10  2.27067338e-01 
 7.97500000e-10  1.80445682e-01 
 7.98500000e-10  1.42844980e-01 
 7.99500000e-10  1.12969572e-01 
 8.00500000e-10  8.94992642e-02 
 8.01500000e-10  7.11983751e-02 
 8.02500000e-10  5.70158857e-02 
 8.03500000e-10  4.60486886e-02 
 8.04500000e-10  3.75758093e-02 
 8.05500000e-10  3.10060604e-02 
 8.06500000e-10  2.59294170e-02 
 8.07500000e-10  2.19685373e-02 
 8.08500000e-10  1.88618706e-02 
 8.09500000e-10  1.63915192e-02 
 8.10500000e-10  1.44130689e-02 
 8.11500000e-10  1.28008006e-02 
 8.12500000e-10  1.14774808e-02 
 8.13500000e-10  1.03693700e-02 
 8.14500000e-10  9.43648892e-03 
 8.15500000e-10  8.63418013e-03 
 8.16500000e-10  7.94281837e-03 
 8.17500000e-10  7.33403085e-03 
 8.18500000e-10  6.79918491e-03 
 8.19500000e-10  6.31912547e-03 
 8.20500000e-10  5.89109163e-03 
 8.21500000e-10  5.50126154e-03 
 8.22500000e-10  5.14996505e-03 
 8.23500000e-10  4.82657491e-03 
 8.24500000e-10  4.53300812e-03 
 8.25500000e-10  4.26064511e-03 
 8.26500000e-10  4.01217933e-03 
 8.27500000e-10  3.78032966e-03 
 8.28500000e-10  3.56813008e-03 
 8.29500000e-10  3.36925062e-03 
 8.30500000e-10  3.18683221e-03 
 8.31500000e-10  3.01526331e-03 
 8.32500000e-10  2.85766761e-03 
 8.33500000e-10  2.70900504e-03 
 8.34500000e-10  2.57231708e-03 
 8.35500000e-10  2.44303669e-03 
 8.36500000e-10  2.32409055e-03 
 8.37500000e-10  2.21131455e-03 
 8.38500000e-10  2.10750556e-03 
 8.39500000e-10  2.00884962e-03 
 8.40500000e-10  1.91800853e-03 
 8.41500000e-10  1.83147677e-03 
 8.42500000e-10  1.75178124e-03 
 8.43500000e-10  1.67569063e-03 
 8.44500000e-10  1.60560007e-03 
 8.45500000e-10  1.53852376e-03 
 8.46500000e-10  1.47672974e-03 
 8.47500000e-10  1.41745310e-03 
 8.48500000e-10  1.36284035e-03 
 8.49500000e-10  1.31032612e-03 
 8.50500000e-10  1.26194131e-03 
 8.51500000e-10  1.21530139e-03 
 8.52500000e-10  1.17232767e-03 
 8.53500000e-10  1.13079998e-03 
 8.54500000e-10  1.09253599e-03 
 8.55500000e-10  1.05546531e-03 
 8.56500000e-10  1.02130778e-03 
 8.57500000e-10  9.88129796e-04 
 8.58500000e-10  9.57558969e-04 
 8.59500000e-10  9.27786850e-04 
 8.60500000e-10  9.00354201e-04 
 8.61500000e-10  8.73567344e-04 
 8.62500000e-10  8.48885275e-04 
 8.63500000e-10  8.24719749e-04 
 8.64500000e-10  8.02452835e-04 
 8.65500000e-10  7.80593304e-04 
 8.66500000e-10  7.60450872e-04 
 8.67500000e-10  7.40623726e-04 
 8.68500000e-10  7.22353546e-04 
 8.69500000e-10  7.04321052e-04 
 8.70500000e-10  6.87703962e-04 
 8.71500000e-10  6.71259280e-04 
 8.72500000e-10  6.56104597e-04 
 8.73500000e-10  6.41067516e-04 
 8.74500000e-10  6.27209110e-04 
 8.75500000e-10  6.13422404e-04 
 8.76500000e-10  6.00715347e-04 
 8.77500000e-10  5.88041650e-04 
 8.78500000e-10  5.76359330e-04 
 8.79500000e-10  5.64678457e-04 
 8.80500000e-10  5.53910115e-04 
 8.81500000e-10  5.43116759e-04 
 8.82500000e-10  5.33165363e-04 
 8.83500000e-10  5.23167119e-04 
 8.84500000e-10  5.13947537e-04 
 8.85500000e-10  5.04663196e-04 
 8.86500000e-10  4.96100630e-04 
 8.87500000e-10  4.87458711e-04 
 8.88500000e-10  4.79487337e-04 
 8.89500000e-10  4.71424824e-04 
 8.90500000e-10  4.63986628e-04 
 8.91500000e-10  4.56447872e-04 
 8.92500000e-10  4.49491638e-04 
 8.93500000e-10  4.42427418e-04 
 8.94500000e-10  4.35907858e-04 
 8.95500000e-10  4.29274562e-04 
 8.96500000e-10  4.23151560e-04 
 8.97500000e-10  4.16910477e-04 
 8.98500000e-10  4.11148439e-04 
 8.99500000e-10  4.05265147e-04 
 9.00500000e-10  3.99832432e-04 
 9.01500000e-10  3.94276265e-04 
 9.02500000e-10  3.89144697e-04 
 9.03500000e-10  3.83888289e-04 
 9.04500000e-10  3.79032727e-04 
 9.05500000e-10  3.74051604e-04 
 9.06500000e-10  3.69449578e-04 
 9.07500000e-10  3.64721814e-04 
 9.08500000e-10  3.60353197e-04 
 9.09500000e-10  3.55859108e-04 
 9.10500000e-10  3.51705839e-04 
 9.11500000e-10  3.47427720e-04 
 9.12500000e-10  3.43473559e-04 
 9.13500000e-10  3.39395454e-04 
 9.14500000e-10  3.35625768e-04 
 9.15500000e-10  3.31733267e-04 
 9.16500000e-10  3.28134847e-04 
 9.17500000e-10  3.24414909e-04 
 9.18500000e-10  3.20975803e-04 
 9.19500000e-10  3.17416605e-04 
 9.20500000e-10  3.14125980e-04 
 9.21500000e-10  3.10716777e-04 
 9.22500000e-10  3.07564793e-04 
 9.23500000e-10  3.04295806e-04 
 9.24500000e-10  3.01273505e-04 
 9.25500000e-10  2.98135811e-04 
 9.26500000e-10  2.95235024e-04 
 9.27500000e-10  2.92220468e-04 
 9.28500000e-10  2.89433729e-04 
 9.29500000e-10  2.86534843e-04 
 9.30500000e-10  2.83855315e-04 
 9.31500000e-10  2.81065246e-04 
 9.32500000e-10  2.78486655e-04 
 9.33500000e-10  2.75799103e-04 
 9.34500000e-10  2.73315683e-04 
 9.35500000e-10  2.70724847e-04 
 9.36500000e-10  2.68331285e-04 
 9.37500000e-10  2.65831810e-04 
 9.38500000e-10  2.63523206e-04 
 9.39500000e-10  2.61110145e-04 
 9.40500000e-10  2.58881966e-04 
 9.41500000e-10  2.56550736e-04 
 9.42500000e-10  2.54398787e-04 
 9.43500000e-10  2.52145140e-04 
 9.44500000e-10  2.50065526e-04 
 9.45500000e-10  2.47885513e-04 
 9.46500000e-10  2.45874618e-04 
 9.47500000e-10  2.43764567e-04 
 9.48500000e-10  2.41819022e-04 
 9.49500000e-10  2.39775509e-04 
 9.50000000e-10  2.38861679e-04 
 9.50100000e-10  2.38636222e-04 
 9.50300000e-10  2.38246696e-04 
 9.50700000e-10  2.37475169e-04 
 9.51500000e-10  2.35943066e-04 
 9.52500000e-10  2.34057376e-04 
 9.53500000e-10  2.32198663e-04 
 9.54500000e-10  2.30370626e-04 
 9.55500000e-10  2.28568369e-04 
 9.56500000e-10  2.26795367e-04 
 9.57500000e-10  2.25047015e-04 
 9.58500000e-10  2.23326585e-04 
 9.59500000e-10  2.21629744e-04 
 9.60500000e-10  2.19959569e-04 
 9.61500000e-10  2.18311987e-04 
 9.62500000e-10  2.16689892e-04 
 9.63500000e-10  2.15089449e-04 
 9.64500000e-10  2.13513383e-04 
 9.65500000e-10  2.11958084e-04 
 9.66500000e-10  2.10426118e-04 
 9.67500000e-10  2.08914081e-04 
 9.68500000e-10  2.07424392e-04 
 9.69500000e-10  2.05953842e-04 
 9.70500000e-10  2.04504711e-04 
 9.71500000e-10  2.03073969e-04 
 9.72500000e-10  2.01663770e-04 
 9.73500000e-10  2.00271251e-04 
 9.74500000e-10  1.98898445e-04 
 9.75500000e-10  1.97542647e-04 
 9.76500000e-10  1.96205778e-04 
 9.77500000e-10  1.94885278e-04 
 9.78500000e-10  1.93582966e-04 
 9.79500000e-10  1.92296416e-04 
 9.80500000e-10  1.91027349e-04 
 9.81500000e-10  1.89773469e-04 
 9.82500000e-10  1.88536405e-04 
 9.83500000e-10  1.87313978e-04 
 9.84500000e-10  1.86107732e-04 
 9.85500000e-10  1.84915603e-04 
 9.86500000e-10  1.83739054e-04 
 9.87500000e-10  1.82576123e-04 
 9.88500000e-10  1.81428200e-04 
 9.89500000e-10  1.80293422e-04 
 9.90500000e-10  1.79173107e-04 
 9.91500000e-10  1.78065483e-04 
 9.92500000e-10  1.76971805e-04 
 9.93500000e-10  1.75890388e-04 
 9.94500000e-10  1.74822422e-04 
 9.95500000e-10  1.73766303e-04 
 9.96500000e-10  1.72723166e-04 
 9.97500000e-10  1.71691483e-04 
 9.98500000e-10  1.70672332e-04 
 9.99500000e-10  1.69664257e-04 
 1.00000000e-09  1.69164990e-04 
 1.00010000e-09  1.69065221e-04 
 1.00030000e-09  1.68866445e-04 
 1.00070000e-09  1.68470253e-04 
 1.00150000e-09  1.67683172e-04 
 1.00250000e-09  1.66709372e-04 
 1.00350000e-09  1.65746443e-04 
 1.00450000e-09  1.64794317e-04 
 1.00550000e-09  1.63852715e-04 
 1.00650000e-09  1.62921565e-04 
 1.00750000e-09  1.62000604e-04 
 1.00850000e-09  1.61089757e-04 
 1.00950000e-09  1.60188778e-04 
 1.01050000e-09  1.59297588e-04 
 1.01150000e-09  1.58415959e-04 
 1.01250000e-09  1.57543807e-04 
 1.01350000e-09  1.56680921e-04 
 1.01450000e-09  1.55827215e-04 
 1.01550000e-09  1.54982491e-04 
 1.01650000e-09  1.54146660e-04 
 1.01750000e-09  1.53319539e-04 
 1.01850000e-09  1.52501038e-04 
 1.01950000e-09  1.51690985e-04 
 1.02050000e-09  1.50889308e-04 
 1.02150000e-09  1.50095812e-04 
 1.02250000e-09  1.49310426e-04 
 1.02350000e-09  1.48532984e-04 
 1.02450000e-09  1.47763411e-04 
 1.02550000e-09  1.47001550e-04 
 1.02650000e-09  1.46247325e-04 
 1.02750000e-09  1.45500590e-04 
 1.02850000e-09  1.44761269e-04 
 1.02950000e-09  1.44029222e-04 
 1.03050000e-09  1.43304374e-04 
 1.03150000e-09  1.42586592e-04 
 1.03250000e-09  1.41875803e-04 
 1.03350000e-09  1.41171881e-04 
 1.03450000e-09  1.40474753e-04 
 1.03550000e-09  1.39784299e-04 
 1.03650000e-09  1.39100449e-04 
 1.03750000e-09  1.38423087e-04 
 1.03850000e-09  1.37752145e-04 
 1.03950000e-09  1.37087510e-04 
 1.04050000e-09  1.36429118e-04 
 1.04150000e-09  1.35776862e-04 
 1.04250000e-09  1.35130677e-04 
 1.04350000e-09  1.34490462e-04 
 1.04450000e-09  1.33856154e-04 
 1.04550000e-09  1.33227653e-04 
 1.04650000e-09  1.32604902e-04 
 1.04750000e-09  1.31987803e-04 
 1.04850000e-09  1.31376300e-04 
 1.04950000e-09  1.30770301e-04 
 1.05000000e-09  1.30469349e-04 
 1.05010000e-09  1.30409268e-04 
 1.05030000e-09  1.30289396e-04 
 1.05070000e-09  1.30050271e-04 
 1.05150000e-09  1.29574549e-04 
 1.05250000e-09  1.28984679e-04 
 1.05350000e-09  1.28400010e-04 
 1.05450000e-09  1.27820517e-04 
 1.05550000e-09  1.27246097e-04 
 1.05650000e-09  1.26676719e-04 
 1.05750000e-09  1.26112287e-04 
 1.05850000e-09  1.25552767e-04 
 1.05950000e-09  1.24998068e-04 
 1.06050000e-09  1.24448156e-04 
 1.06150000e-09  1.23902946e-04 
 1.06250000e-09  1.23362400e-04 
 1.06350000e-09  1.22826441e-04 
 1.06450000e-09  1.22295028e-04 
 1.06550000e-09  1.21768089e-04 
 1.06650000e-09  1.21245582e-04 
 1.06750000e-09  1.20727440e-04 
 1.06850000e-09  1.20213621e-04 
 1.06950000e-09  1.19704061e-04 
 1.07050000e-09  1.19198717e-04 
 1.07150000e-09  1.18697531e-04 
 1.07250000e-09  1.18200457e-04 
 1.07350000e-09  1.17707442e-04 
 1.07450000e-09  1.17218440e-04 
 1.07550000e-09  1.16733401e-04 
 1.07650000e-09  1.16252278e-04 
 1.07750000e-09  1.15775025e-04 
 1.07850000e-09  1.15301596e-04 
 1.07950000e-09  1.14831945e-04 
 1.08050000e-09  1.14366028e-04 
 1.08150000e-09  1.13903801e-04 
 1.08250000e-09  1.13445222e-04 
 1.08350000e-09  1.12990247e-04 
 1.08450000e-09  1.12538835e-04 
 1.08550000e-09  1.12090945e-04 
 1.08650000e-09  1.11646537e-04 
 1.08750000e-09  1.11205570e-04 
 1.08850000e-09  1.10768004e-04 
 1.08950000e-09  1.10333802e-04 
 1.09050000e-09  1.09902925e-04 
 1.09150000e-09  1.09475335e-04 
 1.09250000e-09  1.09050996e-04 
 1.09350000e-09  1.08629871e-04 
 1.09450000e-09  1.08211924e-04 
 1.09550000e-09  1.07797120e-04 
 1.09650000e-09  1.07385424e-04 
 1.09750000e-09  1.06976801e-04 
 1.09850000e-09  1.06571218e-04 
 1.09950000e-09  1.06168641e-04 
 1.10050000e-09  1.05769037e-04 
 1.10150000e-09  1.05372374e-04 
 1.10250000e-09  1.04978620e-04 
 1.10350000e-09  1.04587743e-04 
 1.10450000e-09  1.04199712e-04 
 1.10550000e-09  1.03814498e-04 
 1.10650000e-09  1.03432068e-04 
 1.10750000e-09  1.03052395e-04 
 1.10850000e-09  1.02675447e-04 
 1.10950000e-09  1.02301197e-04 
 1.11050000e-09  1.01929616e-04 
 1.11150000e-09  1.01560676e-04 
 1.11250000e-09  1.01194348e-04 
 1.11350000e-09  1.00830607e-04 
 1.11450000e-09  1.00469424e-04 
 1.11550000e-09  1.00110773e-04 
 1.11650000e-09  9.97546278e-05 
 1.11750000e-09  9.94009630e-05 
 1.11850000e-09  9.90497520e-05 
 1.11950000e-09  9.87009708e-05 
 1.12050000e-09  9.83545936e-05 
 1.12150000e-09  9.80105967e-05 
 1.12250000e-09  9.76689550e-05 
 1.12350000e-09  9.73296456e-05 
 1.12450000e-09  9.69926441e-05 
 1.12550000e-09  9.66579280e-05 
 1.12650000e-09  9.63254734e-05 
 1.12750000e-09  9.59952587e-05 
 1.12850000e-09  9.56672608e-05 
 1.12950000e-09  9.53414586e-05 
 1.13050000e-09  9.50178291e-05 
 1.13150000e-09  9.46963521e-05 
 1.13250000e-09  9.43770053e-05 
 1.13350000e-09  9.40597689e-05 
 1.13450000e-09  9.37446215e-05 
 1.13550000e-09  9.34315434e-05 
 1.13650000e-09  9.31205135e-05 
 1.13750000e-09  9.28115130e-05 
 1.13850000e-09  9.25045212e-05 
 1.13950000e-09  9.21995197e-05 
 1.14050000e-09  9.18964887e-05 
 1.14150000e-09  9.15954101e-05 
 1.14250000e-09  9.12962646e-05 
 1.14350000e-09  9.09990343e-05 
 1.14450000e-09  9.07037005e-05 
 1.14550000e-09  9.04102462e-05 
 1.14650000e-09  9.01186526e-05 
 1.14750000e-09  8.98289033e-05 
 1.14850000e-09  8.95409797e-05 
 1.14950000e-09  8.92548660e-05 
 1.15050000e-09  8.89705444e-05 
 1.15150000e-09  8.86879991e-05 
 1.15250000e-09  8.84072129e-05 
 1.15350000e-09  8.81281702e-05 
 1.15450000e-09  8.78508543e-05 
 1.15550000e-09  8.75752503e-05 
 1.15650000e-09  8.73013416e-05 
 1.15750000e-09  8.70291134e-05 
 1.15850000e-09  8.67585497e-05 
 1.15950000e-09  8.64896363e-05 
 1.16050000e-09  8.62223575e-05 
 1.16150000e-09  8.59566992e-05 
 1.16250000e-09  8.56926461e-05 
 1.16350000e-09  8.54301849e-05 
 1.16450000e-09  8.51693002e-05 
 1.16550000e-09  8.49099788e-05 
 1.16650000e-09  8.46522061e-05 
 1.16750000e-09  8.43959693e-05 
 1.16850000e-09  8.41412541e-05 
 1.16950000e-09  8.38880475e-05 
 1.17050000e-09  8.36363356e-05 
 1.17150000e-09  8.33861062e-05 
 1.17250000e-09  8.31373453e-05 
 1.17350000e-09  8.28900413e-05 
 1.17450000e-09  8.26441807e-05 
 1.17550000e-09  8.23997517e-05 
 1.17650000e-09  8.21567411e-05 
 1.17750000e-09  8.19151376e-05 
 1.17850000e-09  8.16749281e-05 
 1.17950000e-09  8.14361017e-05 
 1.18050000e-09  8.11986456e-05 
 1.18150000e-09  8.09625489e-05 
 1.18250000e-09  8.07277995e-05 
 1.18350000e-09  8.04943865e-05 
 1.18450000e-09  8.02622979e-05 
 1.18550000e-09  8.00315237e-05 
 1.18650000e-09  7.98020517e-05 
 1.18750000e-09  7.95738715e-05 
 1.18850000e-09  7.93469720e-05 
 1.18950000e-09  7.91213433e-05 
 1.19050000e-09  7.88969739e-05 
 1.19150000e-09  7.86738542e-05 
 1.19250000e-09  7.84519730e-05 
 1.19350000e-09  7.82313209e-05 
 1.19450000e-09  7.80118870e-05 
 1.19550000e-09  7.77936622e-05 
 1.19650000e-09  7.75766357e-05 
 1.19750000e-09  7.73607989e-05 
 1.19850000e-09  7.71461408e-05 
 1.19950000e-09  7.69326527e-05 
 1.20000000e-09  7.68263432e-05 
 1.20010000e-09  4.83090236e-04 
 1.20030000e-09  1.01431085e-03 
 1.20070000e-09  1.63481446e-03 
 1.20150000e-09  2.58262466e-03 
 1.20250000e-09  3.13911818e-03 
 1.20350000e-09  3.40914374e-03 
 1.20450000e-09  3.40959921e-03 
 1.20550000e-09  3.36241612e-03 
 1.20650000e-09  3.21040283e-03 
 1.20750000e-09  3.08606602e-03 
 1.20850000e-09  2.91770046e-03 
 1.20950000e-09  2.79436996e-03 
 1.21050000e-09  2.64924280e-03 
 1.21150000e-09  2.54714875e-03 
 1.21250000e-09  2.43110793e-03 
 1.21350000e-09  2.35064542e-03 
 1.21450000e-09  2.25885228e-03 
 1.21550000e-09  2.19479687e-03 
 1.21650000e-09  2.12075440e-03 
 1.21750000e-09  2.06883600e-03 
 1.21850000e-09  2.00962114e-03 
 1.21950000e-09  1.97109938e-03 
 1.22050000e-09  1.93180273e-03 
 1.22150000e-09  1.91768886e-03 
 1.22250000e-09  1.91406770e-03 
 1.22350000e-09  1.94464808e-03 
 1.22450000e-09  1.99859940e-03 
 1.22550000e-09  2.09671891e-03 
 1.22650000e-09  2.23069420e-03 
 1.22750000e-09  2.41807568e-03 
 1.22850000e-09  2.65002941e-03 
 1.22950000e-09  2.93672984e-03 
 1.23050000e-09  3.26146049e-03 
 1.23150000e-09  3.62073134e-03 
 1.23250000e-09  3.97942342e-03 
 1.23350000e-09  4.29341431e-03 
 1.23450000e-09  4.46508431e-03 
 1.23550000e-09  4.38072463e-03 
 1.23650000e-09  3.93670021e-03 
 1.23750000e-09  3.13613412e-03 
 1.23850000e-09  2.06804673e-03 
 1.23950000e-09  8.78982440e-04 
 1.24050000e-09 -3.35197562e-04 
 1.24150000e-09 -1.50534569e-03 
 1.24250000e-09 -2.44332009e-03 
 1.24350000e-09 -3.07513261e-03 
 1.24450000e-09 -3.41524314e-03 
 1.24550000e-09 -3.45192642e-03 
 1.24650000e-09 -3.20681625e-03 
 1.24750000e-09 -2.70060785e-03 
 1.24850000e-09 -1.96782784e-03 
 1.24950000e-09 -1.08052495e-03 
 1.25000000e-09 -5.89994418e-04 
 1.25010000e-09 -1.25786092e-04 
 1.25030000e-09  2.69850394e-04 
 1.25070000e-09  6.92458198e-04 
 1.25150000e-09  1.65314613e-03 
 1.25250000e-09  2.50869056e-03 
 1.25350000e-09  3.43943458e-03 
 1.25450000e-09  4.27469605e-03 
 1.25550000e-09  5.24569666e-03 
 1.25650000e-09  6.16714854e-03 
 1.25750000e-09  7.19144905e-03 
 1.25850000e-09  8.17065588e-03 
 1.25950000e-09  9.22049366e-03 
 1.26050000e-09  1.02327455e-02 
 1.26150000e-09  1.12998734e-02 
 1.26250000e-09  1.23457133e-02 
 1.26350000e-09  1.34460339e-02 
 1.26450000e-09  1.45487686e-02 
 1.26550000e-09  1.57174857e-02 
 1.26650000e-09  1.69188076e-02 
 1.26750000e-09  1.82084276e-02 
 1.26850000e-09  1.95688291e-02 
 1.26950000e-09  2.10525986e-02 
 1.27050000e-09  2.26578956e-02 
 1.27150000e-09  2.44401461e-02 
 1.27250000e-09  2.64160526e-02 
 1.27350000e-09  2.86519429e-02 
 1.27450000e-09  3.11893721e-02 
 1.27550000e-09  3.41157291e-02 
 1.27650000e-09  3.75049856e-02 
 1.27750000e-09  4.14722941e-02 
 1.27850000e-09  4.61215441e-02 
 1.27950000e-09  5.15820143e-02 
 1.28050000e-09  5.79571799e-02 
 1.28150000e-09  6.53515061e-02 
 1.28250000e-09  7.38287168e-02 
 1.28350000e-09  8.34138570e-02 
 1.28450000e-09  9.40171477e-02 
 1.28550000e-09  1.05482711e-01 
 1.28650000e-09  1.17652879e-01 
 1.28750000e-09  1.30440038e-01 
 1.28850000e-09  1.43796353e-01 
 1.28950000e-09  1.57710141e-01 
 1.29050000e-09  1.72166437e-01 
 1.29150000e-09  1.87147524e-01 
 1.29250000e-09  2.02602898e-01 
 1.29350000e-09  2.18464171e-01 
 1.29450000e-09  2.34644437e-01 
 1.29550000e-09  2.51070818e-01 
 1.29650000e-09  2.67680957e-01 
 1.29750000e-09  2.84436091e-01 
 1.29850000e-09  3.01304920e-01 
 1.29950000e-09  3.18270745e-01 
 1.30050000e-09  3.35317281e-01 
 1.30150000e-09  3.52437012e-01 
 1.30250000e-09  3.69619773e-01 
 1.30350000e-09  3.86860280e-01 
 1.30450000e-09  4.04146610e-01 
 1.30550000e-09  4.21467212e-01 
 1.30650000e-09  4.38803563e-01 
 1.30750000e-09  4.56140334e-01 
 1.30850000e-09  4.73460275e-01 
 1.30950000e-09  4.90752635e-01 
 1.31050000e-09  5.08006716e-01 
 1.31150000e-09  5.25218122e-01 
 1.31250000e-09  5.42382091e-01 
 1.31350000e-09  5.59499007e-01 
 1.31450000e-09  5.76568059e-01 
 1.31550000e-09  5.93592296e-01 
 1.31650000e-09  6.10573335e-01 
 1.31750000e-09  6.27515847e-01 
 1.31850000e-09  6.44422596e-01 
 1.31950000e-09  6.61298851e-01 
 1.32050000e-09  6.78147757e-01 
 1.32150000e-09  6.94974555e-01 
 1.32250000e-09  7.11782275e-01 
 1.32350000e-09  7.28575759e-01 
 1.32450000e-09  7.45357647e-01 
 1.32550000e-09  7.62132212e-01 
 1.32650000e-09  7.78901618e-01 
 1.32750000e-09  7.95669574e-01 
 1.32850000e-09  8.12437828e-01 
 1.32950000e-09  8.29209634e-01 
 1.33050000e-09  8.45986432e-01 
 1.33150000e-09  8.62771118e-01 
 1.33250000e-09  8.79564861e-01 
 1.33350000e-09  8.96370168e-01 
 1.33450000e-09  9.13187813e-01 
 1.33550000e-09  9.30019701e-01 
 1.33650000e-09  9.46865898e-01 
 1.33750000e-09  9.63727331e-01 
 1.33850000e-09  9.80602922e-01 
 1.33950000e-09  9.97492179e-01 
 1.34050000e-09  1.01439243e+00 
 1.34150000e-09  1.03130132e+00 
 1.34250000e-09  1.04821428e+00 
 1.34350000e-09  1.06512688e+00 
 1.34450000e-09  1.08203248e+00 
 1.34550000e-09  1.09892452e+00 
 1.34650000e-09  1.11579421e+00 
 1.34750000e-09  1.13263277e+00 
 1.34850000e-09  1.14942910e+00 
 1.34950000e-09  1.16617176e+00 
 1.35050000e-09  1.18284657e+00 
 1.35150000e-09  1.19943831e+00 
 1.35250000e-09  1.21592810e+00 
 1.35350000e-09  1.23229482e+00 
 1.35450000e-09  1.24851259e+00 
 1.35550000e-09  1.26455229e+00 
 1.35650000e-09  1.28037973e+00 
 1.35750000e-09  1.29595810e+00 
 1.35850000e-09  1.31124747e+00 
 1.35950000e-09  1.32620847e+00 
 1.36050000e-09  1.34080293e+00 
 1.36150000e-09  1.35499802e+00 
 1.36250000e-09  1.36876683e+00 
 1.36350000e-09  1.38209142e+00 
 1.36450000e-09  1.39496186e+00 
 1.36550000e-09  1.40737706e+00 
 1.36650000e-09  1.41934174e+00 
 1.36750000e-09  1.43086735e+00 
 1.36850000e-09  1.44196771e+00 
 1.36950000e-09  1.45265980e+00 
 1.37050000e-09  1.46296068e+00 
 1.37150000e-09  1.47288846e+00 
 1.37250000e-09  1.48246008e+00 
 1.37350000e-09  1.49169258e+00 
 1.37450000e-09  1.50060138e+00 
 1.37550000e-09  1.50920170e+00 
 1.37650000e-09  1.51750714e+00 
 1.37750000e-09  1.52553103e+00 
 1.37850000e-09  1.53328525e+00 
 1.37950000e-09  1.54078147e+00 
 1.38050000e-09  1.54803008e+00 
 1.38150000e-09  1.55504134e+00 
 1.38250000e-09  1.56182441e+00 
 1.38350000e-09  1.56838840e+00 
 1.38450000e-09  1.57474142e+00 
 1.38550000e-09  1.58089166e+00 
 1.38650000e-09  1.58684638e+00 
 1.38750000e-09  1.59261295e+00 
 1.38850000e-09  1.59819795e+00 
 1.38950000e-09  1.60360808e+00 
 1.39050000e-09  1.60884931e+00 
 1.39150000e-09  1.61392778e+00 
 1.39250000e-09  1.61884896e+00 
 1.39350000e-09  1.62361850e+00 
 1.39450000e-09  1.62824140e+00 
 1.39550000e-09  1.63272305e+00 
 1.39650000e-09  1.63706784e+00 
 1.39750000e-09  1.64128070e+00 
 1.39850000e-09  1.64536585e+00 
 1.39950000e-09  1.64932784e+00 
 1.40050000e-09  1.65317058e+00 
 1.40150000e-09  1.65689831e+00 
 1.40250000e-09  1.66051468e+00 
 1.40350000e-09  1.66402361e+00 
 1.40450000e-09  1.66742849e+00 
 1.40550000e-09  1.67073300e+00 
 1.40650000e-09  1.67394029e+00 
 1.40750000e-09  1.67705378e+00 
 1.40850000e-09  1.68007641e+00 
 1.40950000e-09  1.68301137e+00 
 1.41050000e-09  1.68586139e+00 
 1.41150000e-09  1.68862946e+00 
 1.41250000e-09  1.69131813e+00 
 1.41350000e-09  1.69393016e+00 
 1.41450000e-09  1.69646794e+00 
 1.41550000e-09  1.69893406e+00 
 1.41650000e-09  1.70133073e+00 
 1.41750000e-09  1.70366038e+00 
 1.41850000e-09  1.70592504e+00 
 1.41950000e-09  1.70812700e+00 
 1.42050000e-09  1.71026815e+00 
 1.42150000e-09  1.71235061e+00 
 1.42250000e-09  1.71437615e+00 
 1.42350000e-09  1.71634675e+00 
 1.42450000e-09  1.71826404e+00 
 1.42550000e-09  1.72012989e+00 
 1.42650000e-09  1.72194580e+00 
 1.42750000e-09  1.72371351e+00 
 1.42850000e-09  1.72543442e+00 
 1.42950000e-09  1.72711014e+00 
 1.43050000e-09  1.72874197e+00 
 1.43150000e-09  1.73033143e+00 
 1.43250000e-09  1.73187974e+00 
 1.43350000e-09  1.73338831e+00 
 1.43450000e-09  1.73485825e+00 
 1.43550000e-09  1.73629088e+00 
 1.43650000e-09  1.73768724e+00 
 1.43750000e-09  1.73904856e+00 
 1.43850000e-09  1.74037579e+00 
 1.43950000e-09  1.74167008e+00 
 1.44050000e-09  1.74293233e+00 
 1.44150000e-09  1.74416360e+00 
 1.44250000e-09  1.74536472e+00 
 1.44350000e-09  1.74653669e+00 
 1.44450000e-09  1.74768027e+00 
 1.44550000e-09  1.74879639e+00 
 1.44650000e-09  1.74988577e+00 
 1.44750000e-09  1.75094929e+00 
 1.44850000e-09  1.75198757e+00 
 1.44950000e-09  1.75300147e+00 
 1.45000000e-09  1.75349941e+00 
 1.45010000e-09  1.75359819e+00 
 1.45030000e-09  1.75379527e+00 
 1.45070000e-09  1.75418665e+00 
 1.45150000e-09  1.75495845e+00 
 1.45250000e-09  1.75590309e+00 
 1.45350000e-09  1.75682593e+00 
 1.45450000e-09  1.75772758e+00 
 1.45550000e-09  1.75860864e+00 
 1.45650000e-09  1.75946966e+00 
 1.45750000e-09  1.76031119e+00 
 1.45850000e-09  1.76113377e+00 
 1.45950000e-09  1.76193789e+00 
 1.46050000e-09  1.76272408e+00 
 1.46150000e-09  1.76349280e+00 
 1.46250000e-09  1.76424447e+00 
 1.46350000e-09  1.76497958e+00 
 1.46450000e-09  1.76569853e+00 
 1.46550000e-09  1.76640176e+00 
 1.46650000e-09  1.76708966e+00 
 1.46750000e-09  1.76776265e+00 
 1.46850000e-09  1.76842106e+00 
 1.46950000e-09  1.76906530e+00 
 1.47050000e-09  1.76969570e+00 
 1.47150000e-09  1.77031263e+00 
 1.47250000e-09  1.77091638e+00 
 1.47350000e-09  1.77150732e+00 
 1.47450000e-09  1.77208572e+00 
 1.47550000e-09  1.77265192e+00 
 1.47650000e-09  1.77320618e+00 
 1.47750000e-09  1.77374881e+00 
 1.47850000e-09  1.77428007e+00 
 1.47950000e-09  1.77480024e+00 
 1.48050000e-09  1.77530956e+00 
 1.48150000e-09  1.77580831e+00 
 1.48250000e-09  1.77629671e+00 
 1.48350000e-09  1.77677501e+00 
 1.48450000e-09  1.77724343e+00 
 1.48550000e-09  1.77770222e+00 
 1.48650000e-09  1.77815157e+00 
 1.48750000e-09  1.77859171e+00 
 1.48850000e-09  1.77902282e+00 
 1.48950000e-09  1.77944514e+00 
 1.49050000e-09  1.77985883e+00 
 1.49150000e-09  1.78026411e+00 
 1.49250000e-09  1.78066113e+00 
 1.49350000e-09  1.78105010e+00 
 1.49450000e-09  1.78143118e+00 
 1.49550000e-09  1.78180455e+00 
 1.49650000e-09  1.78217036e+00 
 1.49750000e-09  1.78252878e+00 
 1.49850000e-09  1.78287998e+00 
 1.49950000e-09  1.78322409e+00 
 1.50000000e-09  1.78339354e+00 
 1.50010000e-09  1.78342719e+00 
 1.50030000e-09  1.78349435e+00 
 1.50070000e-09  1.78362786e+00 
 1.50150000e-09  1.78389164e+00 
 1.50250000e-09  1.78421541e+00 
 1.50350000e-09  1.78453268e+00 
 1.50450000e-09  1.78484359e+00 
 1.50550000e-09  1.78514826e+00 
 1.50650000e-09  1.78544683e+00 
 1.50750000e-09  1.78573943e+00 
 1.50850000e-09  1.78602617e+00 
 1.50950000e-09  1.78630717e+00 
 1.51050000e-09  1.78658257e+00 
 1.51150000e-09  1.78685246e+00 
 1.51250000e-09  1.78711696e+00 
 1.51350000e-09  1.78737618e+00 
 1.51450000e-09  1.78763023e+00 
 1.51550000e-09  1.78787922e+00 
 1.51650000e-09  1.78812324e+00 
 1.51750000e-09  1.78836239e+00 
 1.51850000e-09  1.78859678e+00 
 1.51950000e-09  1.78882650e+00 
 1.52050000e-09  1.78905164e+00 
 1.52150000e-09  1.78927229e+00 
 1.52250000e-09  1.78948855e+00 
 1.52350000e-09  1.78970050e+00 
 1.52450000e-09  1.78990823e+00 
 1.52550000e-09  1.79011182e+00 
 1.52650000e-09  1.79031135e+00 
 1.52750000e-09  1.79050691e+00 
 1.52850000e-09  1.79069857e+00 
 1.52950000e-09  1.79088642e+00 
 1.53050000e-09  1.79107052e+00 
 1.53150000e-09  1.79125095e+00 
 1.53250000e-09  1.79142778e+00 
 1.53350000e-09  1.79160109e+00 
 1.53450000e-09  1.79177095e+00 
 1.53550000e-09  1.79193741e+00 
 1.53650000e-09  1.79210055e+00 
 1.53750000e-09  1.79226044e+00 
 1.53850000e-09  1.79241714e+00 
 1.53950000e-09  1.79257071e+00 
 1.54050000e-09  1.79272121e+00 
 1.54150000e-09  1.79286871e+00 
 1.54250000e-09  1.79301326e+00 
 1.54350000e-09  1.79315492e+00 
 1.54450000e-09  1.79329374e+00 
 1.54550000e-09  1.79342979e+00 
 1.54650000e-09  1.79356312e+00 
 1.54750000e-09  1.79369378e+00 
 1.54850000e-09  1.79382183e+00 
 1.54950000e-09  1.79394731e+00 
 1.55000000e-09  1.79400910e+00 
 1.55010000e-09  1.79402137e+00 
 1.55030000e-09  1.79404586e+00 
 1.55070000e-09  1.79409455e+00 
 1.55150000e-09  1.79419076e+00 
 1.55250000e-09  1.79430884e+00 
 1.55350000e-09  1.79442456e+00 
 1.55450000e-09  1.79453795e+00 
 1.55550000e-09  1.79464907e+00 
 1.55650000e-09  1.79475796e+00 
 1.55750000e-09  1.79486466e+00 
 1.55850000e-09  1.79496922e+00 
 1.55950000e-09  1.79507167e+00 
 1.56050000e-09  1.79517207e+00 
 1.56150000e-09  1.79527044e+00 
 1.56250000e-09  1.79536684e+00 
 1.56350000e-09  1.79546129e+00 
 1.56450000e-09  1.79555384e+00 
 1.56550000e-09  1.79564453e+00 
 1.56650000e-09  1.79573338e+00 
 1.56750000e-09  1.79582045e+00 
 1.56850000e-09  1.79590576e+00 
 1.56950000e-09  1.79598934e+00 
 1.57050000e-09  1.79607124e+00 
 1.57150000e-09  1.79615149e+00 
 1.57250000e-09  1.79623011e+00 
 1.57350000e-09  1.79630715e+00 
 1.57450000e-09  1.79638262e+00 
 1.57550000e-09  1.79645657e+00 
 1.57650000e-09  1.79652903e+00 
 1.57750000e-09  1.79660001e+00 
 1.57850000e-09  1.79666956e+00 
 1.57950000e-09  1.79673770e+00 
 1.58050000e-09  1.79680446e+00 
 1.58150000e-09  1.79686987e+00 
 1.58250000e-09  1.79693395e+00 
 1.58350000e-09  1.79699672e+00 
 1.58450000e-09  1.79705823e+00 
 1.58550000e-09  1.79711848e+00 
 1.58650000e-09  1.79717752e+00 
 1.58750000e-09  1.79723535e+00 
 1.58850000e-09  1.79729200e+00 
 1.58950000e-09  1.79734751e+00 
 1.59050000e-09  1.79740189e+00 
 1.59150000e-09  1.79745516e+00 
 1.59250000e-09  1.79750734e+00 
 1.59350000e-09  1.79755846e+00 
 1.59450000e-09  1.79760855e+00 
 1.59550000e-09  1.79765761e+00 
 1.59650000e-09  1.79770567e+00 
 1.59750000e-09  1.79775275e+00 
 1.59850000e-09  1.79779887e+00 
 1.59950000e-09  1.79784406e+00 
 1.60050000e-09  1.79788832e+00 
 1.60150000e-09  1.79793167e+00 
 1.60250000e-09  1.79797414e+00 
 1.60350000e-09  1.79801575e+00 
 1.60450000e-09  1.79805650e+00 
 1.60550000e-09  1.79809643e+00 
 1.60650000e-09  1.79813553e+00 
 1.60750000e-09  1.79817384e+00 
 1.60850000e-09  1.79821136e+00 
 1.60950000e-09  1.79824812e+00 
 1.61050000e-09  1.79828412e+00 
 1.61150000e-09  1.79831939e+00 
 1.61250000e-09  1.79835394e+00 
 1.61350000e-09  1.79838778e+00 
 1.61450000e-09  1.79842092e+00 
 1.61550000e-09  1.79845339e+00 
 1.61650000e-09  1.79848519e+00 
 1.61750000e-09  1.79851634e+00 
 1.61850000e-09  1.79854685e+00 
 1.61950000e-09  1.79857674e+00 
 1.62050000e-09  1.79860601e+00 
 1.62150000e-09  1.79863469e+00 
 1.62250000e-09  1.79866277e+00 
 1.62350000e-09  1.79869028e+00 
 1.62450000e-09  1.79871723e+00 
 1.62550000e-09  1.79874362e+00 
 1.62650000e-09  1.79876947e+00 
 1.62750000e-09  1.79879479e+00 
 1.62850000e-09  1.79881959e+00 
 1.62950000e-09  1.79884388e+00 
 1.63050000e-09  1.79886767e+00 
 1.63150000e-09  1.79889098e+00 
 1.63250000e-09  1.79891380e+00 
 1.63350000e-09  1.79893616e+00 
 1.63450000e-09  1.79895805e+00 
 1.63550000e-09  1.79897950e+00 
 1.63650000e-09  1.79900050e+00 
 1.63750000e-09  1.79902108e+00 
 1.63850000e-09  1.79904123e+00 
 1.63950000e-09  1.79906096e+00 
 1.64050000e-09  1.79908029e+00 
 1.64150000e-09  1.79909922e+00 
 1.64250000e-09  1.79911777e+00 
 1.64350000e-09  1.79913593e+00 
 1.64450000e-09  1.79915372e+00 
 1.64550000e-09  1.79917114e+00 
 1.64650000e-09  1.79918820e+00 
 1.64750000e-09  1.79920491e+00 
 1.64850000e-09  1.79922128e+00 
 1.64950000e-09  1.79923731e+00 
 1.65050000e-09  1.79925301e+00 
 1.65150000e-09  1.79926839e+00 
 1.65250000e-09  1.79928345e+00 
 1.65350000e-09  1.79929820e+00 
 1.65450000e-09  1.79931265e+00 
 1.65550000e-09  1.79932680e+00 
 1.65650000e-09  1.79934065e+00 
 1.65750000e-09  1.79935422e+00 
 1.65850000e-09  1.79936752e+00 
 1.65950000e-09  1.79938054e+00 
 1.66050000e-09  1.79939329e+00 
 1.66150000e-09  1.79940577e+00 
 1.66250000e-09  1.79941800e+00 
 1.66350000e-09  1.79942998e+00 
 1.66450000e-09  1.79944171e+00 
 1.66550000e-09  1.79945320e+00 
 1.66650000e-09  1.79946445e+00 
 1.66750000e-09  1.79947547e+00 
 1.66850000e-09  1.79948627e+00 
 1.66950000e-09  1.79949684e+00 
 1.67050000e-09  1.79950719e+00 
 1.67150000e-09  1.79951733e+00 
 1.67250000e-09  1.79952726e+00 
 1.67350000e-09  1.79953699e+00 
 1.67450000e-09  1.79954651e+00 
 1.67550000e-09  1.79955584e+00 
 1.67650000e-09  1.79956498e+00 
 1.67750000e-09  1.79957392e+00 
 1.67850000e-09  1.79958269e+00 
 1.67950000e-09  1.79959127e+00 
 1.68050000e-09  1.79959967e+00 
 1.68150000e-09  1.79960791e+00 
 1.68250000e-09  1.79961597e+00 
 1.68350000e-09  1.79962386e+00 
 1.68450000e-09  1.79963160e+00 
 1.68550000e-09  1.79963917e+00 
 1.68650000e-09  1.79964659e+00 
 1.68750000e-09  1.79965385e+00 
 1.68850000e-09  1.79966097e+00 
 1.68950000e-09  1.79966793e+00 
 1.69050000e-09  1.79967476e+00 
 1.69150000e-09  1.79968144e+00 
 1.69250000e-09  1.79968799e+00 
 1.69350000e-09  1.79969440e+00 
 1.69450000e-09  1.79970067e+00 
 1.69550000e-09  1.79970682e+00 
 1.69650000e-09  1.79971284e+00 
 1.69750000e-09  1.79971874e+00 
 1.69850000e-09  1.79972452e+00 
 1.69950000e-09  1.79973017e+00 
 1.70000000e-09  1.79973296e+00 
 1.70010000e-09  1.80006774e+00 
 1.70030000e-09  1.80040999e+00 
 1.70070000e-09  1.80077886e+00 
 1.70150000e-09  1.80188765e+00 
 1.70250000e-09  1.80360289e+00 
 1.70350000e-09  1.80574779e+00 
 1.70450000e-09  1.80809511e+00 
 1.70550000e-09  1.81068237e+00 
 1.70650000e-09  1.81335148e+00 
 1.70750000e-09  1.81614626e+00 
 1.70850000e-09  1.81895942e+00 
 1.70950000e-09  1.82183457e+00 
 1.71050000e-09  1.82469861e+00 
 1.71150000e-09  1.82759138e+00 
 1.71250000e-09  1.83046246e+00 
 1.71350000e-09  1.83334671e+00 
 1.71450000e-09  1.83620885e+00 
 1.71550000e-09  1.83907884e+00 
 1.71650000e-09  1.84193016e+00 
 1.71750000e-09  1.84478842e+00 
 1.71850000e-09  1.84763411e+00 
 1.71950000e-09  1.85049583e+00 
 1.72050000e-09  1.85336032e+00 
 1.72150000e-09  1.85624967e+00 
 1.72250000e-09  1.85915481e+00 
 1.72350000e-09  1.86209486e+00 
 1.72450000e-09  1.86506132e+00 
 1.72550000e-09  1.86806675e+00 
 1.72650000e-09  1.87109441e+00 
 1.72750000e-09  1.87413273e+00 
 1.72850000e-09  1.87717739e+00 
 1.72950000e-09  1.88022249e+00 
 1.73050000e-09  1.88324943e+00 
 1.73150000e-09  1.88624996e+00 
 1.73250000e-09  1.88920826e+00 
 1.73350000e-09  1.89211945e+00 
 1.73450000e-09  1.89497261e+00 
 1.73550000e-09  1.89776743e+00 
 1.73650000e-09  1.90049882e+00 
 1.73750000e-09  1.90317292e+00 
 1.73850000e-09  1.90579215e+00 
 1.73950000e-09  1.90836971e+00 
 1.74050000e-09  1.91091437e+00 
 1.74150000e-09  1.91344410e+00 
 1.74250000e-09  1.91597140e+00 
 1.74350000e-09  1.91851706e+00 
 1.74450000e-09  1.92109204e+00 
 1.74550000e-09  1.92372107e+00 
 1.74650000e-09  1.92642302e+00 
 1.74750000e-09  1.92922335e+00 
 1.74850000e-09  1.93221124e+00 
 1.74950000e-09  1.93544545e+00 
 1.75000000e-09  1.93713924e+00 
 1.75010000e-09  1.93766452e+00 
 1.75030000e-09  1.93852692e+00 
 1.75070000e-09  1.94008706e+00 
 1.75150000e-09  1.94316710e+00 
 1.75250000e-09  1.94685680e+00 
 1.75350000e-09  1.95068511e+00 
 1.75450000e-09  1.95469551e+00 
 1.75550000e-09  1.95912803e+00 
 1.75650000e-09  1.96401450e+00 
 1.75750000e-09  1.96946996e+00 
 1.75850000e-09  1.97537974e+00 
 1.75950000e-09  1.98166522e+00 
 1.76050000e-09  1.98801929e+00 
 1.76150000e-09  1.99404382e+00 
 1.76250000e-09  1.99894910e+00 
 1.76350000e-09  2.00172189e+00 
 1.76450000e-09  2.00115464e+00 
 1.76550000e-09  1.99630090e+00 
 1.76650000e-09  1.98656910e+00 
 1.76750000e-09  1.97252440e+00 
 1.76850000e-09  1.95466579e+00 
 1.76950000e-09  1.93262252e+00 
 1.77050000e-09  1.90654996e+00 
 1.77150000e-09  1.87679197e+00 
 1.77250000e-09  1.84355240e+00 
 1.77350000e-09  1.80706111e+00 
 1.77450000e-09  1.76746107e+00 
 1.77550000e-09  1.72490131e+00 
 1.77650000e-09  1.67947469e+00 
 1.77750000e-09  1.63126453e+00 
 1.77850000e-09  1.58010756e+00 
 1.77950000e-09  1.52617504e+00 
 1.78050000e-09  1.46944002e+00 
 1.78150000e-09  1.40966274e+00 
 1.78250000e-09  1.34648356e+00 
 1.78350000e-09  1.27937599e+00 
 1.78450000e-09  1.20771684e+00 
 1.78550000e-09  1.13105297e+00 
 1.78650000e-09  1.04956365e+00 
 1.78750000e-09  9.64020060e-01 
 1.78850000e-09  8.75359064e-01 
 1.78950000e-09  7.84503307e-01 
 1.79050000e-09  6.92479160e-01 
 1.79150000e-09  6.00589487e-01 
 1.79250000e-09  5.10943659e-01 
 1.79350000e-09  4.26744326e-01 
 1.79450000e-09  3.50559483e-01 
 1.79550000e-09  2.83723685e-01 
 1.79650000e-09  2.27088582e-01 
 1.79750000e-09  1.80462028e-01 
 1.79850000e-09  1.42857944e-01 
 1.79950000e-09  1.12979000e-01 
 1.80050000e-09  8.95066314e-02 
 1.80150000e-09  7.12033652e-02 
 1.80250000e-09  5.70197831e-02 
 1.80350000e-09  4.60510746e-02 
 1.80450000e-09  3.75777451e-02 
 1.80550000e-09  3.10070237e-02 
 1.80650000e-09  2.59302761e-02 
 1.80750000e-09  2.19687651e-02 
 1.80850000e-09  1.88621929e-02 
 1.80950000e-09  1.63913891e-02 
 1.81050000e-09  1.44131505e-02 
 1.81150000e-09  1.28005472e-02 
 1.81250000e-09  1.14774627e-02 
 1.81350000e-09  1.03690842e-02 
 1.81450000e-09  9.43643918e-03 
 1.81550000e-09  8.63390657e-03 
 1.81650000e-09  7.94276972e-03 
 1.81750000e-09  7.33378832e-03 
 1.81850000e-09  6.79915076e-03 
 1.81950000e-09  6.31891920e-03 
 1.82050000e-09  5.89107551e-03 
 1.82150000e-09  5.50109025e-03 
 1.82250000e-09  5.14996591e-03 
 1.82350000e-09  4.82643465e-03 
 1.82450000e-09  4.53302311e-03 
 1.82550000e-09  4.26053113e-03 
 1.82650000e-09  4.01220518e-03 
 1.82750000e-09  3.78023741e-03 
 1.82850000e-09  3.56816374e-03 
 1.82950000e-09  3.36917603e-03 
 1.83050000e-09  3.18687109e-03 
 1.83150000e-09  3.01520297e-03 
 1.83250000e-09  2.85770963e-03 
 1.83350000e-09  2.70895613e-03 
 1.83450000e-09  2.57236060e-03 
 1.83550000e-09  2.44299696e-03 
 1.83650000e-09  2.32413436e-03 
 1.83750000e-09  2.21128217e-03 
 1.83850000e-09  2.10754877e-03 
 1.83950000e-09  2.00882315e-03 
 1.84050000e-09  1.91805050e-03 
 1.84150000e-09  1.83145506e-03 
 1.84250000e-09  1.75182153e-03 
 1.84350000e-09  1.67567278e-03 
 1.84450000e-09  1.60563841e-03 
 1.84550000e-09  1.53850905e-03 
 1.84650000e-09  1.47676596e-03 
 1.84750000e-09  1.41744097e-03 
 1.84850000e-09  1.36287437e-03 
 1.84950000e-09  1.31031612e-03 
 1.85050000e-09  1.26197312e-03 
 1.85150000e-09  1.21529316e-03 
 1.85250000e-09  1.17235730e-03 
 1.85350000e-09  1.13079323e-03 
 1.85450000e-09  1.09256350e-03 
 1.85550000e-09  1.05545981e-03 
 1.85650000e-09  1.02133326e-03 
 1.85750000e-09  9.88125371e-04 
 1.85850000e-09  9.57582505e-04 
 1.85950000e-09  9.27783346e-04 
 1.86050000e-09  9.00375904e-04 
 1.86150000e-09  8.73564640e-04 
 1.86250000e-09  8.48905253e-04 
 1.86350000e-09  8.24717744e-04 
 1.86450000e-09  8.02471197e-04 
 1.86550000e-09  7.80591914e-04 
 1.86650000e-09  7.60467724e-04 
 1.86750000e-09  7.40622880e-04 
 1.86850000e-09  7.22368993e-04 
 1.86950000e-09  7.04320690e-04 
 1.87050000e-09  6.87718104e-04 
 1.87150000e-09  6.71259352e-04 
 1.87250000e-09  6.56117528e-04 
 1.87350000e-09  6.41067976e-04 
 1.87450000e-09  6.27220921e-04 
 1.87550000e-09  6.13423214e-04 
 1.87650000e-09  6.00726121e-04 
 1.87750000e-09  5.88042775e-04 
 1.87850000e-09  5.76369147e-04 
 1.87950000e-09  5.64679866e-04 
 1.88050000e-09  5.53919048e-04 
 1.88150000e-09  5.43118424e-04 
 1.88250000e-09  5.33173480e-04 
 1.88350000e-09  5.23169015e-04 
 1.88450000e-09  5.13954904e-04 
 1.88550000e-09  5.04665300e-04 
 1.88650000e-09  4.96107304e-04 
 1.88750000e-09  4.87461001e-04 
 1.88850000e-09  4.79493375e-04 
 1.88950000e-09  4.71427281e-04 
 1.89050000e-09  4.63992080e-04 
 1.89150000e-09  4.56450477e-04 
 1.89250000e-09  4.49496551e-04 
 1.89350000e-09  4.42430156e-04 
 1.89450000e-09  4.35912276e-04 
 1.89550000e-09  4.29277416e-04 
 1.89650000e-09  4.23155524e-04 
 1.89750000e-09  4.16913433e-04 
 1.89850000e-09  4.11151986e-04 
 1.89950000e-09  4.05268190e-04 
 1.90050000e-09  3.99835596e-04 
 1.90150000e-09  3.94279385e-04 
 1.90250000e-09  3.89147511e-04 
 1.90350000e-09  3.83891472e-04 
 1.90450000e-09  3.79035220e-04 
 1.90550000e-09  3.74054840e-04 
 1.90650000e-09  3.69451777e-04 
 1.90750000e-09  3.64725093e-04 
 1.90850000e-09  3.60355127e-04 
 1.90950000e-09  3.55862420e-04 
 1.91050000e-09  3.51707524e-04 
 1.91150000e-09  3.47431057e-04 
 1.91250000e-09  3.43475020e-04 
 1.91350000e-09  3.39398808e-04 
 1.91450000e-09  3.35627026e-04 
 1.91550000e-09  3.31736630e-04 
 1.91650000e-09  3.28135919e-04 
 1.91750000e-09  3.24418274e-04 
 1.91850000e-09  3.20976707e-04 
 1.91950000e-09  3.17419965e-04 
 1.92050000e-09  3.14126731e-04 
 1.92150000e-09  3.10720127e-04 
 1.92250000e-09  3.07565406e-04 
 1.92350000e-09  3.04299140e-04 
 1.92450000e-09  3.01273993e-04 
 1.92550000e-09  2.98139124e-04 
 1.92650000e-09  2.95235400e-04 
 1.92750000e-09  2.92223757e-04 
 1.92850000e-09  2.89434004e-04 
 1.92950000e-09  2.86538102e-04 
 1.93050000e-09  2.83855499e-04 
 1.93150000e-09  2.81068472e-04 
 1.93250000e-09  2.78486758e-04 
 1.93350000e-09  2.75802293e-04 
 1.93450000e-09  2.73315714e-04 
 1.93550000e-09  2.70727997e-04 
 1.93650000e-09  2.68331253e-04 
 1.93750000e-09  2.65834918e-04 
 1.93850000e-09  2.63523118e-04 
 1.93950000e-09  2.61113208e-04 
 1.94050000e-09  2.58881829e-04 
 1.94150000e-09  2.56553753e-04 
 1.94250000e-09  2.54398607e-04 
 1.94350000e-09  2.52148107e-04 
 1.94450000e-09  2.50065310e-04 
 1.94550000e-09  2.47888431e-04 
 1.94650000e-09  2.45874370e-04 
 1.94750000e-09  2.43767432e-04 
 1.94850000e-09  2.41818748e-04 
 1.94950000e-09  2.39778321e-04 
 1.95000000e-09  2.38861402e-04 
 1.95010000e-09  2.38637446e-04 
 1.95030000e-09  2.38247978e-04 
 1.95070000e-09  2.37476374e-04 
 1.95150000e-09  2.35944330e-04 
 1.95250000e-09  2.34058547e-04 
 1.95350000e-09  2.32199893e-04 
 1.95450000e-09  2.30371761e-04 
 1.95550000e-09  2.28569566e-04 
 1.95650000e-09  2.26796467e-04 
 1.95750000e-09  2.25048181e-04 
 1.95850000e-09  2.23327653e-04 
 1.95950000e-09  2.21630879e-04 
 1.96050000e-09  2.19960606e-04 
 1.96150000e-09  2.18313093e-04 
 1.96250000e-09  2.16690899e-04 
 1.96350000e-09  2.15090527e-04 
 1.96450000e-09  2.13514362e-04 
 1.96550000e-09  2.11959135e-04 
 1.96650000e-09  2.10427069e-04 
 1.96750000e-09  2.08915106e-04 
 1.96850000e-09  2.07425318e-04 
 1.96950000e-09  2.05954841e-04 
 1.97050000e-09  2.04505611e-04 
 1.97150000e-09  2.03074943e-04 
 1.97250000e-09  2.01664646e-04 
 1.97350000e-09  2.00272202e-04 
 1.97450000e-09  1.98899298e-04 
 1.97550000e-09  1.97543575e-04 
 1.97650000e-09  1.96206608e-04 
 1.97750000e-09  1.94886184e-04 
 1.97850000e-09  1.93583775e-04 
 1.97950000e-09  1.92297301e-04 
 1.98050000e-09  1.91028138e-04 
 1.98150000e-09  1.89774333e-04 
 1.98250000e-09  1.88537174e-04 
 1.98350000e-09  1.87314821e-04 
 1.98450000e-09  1.86108483e-04 
 1.98550000e-09  1.84916427e-04 
 1.98650000e-09  1.83739786e-04 
 1.98750000e-09  1.82576928e-04 
 1.98850000e-09  1.81428914e-04 
 1.98950000e-09  1.80294208e-04 
 1.99050000e-09  1.79173804e-04 
 1.99150000e-09  1.78066252e-04 
 1.99250000e-09  1.76972487e-04 
 1.99350000e-09  1.75891140e-04 
 1.99450000e-09  1.74823087e-04 
 1.99550000e-09  1.73767038e-04 
 1.99650000e-09  1.72723817e-04 
 1.99750000e-09  1.71692201e-04 
 1.99850000e-09  1.70672968e-04 
 1.99950000e-09  1.69664960e-04 
 2.00000000e-09  1.69165615e-04 
