 0.00000000e+00  3.39237392e-02 
 1.00000000e-14  3.39237392e-02 
 2.00000000e-14  3.39237392e-02 
 4.00000000e-14  3.39237391e-02 
 8.00000000e-14  3.39237391e-02 
 1.60000000e-13  3.39237390e-02 
 3.20000000e-13  3.39237389e-02 
 6.40000000e-13  3.39237387e-02 
 1.28000000e-12  3.39237384e-02 
 2.28000000e-12  3.39237381e-02 
 3.28000000e-12  3.39237381e-02 
 4.28000000e-12  3.39237381e-02 
 5.28000000e-12  3.39237382e-02 
 6.28000000e-12  3.39237383e-02 
 7.28000000e-12  3.39237384e-02 
 8.28000000e-12  3.39237385e-02 
 9.28000000e-12  3.39237386e-02 
 1.02800000e-11  3.39237387e-02 
 1.12800000e-11  3.39237387e-02 
 1.22800000e-11  3.39237388e-02 
 1.32800000e-11  3.39237388e-02 
 1.42800000e-11  3.39237389e-02 
 1.52800000e-11  3.39237389e-02 
 1.62800000e-11  3.39237389e-02 
 1.72800000e-11  3.39237390e-02 
 1.82800000e-11  3.39237390e-02 
 1.92800000e-11  3.39237390e-02 
 2.02800000e-11  3.39237390e-02 
 2.12800000e-11  3.39237390e-02 
 2.22800000e-11  3.39237390e-02 
 2.32800000e-11  3.39237391e-02 
 2.42800000e-11  3.39237391e-02 
 2.52800000e-11  3.39237391e-02 
 2.62800000e-11  3.39237391e-02 
 2.72800000e-11  3.39237391e-02 
 2.82800000e-11  3.39237391e-02 
 2.92800000e-11  3.39237391e-02 
 3.02800000e-11  3.39237391e-02 
 3.12800000e-11  3.39237391e-02 
 3.22800000e-11  3.39237391e-02 
 3.32800000e-11  3.39237391e-02 
 3.42800000e-11  3.39237391e-02 
 3.52800000e-11  3.39237391e-02 
 3.62800000e-11  3.39237391e-02 
 3.72800000e-11  3.39237391e-02 
 3.82800000e-11  3.39237391e-02 
 3.92800000e-11  3.39237391e-02 
 4.02800000e-11  3.39237391e-02 
 4.12800000e-11  3.39237391e-02 
 4.22800000e-11  3.39237391e-02 
 4.32800000e-11  3.39237391e-02 
 4.42800000e-11  3.39237391e-02 
 4.52800000e-11  3.39237391e-02 
 4.62800000e-11  3.39237391e-02 
 4.72800000e-11  3.39237391e-02 
 4.82800000e-11  3.39237391e-02 
 4.92800000e-11  3.39237391e-02 
 5.00000000e-11  3.39237391e-02 
 5.01000000e-11  3.39237391e-02 
 5.03000000e-11  3.39237391e-02 
 5.07000000e-11  3.39237391e-02 
 5.15000000e-11  3.39237391e-02 
 5.25000000e-11  3.39237391e-02 
 5.35000000e-11  3.39237391e-02 
 5.45000000e-11  3.39237391e-02 
 5.55000000e-11  3.39237391e-02 
 5.65000000e-11  3.39237391e-02 
 5.75000000e-11  3.39237391e-02 
 5.85000000e-11  3.39237391e-02 
 5.95000000e-11  3.39237391e-02 
 6.05000000e-11  3.39237391e-02 
 6.15000000e-11  3.39237391e-02 
 6.25000000e-11  3.39237391e-02 
 6.35000000e-11  3.39237391e-02 
 6.45000000e-11  3.39237391e-02 
 6.55000000e-11  3.39237391e-02 
 6.65000000e-11  3.39237391e-02 
 6.75000000e-11  3.39237391e-02 
 6.85000000e-11  3.39237391e-02 
 6.95000000e-11  3.39237391e-02 
 7.05000000e-11  3.39237391e-02 
 7.15000000e-11  3.39237391e-02 
 7.25000000e-11  3.39237391e-02 
 7.35000000e-11  3.39237391e-02 
 7.45000000e-11  3.39237391e-02 
 7.55000000e-11  3.39237391e-02 
 7.65000000e-11  3.39237391e-02 
 7.75000000e-11  3.39237391e-02 
 7.85000000e-11  3.39237391e-02 
 7.95000000e-11  3.39237391e-02 
 8.05000000e-11  3.39237391e-02 
 8.15000000e-11  3.39237391e-02 
 8.25000000e-11  3.39237391e-02 
 8.35000000e-11  3.39237391e-02 
 8.45000000e-11  3.39237391e-02 
 8.55000000e-11  3.39237391e-02 
 8.65000000e-11  3.39237391e-02 
 8.75000000e-11  3.39237391e-02 
 8.85000000e-11  3.39237391e-02 
 8.95000000e-11  3.39237391e-02 
 9.05000000e-11  3.39237391e-02 
 9.15000000e-11  3.39237391e-02 
 9.25000000e-11  3.39237392e-02 
 9.35000000e-11  3.39237392e-02 
 9.45000000e-11  3.39237392e-02 
 9.55000000e-11  3.39237392e-02 
 9.65000000e-11  3.39237392e-02 
 9.75000000e-11  3.39237392e-02 
 9.85000000e-11  3.39237392e-02 
 9.95000000e-11  3.39237392e-02 
 1.00500000e-10  3.39237392e-02 
 1.01500000e-10  3.39237392e-02 
 1.02500000e-10  3.39237392e-02 
 1.03500000e-10  3.39237392e-02 
 1.04500000e-10  3.39237392e-02 
 1.05500000e-10  3.39237392e-02 
 1.06500000e-10  3.39237392e-02 
 1.07500000e-10  3.39237392e-02 
 1.08500000e-10  3.39237392e-02 
 1.09500000e-10  3.39237392e-02 
 1.10500000e-10  3.39237392e-02 
 1.11500000e-10  3.39237392e-02 
 1.12500000e-10  3.39237392e-02 
 1.13500000e-10  3.39237392e-02 
 1.14500000e-10  3.39237392e-02 
 1.15500000e-10  3.39237392e-02 
 1.16500000e-10  3.39237392e-02 
 1.17500000e-10  3.39237392e-02 
 1.18500000e-10  3.39237392e-02 
 1.19500000e-10  3.39237392e-02 
 1.20500000e-10  3.39237392e-02 
 1.21500000e-10  3.39237392e-02 
 1.22500000e-10  3.39237392e-02 
 1.23500000e-10  3.39237392e-02 
 1.24500000e-10  3.39237392e-02 
 1.25500000e-10  3.39237392e-02 
 1.26500000e-10  3.39237392e-02 
 1.27500000e-10  3.39237392e-02 
 1.28500000e-10  3.39237392e-02 
 1.29500000e-10  3.39237392e-02 
 1.30500000e-10  3.39237392e-02 
 1.31500000e-10  3.39237392e-02 
 1.32500000e-10  3.39237392e-02 
 1.33500000e-10  3.39237392e-02 
 1.34500000e-10  3.39237392e-02 
 1.35500000e-10  3.39237392e-02 
 1.36500000e-10  3.39237392e-02 
 1.37500000e-10  3.39237392e-02 
 1.38500000e-10  3.39237392e-02 
 1.39500000e-10  3.39237392e-02 
 1.40500000e-10  3.39237392e-02 
 1.41500000e-10  3.39237392e-02 
 1.42500000e-10  3.39237392e-02 
 1.43500000e-10  3.39237392e-02 
 1.44500000e-10  3.39237392e-02 
 1.45500000e-10  3.39237392e-02 
 1.46500000e-10  3.39237392e-02 
 1.47500000e-10  3.39237392e-02 
 1.48500000e-10  3.39237392e-02 
 1.49500000e-10  3.39237392e-02 
 1.50500000e-10  3.39237392e-02 
 1.51500000e-10  3.39237392e-02 
 1.52500000e-10  3.39237392e-02 
 1.53500000e-10  3.39237392e-02 
 1.54500000e-10  3.39237392e-02 
 1.55500000e-10  3.39237392e-02 
 1.56500000e-10  3.39237392e-02 
 1.57500000e-10  3.39237392e-02 
 1.58500000e-10  3.39237392e-02 
 1.59500000e-10  3.39237392e-02 
 1.60500000e-10  3.39237392e-02 
 1.61500000e-10  3.39237392e-02 
 1.62500000e-10  3.39237392e-02 
 1.63500000e-10  3.39237392e-02 
 1.64500000e-10  3.39237392e-02 
 1.65500000e-10  3.39237392e-02 
 1.66500000e-10  3.39237392e-02 
 1.67500000e-10  3.39237392e-02 
 1.68500000e-10  3.39237392e-02 
 1.69500000e-10  3.39237392e-02 
 1.70500000e-10  3.39237392e-02 
 1.71500000e-10  3.39237392e-02 
 1.72500000e-10  3.39237392e-02 
 1.73500000e-10  3.39237392e-02 
 1.74500000e-10  3.39237392e-02 
 1.75500000e-10  3.39237392e-02 
 1.76500000e-10  3.39237392e-02 
 1.77500000e-10  3.39237392e-02 
 1.78500000e-10  3.39237392e-02 
 1.79500000e-10  3.39237392e-02 
 1.80500000e-10  3.39237392e-02 
 1.81500000e-10  3.39237392e-02 
 1.82500000e-10  3.39237392e-02 
 1.83500000e-10  3.39237392e-02 
 1.84500000e-10  3.39237392e-02 
 1.85500000e-10  3.39237392e-02 
 1.86500000e-10  3.39237392e-02 
 1.87500000e-10  3.39237392e-02 
 1.88500000e-10  3.39237392e-02 
 1.89500000e-10  3.39237392e-02 
 1.90500000e-10  3.39237392e-02 
 1.91500000e-10  3.39237392e-02 
 1.92500000e-10  3.39237392e-02 
 1.93500000e-10  3.39237392e-02 
 1.94500000e-10  3.39237392e-02 
 1.95500000e-10  3.39237392e-02 
 1.96500000e-10  3.39237392e-02 
 1.97500000e-10  3.39237392e-02 
 1.98500000e-10  3.39237392e-02 
 1.99500000e-10  3.39237392e-02 
 2.00000000e-10  3.39237392e-02 
 2.00100000e-10  3.44065952e-02 
 2.00300000e-10  3.49777737e-02 
 2.00700000e-10  3.55637645e-02 
 2.01500000e-10  3.64839192e-02 
 2.02500000e-10  3.69992946e-02 
 2.03500000e-10  3.72063491e-02 
 2.04500000e-10  3.71451976e-02 
 2.05500000e-10  3.70165998e-02 
 2.06500000e-10  3.67934356e-02 
 2.07500000e-10  3.65834454e-02 
 2.08500000e-10  3.63445443e-02 
 2.09500000e-10  3.61407674e-02 
 2.10500000e-10  3.59321882e-02 
 2.11500000e-10  3.57606377e-02 
 2.12500000e-10  3.55924275e-02 
 2.13500000e-10  3.54567833e-02 
 2.14500000e-10  3.53265904e-02 
 2.15500000e-10  3.52231675e-02 
 2.16500000e-10  3.51247123e-02 
 2.17500000e-10  3.50471791e-02 
 2.18500000e-10  3.49727825e-02 
 2.19500000e-10  3.49135243e-02 
 2.20500000e-10  3.48545111e-02 
 2.21500000e-10  3.48047196e-02 
 2.22500000e-10  3.47514832e-02 
 2.23500000e-10  3.47017521e-02 
 2.24500000e-10  3.46451021e-02 
 2.25500000e-10  3.45877430e-02 
 2.26500000e-10  3.45220503e-02 
 2.27500000e-10  3.44543013e-02 
 2.28500000e-10  3.43781559e-02 
 2.29500000e-10  3.42974568e-02 
 2.30500000e-10  3.42051938e-02 
 2.31500000e-10  3.41064407e-02 
 2.32500000e-10  3.40026160e-02 
 2.33500000e-10  3.39118033e-02 
 2.34500000e-10  3.38537371e-02 
 2.35500000e-10  3.38608283e-02 
 2.36500000e-10  3.39494224e-02 
 2.37500000e-10  3.41120549e-02 
 2.38500000e-10  3.42831107e-02 
 2.39500000e-10  3.43191938e-02 
 2.40500000e-10  3.39856650e-02 
 2.41500000e-10  3.30974987e-02 
 2.42500000e-10  3.16582652e-02 
 2.43500000e-10  2.98549344e-02 
 2.44500000e-10  2.79250271e-02 
 2.45500000e-10  2.60682005e-02 
 2.46500000e-10  2.44015275e-02 
 2.47500000e-10  2.29797690e-02 
 2.48500000e-10  2.18090109e-02 
 2.49500000e-10  2.08710864e-02 
 2.50000000e-10  2.04802780e-02 
 2.50100000e-10  2.03586714e-02 
 2.50300000e-10  2.01064891e-02 
 2.50700000e-10  1.97359498e-02 
 2.51500000e-10  1.90986769e-02 
 2.52500000e-10  1.83770908e-02 
 2.53500000e-10  1.78496356e-02 
 2.54500000e-10  1.74773654e-02 
 2.55500000e-10  1.72742846e-02 
 2.56500000e-10  1.71852410e-02 
 2.57500000e-10  1.72168077e-02 
 2.58500000e-10  1.73218972e-02 
 2.59500000e-10  1.75075980e-02 
 2.60500000e-10  1.77417271e-02 
 2.61500000e-10  1.80335939e-02 
 2.62500000e-10  1.83623862e-02 
 2.63500000e-10  1.87380346e-02 
 2.64500000e-10  1.91474399e-02 
 2.65500000e-10  1.96002497e-02 
 2.66500000e-10  2.00887030e-02 
 2.67500000e-10  2.06219114e-02 
 2.68500000e-10  2.11959623e-02 
 2.69500000e-10  2.18200024e-02 
 2.70500000e-10  2.24931017e-02 
 2.71500000e-10  2.32245186e-02 
 2.72500000e-10  2.40166086e-02 
 2.73500000e-10  2.48798376e-02 
 2.74500000e-10  2.58200329e-02 
 2.75500000e-10  2.68500266e-02 
 2.76500000e-10  2.79801321e-02 
 2.77500000e-10  2.92272250e-02 
 2.78500000e-10  3.06075460e-02 
 2.79500000e-10  3.21436180e-02 
 2.80500000e-10  3.38583233e-02 
 2.81500000e-10  3.57796487e-02 
 2.82500000e-10  3.79356549e-02 
 2.83500000e-10  4.03590224e-02 
 2.84500000e-10  4.30856013e-02 
 2.85500000e-10  4.61573748e-02 
 2.86500000e-10  4.96120196e-02 
 2.87500000e-10  5.34853592e-02 
 2.88500000e-10  5.78243004e-02 
 2.89500000e-10  6.26947220e-02 
 2.90500000e-10  6.81681138e-02 
 2.91500000e-10  7.43016848e-02 
 2.92500000e-10  8.11123855e-02 
 2.93500000e-10  8.85588800e-02 
 2.94500000e-10  9.65324043e-02 
 2.95500000e-10  1.04870443e-01 
 2.96500000e-10  1.13395840e-01 
 2.97500000e-10  1.21961575e-01 
 2.98500000e-10  1.30468525e-01 
 2.99500000e-10  1.38861310e-01 
 3.00500000e-10  1.47115102e-01 
 3.01500000e-10  1.55225574e-01 
 3.02500000e-10  1.63201677e-01 
 3.03500000e-10  1.71061962e-01 
 3.04500000e-10  1.78828694e-01 
 3.05500000e-10  1.86519114e-01 
 3.06500000e-10  1.94136693e-01 
 3.07500000e-10  2.01670553e-01 
 3.08500000e-10  2.09100766e-01 
 3.09500000e-10  2.16405206e-01 
 3.10500000e-10  2.23563582e-01 
 3.11500000e-10  2.30559184e-01 
 3.12500000e-10  2.37378758e-01 
 3.13500000e-10  2.44012140e-01 
 3.14500000e-10  2.50451610e-01 
 3.15500000e-10  2.56691557e-01 
 3.16500000e-10  2.62728101e-01 
 3.17500000e-10  2.68558925e-01 
 3.18500000e-10  2.74183338e-01 
 3.19500000e-10  2.79601520e-01 
 3.20500000e-10  2.84814455e-01 
 3.21500000e-10  2.89824599e-01 
 3.22500000e-10  2.94635084e-01 
 3.23500000e-10  2.99249803e-01 
 3.24500000e-10  3.03673025e-01 
 3.25500000e-10  3.07909354e-01 
 3.26500000e-10  3.11963370e-01 
 3.27500000e-10  3.15839515e-01 
 3.28500000e-10  3.19541775e-01 
 3.29500000e-10  3.23073551e-01 
 3.30500000e-10  3.26437433e-01 
 3.31500000e-10  3.29635132e-01 
 3.32500000e-10  3.32667387e-01 
 3.33500000e-10  3.35533984e-01 
 3.34500000e-10  3.38233804e-01 
 3.35500000e-10  3.40764906e-01 
 3.36500000e-10  3.43124671e-01 
 3.37500000e-10  3.45309918e-01 
 3.38500000e-10  3.47317091e-01 
 3.39500000e-10  3.49142367e-01 
 3.40500000e-10  3.50781860e-01 
 3.41500000e-10  3.52231694e-01 
 3.42500000e-10  3.53488199e-01 
 3.43500000e-10  3.54547944e-01 
 3.44500000e-10  3.55407914e-01 
 3.45500000e-10  3.56065497e-01 
 3.46500000e-10  3.56518649e-01 
 3.47500000e-10  3.56765831e-01 
 3.48500000e-10  3.56806162e-01 
 3.49500000e-10  3.56639333e-01 
 3.50500000e-10  3.56265736e-01 
 3.51500000e-10  3.55686366e-01 
 3.52500000e-10  3.54902948e-01 
 3.53500000e-10  3.53917827e-01 
 3.54500000e-10  3.52734115e-01 
 3.55500000e-10  3.51355590e-01 
 3.56500000e-10  3.49786879e-01 
 3.57500000e-10  3.48033383e-01 
 3.58500000e-10  3.46101527e-01 
 3.59500000e-10  3.43998729e-01 
 3.60500000e-10  3.41733714e-01 
 3.61500000e-10  3.39316528e-01 
 3.62500000e-10  3.36758863e-01 
 3.63500000e-10  3.34074004e-01 
 3.64500000e-10  3.31275452e-01 
 3.65500000e-10  3.28381668e-01 
 3.66500000e-10  3.25409979e-01 
 3.67500000e-10  3.22378541e-01 
 3.68500000e-10  3.19304632e-01 
 3.69500000e-10  3.16204393e-01 
 3.70500000e-10  3.13091142e-01 
 3.71500000e-10  3.09975397e-01 
 3.72500000e-10  3.06863891e-01 
 3.73500000e-10  3.03760465e-01 
 3.74500000e-10  3.00666053e-01 
 3.75500000e-10  2.97579675e-01 
 3.76500000e-10  2.94498858e-01 
 3.77500000e-10  2.91420505e-01 
 3.78500000e-10  2.88341163e-01 
 3.79500000e-10  2.85257526e-01 
 3.80500000e-10  2.82166531e-01 
 3.81500000e-10  2.79065572e-01 
 3.82500000e-10  2.75952500e-01 
 3.83500000e-10  2.72825670e-01 
 3.84500000e-10  2.69683921e-01 
 3.85500000e-10  2.66526528e-01 
 3.86500000e-10  2.63353664e-01 
 3.87500000e-10  2.60164771e-01 
 3.88500000e-10  2.56960419e-01 
 3.89500000e-10  2.53741129e-01 
 3.90500000e-10  2.50507953e-01 
 3.91500000e-10  2.47261909e-01 
 3.92500000e-10  2.44004393e-01 
 3.93500000e-10  2.40736767e-01 
 3.94500000e-10  2.37460666e-01 
 3.95500000e-10  2.34177678e-01 
 3.96500000e-10  2.30889589e-01 
 3.97500000e-10  2.27598123e-01 
 3.98500000e-10  2.24305146e-01 
 3.99500000e-10  2.21012445e-01 
 4.00500000e-10  2.17721910e-01 
 4.01500000e-10  2.14435336e-01 
 4.02500000e-10  2.11154595e-01 
 4.03500000e-10  2.07881447e-01 
 4.04500000e-10  2.04617711e-01 
 4.05500000e-10  2.01365080e-01 
 4.06500000e-10  1.98125297e-01 
 4.07500000e-10  1.94899964e-01 
 4.08500000e-10  1.91690727e-01 
 4.09500000e-10  1.88499084e-01 
 4.10500000e-10  1.85326567e-01 
 4.11500000e-10  1.82174559e-01 
 4.12500000e-10  1.79044472e-01 
 4.13500000e-10  1.75937566e-01 
 4.14500000e-10  1.72855127e-01 
 4.15500000e-10  1.69798287e-01 
 4.16500000e-10  1.66768207e-01 
 4.17500000e-10  1.63765888e-01 
 4.18500000e-10  1.60792365e-01 
 4.19500000e-10  1.57848513e-01 
 4.20500000e-10  1.54935242e-01 
 4.21500000e-10  1.52053301e-01 
 4.22500000e-10  1.49203480e-01 
 4.23500000e-10  1.46386408e-01 
 4.24500000e-10  1.43602759e-01 
 4.25500000e-10  1.40853046e-01 
 4.26500000e-10  1.38137833e-01 
 4.27500000e-10  1.35457525e-01 
 4.28500000e-10  1.32812580e-01 
 4.29500000e-10  1.30203300e-01 
 4.30500000e-10  1.27630047e-01 
 4.31500000e-10  1.25093026e-01 
 4.32500000e-10  1.22592509e-01 
 4.33500000e-10  1.20128612e-01 
 4.34500000e-10  1.17701522e-01 
 4.35500000e-10  1.15311273e-01 
 4.36500000e-10  1.12957970e-01 
 4.37500000e-10  1.10641571e-01 
 4.38500000e-10  1.08362123e-01 
 4.39500000e-10  1.06119522e-01 
 4.40500000e-10  1.03913745e-01 
 4.41500000e-10  1.01744623e-01 
 4.42500000e-10  9.96120767e-02 
 4.43500000e-10  9.75158805e-02 
 4.44500000e-10  9.54559029e-02 
 4.45500000e-10  9.34318714e-02 
 4.46500000e-10  9.14436088e-02 
 4.47500000e-10  8.94908000e-02 
 4.48500000e-10  8.75732280e-02 
 4.49500000e-10  8.56905408e-02 
 4.50000000e-10  8.47622249e-02 
 4.50100000e-10  8.45777561e-02 
 4.50300000e-10  8.42095254e-02 
 4.50700000e-10  8.34771824e-02 
 4.51500000e-10  8.20288871e-02 
 4.52500000e-10  8.02490847e-02 
 4.53500000e-10  7.85028713e-02 
 4.54500000e-10  7.67898110e-02 
 4.55500000e-10  7.51096041e-02 
 4.56500000e-10  7.34617966e-02 
 4.57500000e-10  7.18460788e-02 
 4.58500000e-10  7.02619704e-02 
 4.59500000e-10  6.87091480e-02 
 4.60500000e-10  6.71871156e-02 
 4.61500000e-10  6.56955353e-02 
 4.62500000e-10  6.42339026e-02 
 4.63500000e-10  6.28018663e-02 
 4.64500000e-10  6.13989180e-02 
 4.65500000e-10  6.00246954e-02 
 4.66500000e-10  5.86786899e-02 
 4.67500000e-10  5.73605301e-02 
 4.68500000e-10  5.60697098e-02 
 4.69500000e-10  5.48058510e-02 
 4.70500000e-10  5.35684520e-02 
 4.71500000e-10  5.23571305e-02 
 4.72500000e-10  5.11713909e-02 
 4.73500000e-10  5.00108484e-02 
 4.74500000e-10  4.88750153e-02 
 4.75500000e-10  4.77635061e-02 
 4.76500000e-10  4.66758419e-02 
 4.77500000e-10  4.56116385e-02 
 4.78500000e-10  4.45704265e-02 
 4.79500000e-10  4.35518243e-02 
 4.80500000e-10  4.25553731e-02 
 4.81500000e-10  4.15806953e-02 
 4.82500000e-10  4.06273430e-02 
 4.83500000e-10  3.96949438e-02 
 4.84500000e-10  3.87830613e-02 
 4.85500000e-10  3.78913293e-02 
 4.86500000e-10  3.70193229e-02 
 4.87500000e-10  3.61666832e-02 
 4.88500000e-10  3.53329974e-02 
 4.89500000e-10  3.45179140e-02 
 4.90500000e-10  3.37210327e-02 
 4.91500000e-10  3.29420101e-02 
 4.92500000e-10  3.21804583e-02 
 4.93500000e-10  3.14360428e-02 
 4.94500000e-10  3.07083877e-02 
 4.95500000e-10  2.99971678e-02 
 4.96500000e-10  2.93020198e-02 
 4.97500000e-10  2.86226274e-02 
 4.98500000e-10  2.79586398e-02 
 4.99500000e-10  2.73097503e-02 
 5.00000000e-10  2.69908666e-02 
 5.00100000e-10  2.69276051e-02 
 5.00300000e-10  2.68013705e-02 
 5.00700000e-10  2.65506384e-02 
 5.01500000e-10  2.60560529e-02 
 5.02500000e-10  2.54505226e-02 
 5.03500000e-10  2.48588330e-02 
 5.04500000e-10  2.42806847e-02 
 5.05500000e-10  2.37157853e-02 
 5.06500000e-10  2.31638459e-02 
 5.07500000e-10  2.26245848e-02 
 5.08500000e-10  2.20977238e-02 
 5.09500000e-10  2.15829914e-02 
 5.10500000e-10  2.10801199e-02 
 5.11500000e-10  2.05888481e-02 
 5.12500000e-10  2.01089183e-02 
 5.13500000e-10  1.96400794e-02 
 5.14500000e-10  1.91820838e-02 
 5.15500000e-10  1.87346900e-02 
 5.16500000e-10  1.82976603e-02 
 5.17500000e-10  1.78707627e-02 
 5.18500000e-10  1.74537689e-02 
 5.19500000e-10  1.70464564e-02 
 5.20500000e-10  1.66486060e-02 
 5.21500000e-10  1.62600042e-02 
 5.22500000e-10  1.58804409e-02 
 5.23500000e-10  1.55097114e-02 
 5.24500000e-10  1.51476141e-02 
 5.25500000e-10  1.47939529e-02 
 5.26500000e-10  1.44485348e-02 
 5.27500000e-10  1.41111716e-02 
 5.28500000e-10  1.37816787e-02 
 5.29500000e-10  1.34598760e-02 
 5.30500000e-10  1.31455864e-02 
 5.31500000e-10  1.28386376e-02 
 5.32500000e-10  1.25388603e-02 
 5.33500000e-10  1.22460896e-02 
 5.34500000e-10  1.19601632e-02 
 5.35500000e-10  1.16809235e-02 
 5.36500000e-10  1.14082156e-02 
 5.37500000e-10  1.11418884e-02 
 5.38500000e-10  1.08817938e-02 
 5.39500000e-10  1.06277875e-02 
 5.40500000e-10  1.03797280e-02 
 5.41500000e-10  1.01374772e-02 
 5.42500000e-10  9.90089983e-03 
 5.43500000e-10  9.66986410e-03 
 5.44500000e-10  9.44424068e-03 
 5.45500000e-10  9.22390367e-03 
 5.46500000e-10  9.00872951e-03 
 5.47500000e-10  8.79859796e-03 
 5.48500000e-10  8.59339103e-03 
 5.49500000e-10  8.39299388e-03 
 5.50000000e-10  8.29456700e-03 
 5.50100000e-10  8.27504456e-03 
 5.50300000e-10  8.23609230e-03 
 5.50700000e-10  8.15873942e-03 
 5.51500000e-10  8.00621476e-03 
 5.52500000e-10  7.81958133e-03 
 5.53500000e-10  7.63732306e-03 
 5.54500000e-10  7.45933743e-03 
 5.55500000e-10  7.28552437e-03 
 5.56500000e-10  7.11578605e-03 
 5.57500000e-10  6.95002695e-03 
 5.58500000e-10  6.78815371e-03 
 5.59500000e-10  6.63007518e-03 
 5.60500000e-10  6.47570228e-03 
 5.61500000e-10  6.32494804e-03 
 5.62500000e-10  6.17772746e-03 
 5.63500000e-10  6.03395759e-03 
 5.64500000e-10  5.89355733e-03 
 5.65500000e-10  5.75644754e-03 
 5.66500000e-10  5.62255087e-03 
 5.67500000e-10  5.49179182e-03 
 5.68500000e-10  5.36409662e-03 
 5.69500000e-10  5.23939325e-03 
 5.70500000e-10  5.11761137e-03 
 5.71500000e-10  4.99868229e-03 
 5.72500000e-10  4.88253891e-03 
 5.73500000e-10  4.76911573e-03 
 5.74500000e-10  4.65834878e-03 
 5.75500000e-10  4.55017558e-03 
 5.76500000e-10  4.44453512e-03 
 5.77500000e-10  4.34136785e-03 
 5.78500000e-10  4.24061557e-03 
 5.79500000e-10  4.14222149e-03 
 5.80500000e-10  4.04613015e-03 
 5.81500000e-10  3.95228739e-03 
 5.82500000e-10  3.86064030e-03 
 5.83500000e-10  3.77113727e-03 
 5.84500000e-10  3.68372786e-03 
 5.85500000e-10  3.59836284e-03 
 5.86500000e-10  3.51499413e-03 
 5.87500000e-10  3.43357480e-03 
 5.88500000e-10  3.35405900e-03 
 5.89500000e-10  3.27640198e-03 
 5.90500000e-10  3.20056005e-03 
 5.91500000e-10  3.12649053e-03 
 5.92500000e-10  3.05415176e-03 
 5.93500000e-10  2.98350308e-03 
 5.94500000e-10  2.91450476e-03 
 5.95500000e-10  2.84711801e-03 
 5.96500000e-10  2.78130497e-03 
 5.97500000e-10  2.71702868e-03 
 5.98500000e-10  2.65425301e-03 
 5.99500000e-10  2.59294275e-03 
 6.00500000e-10  2.53306345e-03 
 6.01500000e-10  2.47458153e-03 
 6.02500000e-10  2.41746417e-03 
 6.03500000e-10  2.36167933e-03 
 6.04500000e-10  2.30719573e-03 
 6.05500000e-10  2.25398284e-03 
 6.06500000e-10  2.20201082e-03 
 6.07500000e-10  2.15125057e-03 
 6.08500000e-10  2.10167364e-03 
 6.09500000e-10  2.05325229e-03 
 6.10500000e-10  2.00595940e-03 
 6.11500000e-10  1.95976850e-03 
 6.12500000e-10  1.91465376e-03 
 6.13500000e-10  1.87058993e-03 
 6.14500000e-10  1.82755239e-03 
 6.15500000e-10  1.78551708e-03 
 6.16500000e-10  1.74446050e-03 
 6.17500000e-10  1.70435971e-03 
 6.18500000e-10  1.66519233e-03 
 6.19500000e-10  1.62693649e-03 
 6.20500000e-10  1.58957082e-03 
 6.21500000e-10  1.55307448e-03 
 6.22500000e-10  1.51742711e-03 
 6.23500000e-10  1.48260884e-03 
 6.24500000e-10  1.44860024e-03 
 6.25500000e-10  1.41538237e-03 
 6.26500000e-10  1.38293672e-03 
 6.27500000e-10  1.35124521e-03 
 6.28500000e-10  1.32029020e-03 
 6.29500000e-10  1.29005445e-03 
 6.30500000e-10  1.26052113e-03 
 6.31500000e-10  1.23167383e-03 
 6.32500000e-10  1.20349648e-03 
 6.33500000e-10  1.17597343e-03 
 6.34500000e-10  1.14908938e-03 
 6.35500000e-10  1.12282938e-03 
 6.36500000e-10  1.09717885e-03 
 6.37500000e-10  1.07212354e-03 
 6.38500000e-10  1.04764954e-03 
 6.39500000e-10  1.02374327e-03 
 6.40500000e-10  1.00039146e-03 
 6.41500000e-10  9.77581165e-04 
 6.42500000e-10  9.55299728e-04 
 6.43500000e-10  9.33534801e-04 
 6.44500000e-10  9.12274319e-04 
 6.45500000e-10  8.91506507e-04 
 6.46500000e-10  8.71219860e-04 
 6.47500000e-10  8.51403146e-04 
 6.48500000e-10  8.32045396e-04 
 6.49500000e-10  8.13135899e-04 
 6.50500000e-10  7.94664193e-04 
 6.51500000e-10  7.76620065e-04 
 6.52500000e-10  7.58993536e-04 
 6.53500000e-10  7.41774869e-04 
 6.54500000e-10  7.24954548e-04 
 6.55500000e-10  7.08523283e-04 
 6.56500000e-10  6.92472000e-04 
 6.57500000e-10  6.76791842e-04 
 6.58500000e-10  6.61474155e-04 
 6.59500000e-10  6.46510489e-04 
 6.60500000e-10  6.31892594e-04 
 6.61500000e-10  6.17612410e-04 
 6.62500000e-10  6.03662068e-04 
 6.63500000e-10  5.90033883e-04 
 6.64500000e-10  5.76720348e-04 
 6.65500000e-10  5.63714135e-04 
 6.66500000e-10  5.51008084e-04 
 6.67500000e-10  5.38595206e-04 
 6.68500000e-10  5.26468673e-04 
 6.69500000e-10  5.14621819e-04 
 6.70500000e-10  5.03048131e-04 
 6.71500000e-10  4.91741251e-04 
 6.72500000e-10  4.80694968e-04 
 6.73500000e-10  4.69903219e-04 
 6.74500000e-10  4.59360078e-04 
 6.75500000e-10  4.49059762e-04 
 6.76500000e-10  4.38996621e-04 
 6.77500000e-10  4.29165139e-04 
 6.78500000e-10  4.19559926e-04 
 6.79500000e-10  4.10175721e-04 
 6.80500000e-10  4.01007383e-04 
 6.81500000e-10  3.92049895e-04 
 6.82500000e-10  3.83298353e-04 
 6.83500000e-10  3.74747971e-04 
 6.84500000e-10  3.66394073e-04 
 6.85500000e-10  3.58232092e-04 
 6.86500000e-10  3.50257569e-04 
 6.87500000e-10  3.42466149e-04 
 6.88500000e-10  3.34853575e-04 
 6.89500000e-10  3.27415697e-04 
 6.90500000e-10  3.20148454e-04 
 6.91500000e-10  3.13047886e-04 
 6.92500000e-10  3.06110120e-04 
 6.93500000e-10  2.99331379e-04 
 6.94500000e-10  2.92707970e-04 
 6.95500000e-10  2.86236287e-04 
 6.96500000e-10  2.79912809e-04 
 6.97500000e-10  2.73734096e-04 
 6.98500000e-10  2.67696791e-04 
 6.99500000e-10  2.61797612e-04 
 7.00000000e-10  2.58898914e-04 
 7.00100000e-10  7.86786917e-04 
 7.00300000e-10  1.38423656e-03 
 7.00700000e-10  2.04016810e-03 
 7.01500000e-10  3.42400711e-03 
 7.02500000e-10  4.85613813e-03 
 7.03500000e-10  6.23138086e-03 
 7.04500000e-10  7.41235126e-03 
 7.05500000e-10  8.56773907e-03 
 7.06500000e-10  9.58662227e-03 
 7.07500000e-10  1.05904015e-02 
 7.08500000e-10  1.14935062e-02 
 7.09500000e-10  1.23852940e-02 
 7.10500000e-10  1.32003447e-02 
 7.11500000e-10  1.40051681e-02 
 7.12500000e-10  1.47495252e-02 
 7.13500000e-10  1.54833759e-02 
 7.14500000e-10  1.61677922e-02 
 7.15500000e-10  1.68408009e-02 
 7.16500000e-10  1.74693770e-02 
 7.17500000e-10  1.80829436e-02 
 7.18500000e-10  1.86601732e-02 
 7.19500000e-10  1.92275467e-02 
 7.20500000e-10  1.97661878e-02 
 7.21500000e-10  2.02987658e-02 
 7.22500000e-10  2.08120675e-02 
 7.23500000e-10  2.13258649e-02 
 7.24500000e-10  2.18297826e-02 
 7.25500000e-10  2.23388222e-02 
 7.26500000e-10  2.28392870e-02 
 7.27500000e-10  2.33232694e-02 
 7.28500000e-10  2.37882864e-02 
 7.29500000e-10  2.42422536e-02 
 7.30500000e-10  2.46755742e-02 
 7.31500000e-10  2.50946505e-02 
 7.32500000e-10  2.54982282e-02 
 7.33500000e-10  2.58999853e-02 
 7.34500000e-10  2.63062140e-02 
 7.35500000e-10  2.67353724e-02 
 7.36500000e-10  2.71979499e-02 
 7.37500000e-10  2.77147905e-02 
 7.38500000e-10  2.82982485e-02 
 7.39500000e-10  2.89689267e-02 
 7.40500000e-10  2.97378863e-02 
 7.41500000e-10  3.06227187e-02 
 7.42500000e-10  3.16314605e-02 
 7.43500000e-10  3.27787231e-02 
 7.44500000e-10  3.40677109e-02 
 7.45500000e-10  3.55130159e-02 
 7.46500000e-10  3.71244414e-02 
 7.47500000e-10  3.89186961e-02 
 7.48500000e-10  4.09212258e-02 
 7.49500000e-10  4.31742549e-02 
 7.50000000e-10  4.43998267e-02 
 7.50100000e-10  4.47249462e-02 
 7.50300000e-10  4.52911992e-02 
 7.50700000e-10  4.64327774e-02 
 7.51500000e-10  4.87531297e-02 
 7.52500000e-10  5.16961812e-02 
 7.53500000e-10  5.48938470e-02 
 7.54500000e-10  5.84097943e-02 
 7.55500000e-10  6.24532119e-02 
 7.56500000e-10  6.70773987e-02 
 7.57500000e-10  7.23882181e-02 
 7.58500000e-10  7.83104250e-02 
 7.59500000e-10  8.48025246e-02 
 7.60500000e-10  9.16426436e-02 
 7.61500000e-10  9.85577267e-02 
 7.62500000e-10  1.04963568e-01 
 7.63500000e-10  1.10102239e-01 
 7.64500000e-10  1.13091920e-01 
 7.65500000e-10  1.13359486e-01 
 7.66500000e-10  1.10689115e-01 
 7.67500000e-10  1.05291749e-01 
 7.68500000e-10  9.77570389e-02 
 7.69500000e-10  8.86679095e-02 
 7.70500000e-10  7.82190174e-02 
 7.71500000e-10  6.71490918e-02 
 7.72500000e-10  5.57496293e-02 
 7.73500000e-10  4.45298151e-02 
 7.74500000e-10  3.36913897e-02 
 7.75500000e-10  2.35255438e-02 
 7.76500000e-10  1.41179178e-02 
 7.77500000e-10  5.59778766e-03 
 7.78500000e-10 -2.25805758e-03 
 7.79500000e-10 -9.71772672e-03 
 7.80500000e-10 -1.61679817e-02 
 7.81500000e-10 -2.14968284e-02 
 7.82500000e-10 -2.59320445e-02 
 7.83500000e-10 -2.94638620e-02 
 7.84500000e-10 -3.21630756e-02 
 7.85500000e-10 -3.39970866e-02 
 7.86500000e-10 -3.50950820e-02 
 7.87500000e-10 -3.56764125e-02 
 7.88500000e-10 -3.60944368e-02 
 7.89500000e-10 -3.65463356e-02 
 7.90500000e-10 -3.71603931e-02 
 7.91500000e-10 -3.78783058e-02 
 7.92500000e-10 -3.85472243e-02 
 7.93500000e-10 -3.88160933e-02 
 7.94500000e-10 -3.82498809e-02 
 7.95500000e-10 -3.65813040e-02 
 7.96500000e-10 -3.38312021e-02 
 7.97500000e-10 -3.00758741e-02 
 7.98500000e-10 -2.56371409e-02 
 7.99500000e-10 -2.09143005e-02 
 8.00500000e-10 -1.62868393e-02 
 8.01500000e-10 -1.20017012e-02 
 8.02500000e-10 -8.23592043e-03 
 8.03500000e-10 -5.04572641e-03 
 8.04500000e-10 -2.44707517e-03 
 8.05500000e-10 -3.86543688e-04 
 8.06500000e-10  1.08027666e-03 
 8.07500000e-10  2.15260666e-03 
 8.08500000e-10  2.96130762e-03 
 8.09500000e-10  3.54502823e-03 
 8.10500000e-10  3.93775613e-03 
 8.11500000e-10  4.18346988e-03 
 8.12500000e-10  4.30789515e-03 
 8.13500000e-10  4.34585101e-03 
 8.14500000e-10  4.31395053e-03 
 8.15500000e-10  4.23720715e-03 
 8.16500000e-10  4.12411191e-03 
 8.17500000e-10  3.99189259e-03 
 8.18500000e-10  3.84339896e-03 
 8.19500000e-10  3.69051038e-03 
 8.20500000e-10  3.53258657e-03 
 8.21500000e-10  3.37806800e-03 
 8.22500000e-10  3.22435653e-03 
 8.23500000e-10  3.07775484e-03 
 8.24500000e-10  2.93468851e-03 
 8.25500000e-10  2.80014406e-03 
 8.26500000e-10  2.67015570e-03 
 8.27500000e-10  2.54888890e-03 
 8.28500000e-10  2.43231422e-03 
 8.29500000e-10  2.32406598e-03 
 8.30500000e-10  2.22022269e-03 
 8.31500000e-10  2.12405489e-03 
 8.32500000e-10  2.03183049e-03 
 8.33500000e-10  1.94655293e-03 
 8.34500000e-10  1.86471101e-03 
 8.35500000e-10  1.78909796e-03 
 8.36500000e-10  1.71642860e-03 
 8.37500000e-10  1.64932086e-03 
 8.38500000e-10  1.58470747e-03 
 8.39500000e-10  1.52505391e-03 
 8.40500000e-10  1.46749681e-03 
 8.41500000e-10  1.41436537e-03 
 8.42500000e-10  1.36298404e-03 
 8.43500000e-10  1.31555817e-03 
 8.44500000e-10  1.26958378e-03 
 8.45500000e-10  1.22715263e-03 
 8.46500000e-10  1.18591684e-03 
 8.47500000e-10  1.14786342e-03 
 8.48500000e-10  1.11078630e-03 
 8.49500000e-10  1.07657567e-03 
 8.50500000e-10  1.04315426e-03 
 8.51500000e-10  1.01232258e-03 
 8.52500000e-10  9.82120428e-04 
 8.53500000e-10  9.54265196e-04 
 8.54500000e-10  9.26903223e-04 
 8.55500000e-10  9.01674808e-04 
 8.56500000e-10  8.76823342e-04 
 8.57500000e-10  8.53917610e-04 
 8.58500000e-10  8.31289550e-04 
 8.59500000e-10  8.10441570e-04 
 8.60500000e-10  7.89786510e-04 
 8.61500000e-10  7.70765150e-04 
 8.62500000e-10  7.51864358e-04 
 8.63500000e-10  7.34467661e-04 
 8.64500000e-10  7.17129767e-04 
 8.65500000e-10  7.01180998e-04 
 8.66500000e-10  6.85238310e-04 
 8.67500000e-10  6.70582559e-04 
 8.68500000e-10  6.55887901e-04 
 8.69500000e-10  6.42389175e-04 
 8.70500000e-10  6.28813168e-04 
 8.71500000e-10  6.16351895e-04 
 8.72500000e-10  6.03780624e-04 
 8.73500000e-10  5.92251499e-04 
 8.74500000e-10  5.80584504e-04 
 8.75500000e-10  5.69894640e-04 
 8.76500000e-10  5.59043182e-04 
 8.77500000e-10  5.49110515e-04 
 8.78500000e-10  5.38996078e-04 
 8.79500000e-10  5.29747985e-04 
 8.80500000e-10  5.20300986e-04 
 8.81500000e-10  5.11673094e-04 
 8.82500000e-10  5.02831764e-04 
 8.83500000e-10  4.94766919e-04 
 8.84500000e-10  4.86476331e-04 
 8.85500000e-10  4.78923702e-04 
 8.86500000e-10  4.71134930e-04 
 8.87500000e-10  4.64049234e-04 
 8.88500000e-10  4.56718624e-04 
 8.89500000e-10  4.50059448e-04 
 8.90500000e-10  4.43147985e-04 
 8.91500000e-10  4.36879204e-04 
 8.92500000e-10  4.30351949e-04 
 8.93500000e-10  4.24441211e-04 
 8.94500000e-10  4.18266831e-04 
 8.95500000e-10  4.12685115e-04 
 8.96500000e-10  4.06835452e-04 
 8.97500000e-10  4.01556675e-04 
 8.98500000e-10  3.96006386e-04 
 8.99500000e-10  3.91007067e-04 
 9.00500000e-10  3.85733297e-04 
 9.01500000e-10  3.80992257e-04 
 9.02500000e-10  3.75974360e-04 
 9.03500000e-10  3.71472465e-04 
 9.04500000e-10  3.66691757e-04 
 9.05500000e-10  3.62411684e-04 
 9.06500000e-10  3.57851227e-04 
 9.07500000e-10  3.53777271e-04 
 9.08500000e-10  3.49421678e-04 
 9.09500000e-10  3.45539571e-04 
 9.10500000e-10  3.41374845e-04 
 9.11500000e-10  3.37671602e-04 
 9.12500000e-10  3.33684986e-04 
 9.13500000e-10  3.30148768e-04 
 9.14500000e-10  3.26328613e-04 
 9.15500000e-10  3.22948610e-04 
 9.16500000e-10  3.19284262e-04 
 9.17500000e-10  3.16050581e-04 
 9.18500000e-10  3.12532279e-04 
 9.19500000e-10  3.09435856e-04 
 9.20500000e-10  3.06054641e-04 
 9.21500000e-10  3.03087154e-04 
 9.22500000e-10  2.99834793e-04 
 9.23500000e-10  2.96988588e-04 
 9.24500000e-10  2.93857498e-04 
 9.25500000e-10  2.91125527e-04 
 9.26500000e-10  2.88108716e-04 
 9.27500000e-10  2.85484476e-04 
 9.28500000e-10  2.82575484e-04 
 9.29500000e-10  2.80052966e-04 
 9.30500000e-10  2.77245819e-04 
 9.31500000e-10  2.74819461e-04 
 9.32500000e-10  2.72108623e-04 
 9.33500000e-10  2.69773269e-04 
 9.34500000e-10  2.67153605e-04 
 9.35500000e-10  2.64904470e-04 
 9.36500000e-10  2.62371207e-04 
 9.37500000e-10  2.60203843e-04 
 9.38500000e-10  2.57752540e-04 
 9.39500000e-10  2.55662805e-04 
 9.40500000e-10  2.53289325e-04 
 9.41500000e-10  2.51273360e-04 
 9.42500000e-10  2.48973844e-04 
 9.43500000e-10  2.47028044e-04 
 9.44500000e-10  2.44798887e-04 
 9.45500000e-10  2.42919885e-04 
 9.46500000e-10  2.40757715e-04 
 9.47500000e-10  2.38942358e-04 
 9.48500000e-10  2.36844019e-04 
 9.49500000e-10  2.35089354e-04 
 9.50000000e-10  2.33989135e-04 
 9.50100000e-10  2.33878312e-04 
 9.50300000e-10  2.33504179e-04 
 9.50700000e-10  2.32756664e-04 
 9.51500000e-10  2.31277844e-04 
 9.52500000e-10  2.29453039e-04 
 9.53500000e-10  2.27657422e-04 
 9.54500000e-10  2.25887414e-04 
 9.55500000e-10  2.24145313e-04 
 9.56500000e-10  2.22427698e-04 
 9.57500000e-10  2.20736781e-04 
 9.58500000e-10  2.19069289e-04 
 9.59500000e-10  2.17427354e-04 
 9.60500000e-10  2.15807842e-04 
 9.61500000e-10  2.14212811e-04 
 9.62500000e-10  2.12639261e-04 
 9.63500000e-10  2.11089173e-04 
 9.64500000e-10  2.09559674e-04 
 9.65500000e-10  2.08052676e-04 
 9.66500000e-10  2.06565426e-04 
 9.67500000e-10  2.05099767e-04 
 9.68500000e-10  2.03653059e-04 
 9.69500000e-10  2.02227081e-04 
 9.70500000e-10  2.00819301e-04 
 9.71500000e-10  1.99431434e-04 
 9.72500000e-10  1.98061050e-04 
 9.73500000e-10  1.96709807e-04 
 9.74500000e-10  1.95375369e-04 
 9.75500000e-10  1.94059337e-04 
 9.76500000e-10  1.92759468e-04 
 9.77500000e-10  1.91477309e-04 
 9.78500000e-10  1.90210703e-04 
 9.79500000e-10  1.88961143e-04 
 9.80500000e-10  1.87726556e-04 
 9.81500000e-10  1.86508387e-04 
 9.82500000e-10  1.85304637e-04 
 9.83500000e-10  1.84116707e-04 
 9.84500000e-10  1.82942671e-04 
 9.85500000e-10  1.81783884e-04 
 9.86500000e-10  1.80638490e-04 
 9.87500000e-10  1.79507805e-04 
 9.88500000e-10  1.78390034e-04 
 9.89500000e-10  1.77286455e-04 
 9.90500000e-10  1.76195335e-04 
 9.91500000e-10  1.75117915e-04 
 9.92500000e-10  1.74052518e-04 
 9.93500000e-10  1.73000353e-04 
 9.94500000e-10  1.71959794e-04 
 9.95500000e-10  1.70932019e-04 
 9.96500000e-10  1.69915454e-04 
 9.97500000e-10  1.68911245e-04 
 9.98500000e-10  1.67917867e-04 
 9.99500000e-10  1.66936435e-04 
 1.00000000e-09  1.66449415e-04 
 1.00010000e-09  1.66352491e-04 
 1.00030000e-09  1.66158846e-04 
 1.00070000e-09  1.65772806e-04 
 1.00150000e-09  1.65005906e-04 
 1.00250000e-09  1.64056953e-04 
 1.00350000e-09  1.63118542e-04 
 1.00450000e-09  1.62190538e-04 
 1.00550000e-09  1.61272742e-04 
 1.00650000e-09  1.60365017e-04 
 1.00750000e-09  1.59467179e-04 
 1.00850000e-09  1.58579089e-04 
 1.00950000e-09  1.57700576e-04 
 1.01050000e-09  1.56831501e-04 
 1.01150000e-09  1.55971706e-04 
 1.01250000e-09  1.55121053e-04 
 1.01350000e-09  1.54279394e-04 
 1.01450000e-09  1.53446592e-04 
 1.01550000e-09  1.52622510e-04 
 1.01650000e-09  1.51807011e-04 
 1.01750000e-09  1.50999969e-04 
 1.01850000e-09  1.50201250e-04 
 1.01950000e-09  1.49410733e-04 
 1.02050000e-09  1.48628288e-04 
 1.02150000e-09  1.47853802e-04 
 1.02250000e-09  1.47087147e-04 
 1.02350000e-09  1.46328217e-04 
 1.02450000e-09  1.45576887e-04 
 1.02550000e-09  1.44833058e-04 
 1.02650000e-09  1.44096607e-04 
 1.02750000e-09  1.43367440e-04 
 1.02850000e-09  1.42645435e-04 
 1.02950000e-09  1.41930503e-04 
 1.03050000e-09  1.41222527e-04 
 1.03150000e-09  1.40521422e-04 
 1.03250000e-09  1.39827077e-04 
 1.03350000e-09  1.39139409e-04 
 1.03450000e-09  1.38458310e-04 
 1.03550000e-09  1.37783702e-04 
 1.03650000e-09  1.37115480e-04 
 1.03750000e-09  1.36453570e-04 
 1.03850000e-09  1.35797869e-04 
 1.03950000e-09  1.35148306e-04 
 1.04050000e-09  1.34504782e-04 
 1.04150000e-09  1.33867228e-04 
 1.04250000e-09  1.33235550e-04 
 1.04350000e-09  1.32609681e-04 
 1.04450000e-09  1.31989529e-04 
 1.04550000e-09  1.31375032e-04 
 1.04650000e-09  1.30766099e-04 
 1.04750000e-09  1.30162669e-04 
 1.04850000e-09  1.29564658e-04 
 1.04950000e-09  1.28972005e-04 
 1.05000000e-09  1.28677656e-04 
 1.05010000e-09  1.28618894e-04 
 1.05030000e-09  1.28501653e-04 
 1.05070000e-09  1.28267769e-04 
 1.05150000e-09  1.27802455e-04 
 1.05250000e-09  1.27225459e-04 
 1.05350000e-09  1.26653515e-04 
 1.05450000e-09  1.26086600e-04 
 1.05550000e-09  1.25524611e-04 
 1.05650000e-09  1.24967522e-04 
 1.05750000e-09  1.24415238e-04 
 1.05850000e-09  1.23867727e-04 
 1.05950000e-09  1.23324902e-04 
 1.06050000e-09  1.22786729e-04 
 1.06150000e-09  1.22253125e-04 
 1.06250000e-09  1.21724055e-04 
 1.06350000e-09  1.21199443e-04 
 1.06450000e-09  1.20679251e-04 
 1.06550000e-09  1.20163408e-04 
 1.06650000e-09  1.19651875e-04 
 1.06750000e-09  1.19144586e-04 
 1.06850000e-09  1.18641500e-04 
 1.06950000e-09  1.18142556e-04 
 1.07050000e-09  1.17647713e-04 
 1.07150000e-09  1.17156913e-04 
 1.07250000e-09  1.16670114e-04 
 1.07350000e-09  1.16187263e-04 
 1.07450000e-09  1.15708316e-04 
 1.07550000e-09  1.15233224e-04 
 1.07650000e-09  1.14761944e-04 
 1.07750000e-09  1.14294428e-04 
 1.07850000e-09  1.13830633e-04 
 1.07950000e-09  1.13370515e-04 
 1.08050000e-09  1.12914031e-04 
 1.08150000e-09  1.12461139e-04 
 1.08250000e-09  1.12011798e-04 
 1.08350000e-09  1.11565965e-04 
 1.08450000e-09  1.11123601e-04 
 1.08550000e-09  1.10684665e-04 
 1.08650000e-09  1.10249119e-04 
 1.08750000e-09  1.09816924e-04 
 1.08850000e-09  1.09388041e-04 
 1.08950000e-09  1.08962434e-04 
 1.09050000e-09  1.08540064e-04 
 1.09150000e-09  1.08120897e-04 
 1.09250000e-09  1.07704896e-04 
 1.09350000e-09  1.07292026e-04 
 1.09450000e-09  1.06882252e-04 
 1.09550000e-09  1.06475539e-04 
 1.09650000e-09  1.06071854e-04 
 1.09750000e-09  1.05671164e-04 
 1.09850000e-09  1.05273435e-04 
 1.09950000e-09  1.04878636e-04 
 1.10050000e-09  1.04486735e-04 
 1.10150000e-09  1.04097699e-04 
 1.10250000e-09  1.03711498e-04 
 1.10350000e-09  1.03328103e-04 
 1.10450000e-09  1.02947481e-04 
 1.10550000e-09  1.02569604e-04 
 1.10650000e-09  1.02194443e-04 
 1.10750000e-09  1.01821968e-04 
 1.10850000e-09  1.01452152e-04 
 1.10950000e-09  1.01084965e-04 
 1.11050000e-09  1.00720381e-04 
 1.11150000e-09  1.00358373e-04 
 1.11250000e-09  9.99989123e-05 
 1.11350000e-09  9.96419741e-05 
 1.11450000e-09  9.92875311e-05 
 1.11550000e-09  9.89355582e-05 
 1.11650000e-09  9.85860292e-05 
 1.11750000e-09  9.82389200e-05 
 1.11850000e-09  9.78942049e-05 
 1.11950000e-09  9.75518602e-05 
 1.12050000e-09  9.72118607e-05 
 1.12150000e-09  9.68741839e-05 
 1.12250000e-09  9.65388053e-05 
 1.12350000e-09  9.62057028e-05 
 1.12450000e-09  9.58748523e-05 
 1.12550000e-09  9.55462325e-05 
 1.12650000e-09  9.52198200e-05 
 1.12750000e-09  9.48955939e-05 
 1.12850000e-09  9.45735317e-05 
 1.12950000e-09  9.42536129e-05 
 1.13050000e-09  9.39358152e-05 
 1.13150000e-09  9.36201190e-05 
 1.13250000e-09  9.33065024e-05 
 1.13350000e-09  9.29949466e-05 
 1.13450000e-09  9.26854302e-05 
 1.13550000e-09  9.23779346e-05 
 1.13650000e-09  9.20724394e-05 
 1.13750000e-09  9.17689259e-05 
 1.13850000e-09  9.14673743e-05 
 1.13950000e-09  9.11677668e-05 
 1.14050000e-09  9.08700839e-05 
 1.14150000e-09  9.05743082e-05 
 1.14250000e-09  9.02804207e-05 
 1.14350000e-09  8.99884042e-05 
 1.14450000e-09  8.96982405e-05 
 1.14550000e-09  8.94099131e-05 
 1.14650000e-09  8.91234037e-05 
 1.14750000e-09  8.88386961e-05 
 1.14850000e-09  8.85557729e-05 
 1.14950000e-09  8.82746182e-05 
 1.15050000e-09  8.79952147e-05 
 1.15150000e-09  8.77175477e-05 
 1.15250000e-09  8.74415997e-05 
 1.15350000e-09  8.71673559e-05 
 1.15450000e-09  8.68947999e-05 
 1.15550000e-09  8.66239172e-05 
 1.15650000e-09  8.63546916e-05 
 1.15750000e-09  8.60871089e-05 
 1.15850000e-09  8.58211536e-05 
 1.15950000e-09  8.55568118e-05 
 1.16050000e-09  8.52940678e-05 
 1.16150000e-09  8.50329086e-05 
 1.16250000e-09  8.47733191e-05 
 1.16350000e-09  8.45152861e-05 
 1.16450000e-09  8.42587948e-05 
 1.16550000e-09  8.40038326e-05 
 1.16650000e-09  8.37503849e-05 
 1.16750000e-09  8.34984393e-05 
 1.16850000e-09  8.32479819e-05 
 1.16950000e-09  8.29990001e-05 
 1.17050000e-09  8.27514805e-05 
 1.17150000e-09  8.25054111e-05 
 1.17250000e-09  8.22607785e-05 
 1.17350000e-09  8.20175712e-05 
 1.17450000e-09  8.17757759e-05 
 1.17550000e-09  8.15353813e-05 
 1.17650000e-09  8.12963744e-05 
 1.17750000e-09  8.10587444e-05 
 1.17850000e-09  8.08224786e-05 
 1.17950000e-09  8.05875661e-05 
 1.18050000e-09  8.03539945e-05 
 1.18150000e-09  8.01217536e-05 
 1.18250000e-09  7.98908311e-05 
 1.18350000e-09  7.96612165e-05 
 1.18450000e-09  7.94328984e-05 
 1.18550000e-09  7.92058667e-05 
 1.18650000e-09  7.89801098e-05 
 1.18750000e-09  7.87556178e-05 
 1.18850000e-09  7.85323793e-05 
 1.18950000e-09  7.83103848e-05 
 1.19050000e-09  7.80896230e-05 
 1.19150000e-09  7.78700849e-05 
 1.19250000e-09  7.76517594e-05 
 1.19350000e-09  7.74346375e-05 
 1.19450000e-09  7.72187084e-05 
 1.19550000e-09  7.70039633e-05 
 1.19650000e-09  7.67903918e-05 
 1.19750000e-09  7.65779849e-05 
 1.19850000e-09  7.63667324e-05 
 1.19950000e-09  7.61566259e-05 
 1.20000000e-09  7.60519982e-05 
 1.20010000e-09  4.82459979e-04 
 1.20030000e-09  9.99805141e-04 
 1.20070000e-09  1.60811356e-03 
 1.20150000e-09  2.53228926e-03 
 1.20250000e-09  3.08279477e-03 
 1.20350000e-09  3.35250920e-03 
 1.20450000e-09  3.36084544e-03 
 1.20550000e-09  3.31942554e-03 
 1.20650000e-09  3.17581546e-03 
 1.20750000e-09  3.05674358e-03 
 1.20850000e-09  2.89466770e-03 
 1.20950000e-09  2.77514738e-03 
 1.21050000e-09  2.63436720e-03 
 1.21150000e-09  2.53490472e-03 
 1.21250000e-09  2.42193253e-03 
 1.21350000e-09  2.34342593e-03 
 1.21450000e-09  2.25384317e-03 
 1.21550000e-09  2.19136341e-03 
 1.21650000e-09  2.11894846e-03 
 1.21750000e-09  2.06811036e-03 
 1.21850000e-09  2.00962474e-03 
 1.21950000e-09  1.97093914e-03 
 1.22050000e-09  1.93027167e-03 
 1.22150000e-09  1.91289559e-03 
 1.22250000e-09  1.90350063e-03 
 1.22350000e-09  1.92531716e-03 
 1.22450000e-09  1.96721052e-03 
 1.22550000e-09  2.05001866e-03 
 1.22650000e-09  2.16539845e-03 
 1.22750000e-09  2.33138655e-03 
 1.22850000e-09  2.53995175e-03 
 1.22950000e-09  2.80334308e-03 
 1.23050000e-09  3.10871336e-03 
 1.23150000e-09  3.45980985e-03 
 1.23250000e-09  3.83420549e-03 
 1.23350000e-09  4.20893336e-03 
 1.23450000e-09  4.51606763e-03 
 1.23550000e-09  4.66788548e-03 
 1.23650000e-09  4.55874836e-03 
 1.23750000e-09  4.15340806e-03 
 1.23850000e-09  3.49163161e-03 
 1.23950000e-09  2.67989388e-03 
 1.24050000e-09  1.81718412e-03 
 1.24150000e-09  1.02009258e-03 
 1.24250000e-09  3.70341644e-04 
 1.24350000e-09 -8.69919265e-05 
 1.24450000e-09 -3.29578320e-04 
 1.24550000e-09 -2.93230270e-04 
 1.24650000e-09  1.82054215e-05 
 1.24750000e-09  5.30355033e-04 
 1.24850000e-09  1.24125358e-03 
 1.24950000e-09  2.11451062e-03 
 1.25000000e-09  2.59755630e-03 
 1.25010000e-09  3.03249932e-03 
 1.25030000e-09  3.41598298e-03 
 1.25070000e-09  3.86141775e-03 
 1.25150000e-09  4.86674615e-03 
 1.25250000e-09  5.77862299e-03 
 1.25350000e-09  6.74844309e-03 
 1.25450000e-09  7.61606600e-03 
 1.25550000e-09  8.60037934e-03 
 1.25650000e-09  9.52267353e-03 
 1.25750000e-09  1.05270660e-02 
 1.25850000e-09  1.14695612e-02 
 1.25950000e-09  1.24597774e-02 
 1.26050000e-09  1.33912040e-02 
 1.26150000e-09  1.43516542e-02 
 1.26250000e-09  1.52642191e-02 
 1.26350000e-09  1.62000222e-02 
 1.26450000e-09  1.71039404e-02 
 1.26550000e-09  1.80340324e-02 
 1.26650000e-09  1.89509364e-02 
 1.26750000e-09  1.99025977e-02 
 1.26850000e-09  2.08614660e-02 
 1.26950000e-09  2.18681397e-02 
 1.27050000e-09  2.29045265e-02 
 1.27150000e-09  2.40065750e-02 
 1.27250000e-09  2.51646043e-02 
 1.27350000e-09  2.64126833e-02 
 1.27450000e-09  2.77495465e-02 
 1.27550000e-09  2.92101094e-02 
 1.27650000e-09  3.08017977e-02 
 1.27750000e-09  3.25619145e-02 
 1.27850000e-09  3.45052840e-02 
 1.27950000e-09  3.66708646e-02 
 1.28050000e-09  3.90798991e-02 
 1.28150000e-09  4.17773153e-02 
 1.28250000e-09  4.47956528e-02 
 1.28350000e-09  4.81794538e-02 
 1.28450000e-09  5.19548645e-02 
 1.28550000e-09  5.61736734e-02 
 1.28650000e-09  6.08942326e-02 
 1.28750000e-09  6.61955369e-02 
 1.28850000e-09  7.21346543e-02 
 1.28950000e-09  7.87444514e-02 
 1.29050000e-09  8.59927794e-02 
 1.29150000e-09  9.37910677e-02 
 1.29250000e-09  1.01983160e-01 
 1.29350000e-09  1.10396119e-01 
 1.29450000e-09  1.18870329e-01 
 1.29550000e-09  1.27300537e-01 
 1.29650000e-09  1.35620395e-01 
 1.29750000e-09  1.43804111e-01 
 1.29850000e-09  1.51841720e-01 
 1.29950000e-09  1.59743837e-01 
 1.30050000e-09  1.67525428e-01 
 1.30150000e-09  1.75211883e-01 
 1.30250000e-09  1.82819804e-01 
 1.30350000e-09  1.90357708e-01 
 1.30450000e-09  1.97814326e-01 
 1.30550000e-09  2.05172573e-01 
 1.30650000e-09  2.12407983e-01 
 1.30750000e-09  2.19501544e-01 
 1.30850000e-09  2.26434001e-01 
 1.30950000e-09  2.33193306e-01 
 1.31050000e-09  2.39767222e-01 
 1.31150000e-09  2.46149362e-01 
 1.31250000e-09  2.52332436e-01 
 1.31350000e-09  2.58314140e-01 
 1.31450000e-09  2.64090797e-01 
 1.31550000e-09  2.69662364e-01 
 1.31650000e-09  2.75027972e-01 
 1.31750000e-09  2.80190364e-01 
 1.31850000e-09  2.85150805e-01 
 1.31950000e-09  2.89913789e-01 
 1.32050000e-09  2.94482100e-01 
 1.32150000e-09  2.98861258e-01 
 1.32250000e-09  3.03054772e-01 
 1.32350000e-09  3.07068301e-01 
 1.32450000e-09  3.10905140e-01 
 1.32550000e-09  3.14570123e-01 
 1.32650000e-09  3.18065404e-01 
 1.32750000e-09  3.21394181e-01 
 1.32850000e-09  3.24556815e-01 
 1.32950000e-09  3.27554453e-01 
 1.33050000e-09  3.30385489e-01 
 1.33150000e-09  3.33049095e-01 
 1.33250000e-09  3.35541977e-01 
 1.33350000e-09  3.37861791e-01 
 1.33450000e-09  3.40004125e-01 
 1.33550000e-09  3.41965759e-01 
 1.33650000e-09  3.43741822e-01 
 1.33750000e-09  3.45328877e-01 
 1.33850000e-09  3.46722209e-01 
 1.33950000e-09  3.47918735e-01 
 1.34050000e-09  3.48914395e-01 
 1.34150000e-09  3.49706894e-01 
 1.34250000e-09  3.50293193e-01 
 1.34350000e-09  3.50672082e-01 
 1.34450000e-09  3.50841766e-01 
 1.34550000e-09  3.50802305e-01 
 1.34650000e-09  3.50553281e-01 
 1.34750000e-09  3.50096113e-01 
 1.34850000e-09  3.49431817e-01 
 1.34950000e-09  3.48563225e-01 
 1.35050000e-09  3.47492836e-01 
 1.35150000e-09  3.46224969e-01 
 1.35250000e-09  3.44763718e-01 
 1.35350000e-09  3.43115064e-01 
 1.35450000e-09  3.41284959e-01 
 1.35550000e-09  3.39281420e-01 
 1.35650000e-09  3.37112743e-01 
 1.35750000e-09  3.34789574e-01 
 1.35850000e-09  3.32323209e-01 
 1.35950000e-09  3.29727541e-01 
 1.36050000e-09  3.27017187e-01 
 1.36150000e-09  3.24207863e-01 
 1.36250000e-09  3.21318937e-01 
 1.36350000e-09  3.18368695e-01 
 1.36450000e-09  3.15374712e-01 
 1.36550000e-09  3.12353431e-01 
 1.36650000e-09  3.09318464e-01 
 1.36750000e-09  3.06280601e-01 
 1.36850000e-09  3.03246718e-01 
 1.36950000e-09  3.00220847e-01 
 1.37050000e-09  2.97203836e-01 
 1.37150000e-09  2.94194809e-01 
 1.37250000e-09  2.91191036e-01 
 1.37350000e-09  2.88189494e-01 
 1.37450000e-09  2.85186388e-01 
 1.37550000e-09  2.82178507e-01 
 1.37650000e-09  2.79162418e-01 
 1.37750000e-09  2.76135650e-01 
 1.37850000e-09  2.73095690e-01 
 1.37950000e-09  2.70041072e-01 
 1.38050000e-09  2.66970282e-01 
 1.38150000e-09  2.63882812e-01 
 1.38250000e-09  2.60778033e-01 
 1.38350000e-09  2.57656237e-01 
 1.38450000e-09  2.54517511e-01 
 1.38550000e-09  2.51362797e-01 
 1.38650000e-09  2.48193161e-01 
 1.38750000e-09  2.45009338e-01 
 1.38850000e-09  2.41812558e-01 
 1.38950000e-09  2.38604383e-01 
 1.39050000e-09  2.35386238e-01 
 1.39150000e-09  2.32159950e-01 
 1.39250000e-09  2.28927079e-01 
 1.39350000e-09  2.25689609e-01 
 1.39450000e-09  2.22449171e-01 
 1.39550000e-09  2.19207825e-01 
 1.39650000e-09  2.15967221e-01 
 1.39750000e-09  2.12729438e-01 
 1.39850000e-09  2.09496104e-01 
 1.39950000e-09  2.06269267e-01 
 1.40050000e-09  2.03050501e-01 
 1.40150000e-09  1.99841792e-01 
 1.40250000e-09  1.96644637e-01 
 1.40350000e-09  1.93460930e-01 
 1.40450000e-09  1.90292073e-01 
 1.40550000e-09  1.87139855e-01 
 1.40650000e-09  1.84005566e-01 
 1.40750000e-09  1.80890878e-01 
 1.40850000e-09  1.77796964e-01 
 1.40950000e-09  1.74725368e-01 
 1.41050000e-09  1.71677140e-01 
 1.41150000e-09  1.68653694e-01 
 1.41250000e-09  1.65655955e-01 
 1.41350000e-09  1.62685205e-01 
 1.41450000e-09  1.59742245e-01 
 1.41550000e-09  1.56828226e-01 
 1.41650000e-09  1.53943826e-01 
 1.41750000e-09  1.51090068e-01 
 1.41850000e-09  1.48267512e-01 
 1.41950000e-09  1.45477058e-01 
 1.42050000e-09  1.42719149e-01 
 1.42150000e-09  1.39994569e-01 
 1.42250000e-09  1.37303651e-01 
 1.42350000e-09  1.34647067e-01 
 1.42450000e-09  1.32025046e-01 
 1.42550000e-09  1.29438157e-01 
 1.42650000e-09  1.26886531e-01 
 1.42750000e-09  1.24370637e-01 
 1.42850000e-09  1.21890520e-01 
 1.42950000e-09  1.19446555e-01 
 1.43050000e-09  1.17038703e-01 
 1.43150000e-09  1.14667258e-01 
 1.43250000e-09  1.12332101e-01 
 1.43350000e-09  1.10033445e-01 
 1.43450000e-09  1.07771101e-01 
 1.43550000e-09  1.05545222e-01 
 1.43650000e-09  1.03355564e-01 
 1.43750000e-09  1.01202210e-01 
 1.43850000e-09  9.90848560e-02 
 1.43950000e-09  9.70035281e-02 
 1.44050000e-09  9.49578698e-02 
 1.44150000e-09  9.29478575e-02 
 1.44250000e-09  9.09730903e-02 
 1.44350000e-09  8.90334996e-02 
 1.44450000e-09  8.71286459e-02 
 1.44550000e-09  8.52584212e-02 
 1.44650000e-09  8.34223527e-02 
 1.44750000e-09  8.16202980e-02 
 1.44850000e-09  7.98517557e-02 
 1.44950000e-09  7.81165543e-02 
 1.45000000e-09  7.72612607e-02 
 1.45010000e-09  7.70913763e-02 
 1.45030000e-09  7.67522228e-02 
 1.45070000e-09  7.60778241e-02 
 1.45150000e-09  7.47445866e-02 
 1.45250000e-09  7.31069910e-02 
 1.45350000e-09  7.15011362e-02 
 1.45450000e-09  6.99266110e-02 
 1.45550000e-09  6.83830611e-02 
 1.45650000e-09  6.68700356e-02 
 1.45750000e-09  6.53871795e-02 
 1.45850000e-09  6.39340207e-02 
 1.45950000e-09  6.25101979e-02 
 1.46050000e-09  6.11152276e-02 
 1.46150000e-09  5.97487416e-02 
 1.46250000e-09  5.84102512e-02 
 1.46350000e-09  5.70993816e-02 
 1.46450000e-09  5.58156432e-02 
 1.46550000e-09  5.45586561e-02 
 1.46650000e-09  5.33279330e-02 
 1.46750000e-09  5.21230904e-02 
 1.46850000e-09  5.09436456e-02 
 1.46950000e-09  4.97892133e-02 
 1.47050000e-09  4.86593170e-02 
 1.47150000e-09  4.75535713e-02 
 1.47250000e-09  4.64715076e-02 
 1.47350000e-09  4.54127417e-02 
 1.47450000e-09  4.43768139e-02 
 1.47550000e-09  4.33633428e-02 
 1.47650000e-09  4.23718784e-02 
 1.47750000e-09  4.14020434e-02 
 1.47850000e-09  4.04533981e-02 
 1.47950000e-09  3.95255705e-02 
 1.48050000e-09  3.86181318e-02 
 1.48150000e-09  3.77307161e-02 
 1.48250000e-09  3.68629060e-02 
 1.48350000e-09  3.60143424e-02 
 1.48450000e-09  3.51846196e-02 
 1.48550000e-09  3.43733864e-02 
 1.48650000e-09  3.35802486e-02 
 1.48750000e-09  3.28048634e-02 
 1.48850000e-09  3.20468486e-02 
 1.48950000e-09  3.13058701e-02 
 1.49050000e-09  3.05815576e-02 
 1.49150000e-09  2.98735861e-02 
 1.49250000e-09  2.91815975e-02 
 1.49350000e-09  2.85052759e-02 
 1.49450000e-09  2.78442754e-02 
 1.49550000e-09  2.71982894e-02 
 1.49650000e-09  2.65669840e-02 
 1.49750000e-09  2.59500622e-02 
 1.49850000e-09  2.53472020e-02 
 1.49950000e-09  2.47581160e-02 
 1.50000000e-09  2.44686467e-02 
 1.50010000e-09  2.44112223e-02 
 1.50030000e-09  2.42966371e-02 
 1.50070000e-09  2.40690509e-02 
 1.50150000e-09  2.36201497e-02 
 1.50250000e-09  2.30706015e-02 
 1.50350000e-09  2.25336665e-02 
 1.50450000e-09  2.20090686e-02 
 1.50550000e-09  2.14965381e-02 
 1.50650000e-09  2.09958090e-02 
 1.50750000e-09  2.05066217e-02 
 1.50850000e-09  2.00287205e-02 
 1.50950000e-09  1.95618557e-02 
 1.51050000e-09  1.91057814e-02 
 1.51150000e-09  1.86602575e-02 
 1.51250000e-09  1.82250478e-02 
 1.51350000e-09  1.77999218e-02 
 1.51450000e-09  1.73846525e-02 
 1.51550000e-09  1.69790187e-02 
 1.51650000e-09  1.65828027e-02 
 1.51750000e-09  1.61957921e-02 
 1.51850000e-09  1.58177781e-02 
 1.51950000e-09  1.54485571e-02 
 1.52050000e-09  1.50879288e-02 
 1.52150000e-09  1.47356981e-02 
 1.52250000e-09  1.43916731e-02 
 1.52350000e-09  1.40556667e-02 
 1.52450000e-09  1.37274953e-02 
 1.52550000e-09  1.34069797e-02 
 1.52650000e-09  1.30939439e-02 
 1.52750000e-09  1.27882164e-02 
 1.52850000e-09  1.24896289e-02 
 1.52950000e-09  1.21980173e-02 
 1.53050000e-09  1.19132203e-02 
 1.53150000e-09  1.16350810e-02 
 1.53250000e-09  1.13634453e-02 
 1.53350000e-09  1.10981629e-02 
 1.53450000e-09  1.08390865e-02 
 1.53550000e-09  1.05860725e-02 
 1.53650000e-09  1.03389800e-02 
 1.53750000e-09  1.00976718e-02 
 1.53850000e-09  9.86201311e-03 
 1.53950000e-09  9.63187287e-03 
 1.54050000e-09  9.40712240e-03 
 1.54150000e-09  9.18763635e-03 
 1.54250000e-09  8.97329184e-03 
 1.54350000e-09  8.76396913e-03 
 1.54450000e-09  8.55955086e-03 
 1.54550000e-09  8.35992266e-03 
 1.54650000e-09  8.16497244e-03 
 1.54750000e-09  7.97459103e-03 
 1.54850000e-09  7.78867141e-03 
 1.54950000e-09  7.60710934e-03 
 1.55000000e-09  7.51793341e-03 
 1.55010000e-09  7.50024583e-03 
 1.55030000e-09  7.46495458e-03 
 1.55070000e-09  7.39487183e-03 
 1.55150000e-09  7.25668224e-03 
 1.55250000e-09  7.08758912e-03 
 1.55350000e-09  6.92245938e-03 
 1.55450000e-09  6.76120006e-03 
 1.55550000e-09  6.60372043e-03 
 1.55650000e-09  6.44993180e-03 
 1.55750000e-09  6.29974759e-03 
 1.55850000e-09  6.15308317e-03 
 1.55950000e-09  6.00985594e-03 
 1.56050000e-09  5.86998517e-03 
 1.56150000e-09  5.73339206e-03 
 1.56250000e-09  5.59999958e-03 
 1.56350000e-09  5.46973257e-03 
 1.56450000e-09  5.34251758e-03 
 1.56550000e-09  5.21828290e-03 
 1.56650000e-09  5.09695846e-03 
 1.56750000e-09  4.97847588e-03 
 1.56850000e-09  4.86276833e-03 
 1.56950000e-09  4.74977059e-03 
 1.57050000e-09  4.63941895e-03 
 1.57150000e-09  4.53165119e-03 
 1.57250000e-09  4.42640656e-03 
 1.57350000e-09  4.32362574e-03 
 1.57450000e-09  4.22325079e-03 
 1.57550000e-09  4.12522514e-03 
 1.57650000e-09  4.02949355e-03 
 1.57750000e-09  3.93600208e-03 
 1.57850000e-09  3.84469805e-03 
 1.57950000e-09  3.75553003e-03 
 1.58050000e-09  3.66844781e-03 
 1.58150000e-09  3.58340234e-03 
 1.58250000e-09  3.50034573e-03 
 1.58350000e-09  3.41923124e-03 
 1.58450000e-09  3.34001321e-03 
 1.58550000e-09  3.26264706e-03 
 1.58650000e-09  3.18708926e-03 
 1.58750000e-09  3.11329731e-03 
 1.58850000e-09  3.04122972e-03 
 1.58950000e-09  2.97084597e-03 
 1.59050000e-09  2.90210649e-03 
 1.59150000e-09  2.83497265e-03 
 1.59250000e-09  2.76940673e-03 
 1.59350000e-09  2.70537190e-03 
 1.59450000e-09  2.64283220e-03 
 1.59550000e-09  2.58175252e-03 
 1.59650000e-09  2.52209856e-03 
 1.59750000e-09  2.46383687e-03 
 1.59850000e-09  2.40693474e-03 
 1.59950000e-09  2.35136027e-03 
 1.60050000e-09  2.29708229e-03 
 1.60150000e-09  2.24407038e-03 
 1.60250000e-09  2.19229482e-03 
 1.60350000e-09  2.14172660e-03 
 1.60450000e-09  2.09233741e-03 
 1.60550000e-09  2.04409959e-03 
 1.60650000e-09  1.99698612e-03 
 1.60750000e-09  1.95097065e-03 
 1.60850000e-09  1.90602742e-03 
 1.60950000e-09  1.86213130e-03 
 1.61050000e-09  1.81925774e-03 
 1.61150000e-09  1.77738278e-03 
 1.61250000e-09  1.73648299e-03 
 1.61350000e-09  1.69653555e-03 
 1.61450000e-09  1.65751812e-03 
 1.61550000e-09  1.61940893e-03 
 1.61650000e-09  1.58218670e-03 
 1.61750000e-09  1.54583066e-03 
 1.61850000e-09  1.51032051e-03 
 1.61950000e-09  1.47563646e-03 
 1.62050000e-09  1.44175915e-03 
 1.62150000e-09  1.40866972e-03 
 1.62250000e-09  1.37634971e-03 
 1.62350000e-09  1.34478112e-03 
 1.62450000e-09  1.31394636e-03 
 1.62550000e-09  1.28382827e-03 
 1.62650000e-09  1.25441007e-03 
 1.62750000e-09  1.22567541e-03 
 1.62850000e-09  1.19760828e-03 
 1.62950000e-09  1.17019308e-03 
 1.63050000e-09  1.14341457e-03 
 1.63150000e-09  1.11725786e-03 
 1.63250000e-09  1.09170841e-03 
 1.63350000e-09  1.06675203e-03 
 1.63450000e-09  1.04237486e-03 
 1.63550000e-09  1.01856336e-03 
 1.63650000e-09  9.95304319e-04 
 1.63750000e-09  9.72584828e-04 
 1.63850000e-09  9.50392281e-04 
 1.63950000e-09  9.28714372e-04 
 1.64050000e-09  9.07539081e-04 
 1.64150000e-09  8.86854673e-04 
 1.64250000e-09  8.66649684e-04 
 1.64350000e-09  8.46912923e-04 
 1.64450000e-09  8.27633459e-04 
 1.64550000e-09  8.08800619e-04 
 1.64650000e-09  7.90403978e-04 
 1.64750000e-09  7.72433360e-04 
 1.64850000e-09  7.54878823e-04 
 1.64950000e-09  7.37730661e-04 
 1.65050000e-09  7.20979393e-04 
 1.65150000e-09  7.04615764e-04 
 1.65250000e-09  6.88630730e-04 
 1.65350000e-09  6.73015466e-04 
 1.65450000e-09  6.57761347e-04 
 1.65550000e-09  6.42859956e-04 
 1.65650000e-09  6.28303070e-04 
 1.65750000e-09  6.14082658e-04 
 1.65850000e-09  6.00190878e-04 
 1.65950000e-09  5.86620072e-04 
 1.66050000e-09  5.73362761e-04 
 1.66150000e-09  5.60411642e-04 
 1.66250000e-09  5.47759581e-04 
 1.66350000e-09  5.35399612e-04 
 1.66450000e-09  5.23324932e-04 
 1.66550000e-09  5.11528898e-04 
 1.66650000e-09  5.00005020e-04 
 1.66750000e-09  4.88746964e-04 
 1.66850000e-09  4.77748539e-04 
 1.66950000e-09  4.67003704e-04 
 1.67050000e-09  4.56506554e-04 
 1.67150000e-09  4.46251327e-04 
 1.67250000e-09  4.36232393e-04 
 1.67350000e-09  4.26444253e-04 
 1.67450000e-09  4.16881539e-04 
 1.67550000e-09  4.07539006e-04 
 1.67650000e-09  3.98411534e-04 
 1.67750000e-09  3.89494121e-04 
 1.67850000e-09  3.80781881e-04 
 1.67950000e-09  3.72270046e-04 
 1.68050000e-09  3.63953954e-04 
 1.68150000e-09  3.55829058e-04 
 1.68250000e-09  3.47890911e-04 
 1.68350000e-09  3.40135174e-04 
 1.68450000e-09  3.32557609e-04 
 1.68550000e-09  3.25154075e-04 
 1.68650000e-09  3.17920528e-04 
 1.68750000e-09  3.10853022e-04 
 1.68850000e-09  3.03947698e-04 
 1.68950000e-09  2.97200791e-04 
 1.69050000e-09  2.90608622e-04 
 1.69150000e-09  2.84167599e-04 
 1.69250000e-09  2.77874210e-04 
 1.69350000e-09  2.71725032e-04 
 1.69450000e-09  2.65716715e-04 
 1.69550000e-09  2.59845991e-04 
 1.69650000e-09  2.54109668e-04 
 1.69750000e-09  2.48504627e-04 
 1.69850000e-09  2.43027823e-04 
 1.69950000e-09  2.37676282e-04 
 1.70000000e-09  2.35046663e-04 
 1.70010000e-09  7.63384032e-04 
 1.70030000e-09  1.36071820e-03 
 1.70070000e-09  2.01695103e-03 
 1.70150000e-09  3.40101702e-03 
 1.70250000e-09  4.83401853e-03 
 1.70350000e-09  6.20957557e-03 
 1.70450000e-09  7.39104075e-03 
 1.70550000e-09  8.54674167e-03 
 1.70650000e-09  9.56611521e-03 
 1.70750000e-09  1.05702523e-02 
 1.70850000e-09  1.14738372e-02 
 1.70950000e-09  1.23660060e-02 
 1.71050000e-09  1.31815239e-02 
 1.71150000e-09  1.39867385e-02 
 1.71250000e-09  1.47315486e-02 
 1.71350000e-09  1.54657927e-02 
 1.71450000e-09  1.61506476e-02 
 1.71550000e-09  1.68240469e-02 
 1.71650000e-09  1.74530498e-02 
 1.71750000e-09  1.80670002e-02 
 1.71850000e-09  1.86446409e-02 
 1.71950000e-09  1.92123914e-02 
 1.72050000e-09  1.97514309e-02 
 1.72150000e-09  2.02843781e-02 
 1.72250000e-09  2.07980667e-02 
 1.72350000e-09  2.13122257e-02 
 1.72450000e-09  2.18165205e-02 
 1.72550000e-09  2.23259159e-02 
 1.72650000e-09  2.28267520e-02 
 1.72750000e-09  2.33110869e-02 
 1.72850000e-09  2.37764745e-02 
 1.72950000e-09  2.42307968e-02 
 1.73050000e-09  2.46644870e-02 
 1.73150000e-09  2.50839160e-02 
 1.73250000e-09  2.54878564e-02 
 1.73350000e-09  2.58899560e-02 
 1.73450000e-09  2.62965325e-02 
 1.73550000e-09  2.67260154e-02 
 1.73650000e-09  2.71889190e-02 
 1.73750000e-09  2.77060600e-02 
 1.73850000e-09  2.82898180e-02 
 1.73950000e-09  2.89607696e-02 
 1.74050000e-09  2.97300021e-02 
 1.74150000e-09  3.06150813e-02 
 1.74250000e-09  3.16240705e-02 
 1.74350000e-09  3.27715558e-02 
 1.74450000e-09  3.40607682e-02 
 1.74550000e-09  3.55062746e-02 
 1.74650000e-09  3.71179050e-02 
 1.74750000e-09  3.89123425e-02 
 1.74850000e-09  4.09150569e-02 
 1.74950000e-09  4.31682493e-02 
 1.75000000e-09  4.43939137e-02 
 1.75010000e-09  4.47190443e-02 
 1.75030000e-09  4.52853292e-02 
 1.75070000e-09  4.64269721e-02 
 1.75150000e-09  4.87474505e-02 
 1.75250000e-09  5.16906561e-02 
 1.75350000e-09  5.48884710e-02 
 1.75450000e-09  5.84045648e-02 
 1.75550000e-09  6.24481247e-02 
 1.75650000e-09  6.70724517e-02 
 1.75750000e-09  7.23834074e-02 
 1.75850000e-09  7.83057488e-02 
 1.75950000e-09  8.47979792e-02 
 1.76050000e-09  9.16382268e-02 
 1.76150000e-09  9.85534347e-02 
 1.76250000e-09  1.04959402e-01 
 1.76350000e-09  1.10098208e-01 
 1.76450000e-09  1.13088053e-01 
 1.76550000e-09  1.13355824e-01 
 1.76650000e-09  1.10685705e-01 
 1.76750000e-09  1.05288668e-01 
 1.76850000e-09  9.77542538e-02 
 1.76950000e-09  8.86652827e-02 
 1.77050000e-09  7.82168006e-02 
 1.77150000e-09  6.71471689e-02 
 1.77250000e-09  5.57480810e-02 
 1.77350000e-09  4.45285321e-02 
 1.77450000e-09  3.36904311e-02 
 1.77550000e-09  2.35248062e-02 
 1.77650000e-09  1.41174497e-02 
 1.77750000e-09  5.59749377e-03 
 1.77850000e-09 -2.25814409e-03 
 1.77950000e-09 -9.71767395e-03 
 1.78050000e-09 -1.61677734e-02 
 1.78150000e-09 -2.14965412e-02 
 1.78250000e-09 -2.59317264e-02 
 1.78350000e-09 -2.94636116e-02 
 1.78450000e-09 -3.21629538e-02 
 1.78550000e-09 -3.39971887e-02 
 1.78650000e-09 -3.50954080e-02 
 1.78750000e-09 -3.56769655e-02 
 1.78850000e-09 -3.60951507e-02 
 1.78950000e-09 -3.65471324e-02 
 1.79050000e-09 -3.71611874e-02 
 1.79150000e-09 -3.78791787e-02 
 1.79250000e-09 -3.85480988e-02 
 1.79350000e-09 -3.88169820e-02 
 1.79450000e-09 -3.82510672e-02 
 1.79550000e-09 -3.65825183e-02 
 1.79650000e-09 -3.38327426e-02 
 1.79750000e-09 -3.00773318e-02 
 1.79850000e-09 -2.56387950e-02 
 1.79950000e-09 -2.09156761e-02 
 1.80050000e-09 -1.62882644e-02 
 1.80150000e-09 -1.20026425e-02 
 1.80250000e-09 -8.23694330e-03 
 1.80350000e-09 -5.04637526e-03 
 1.80450000e-09 -2.44777440e-03 
 1.80550000e-09 -3.86906744e-04 
 1.80650000e-09  1.07988117e-03 
 1.80750000e-09  2.15246263e-03 
 1.80850000e-09  2.96105860e-03 
 1.80950000e-09  3.54499014e-03 
 1.81050000e-09  3.93760559e-03 
 1.81150000e-09  4.18342327e-03 
 1.81250000e-09  4.30778509e-03 
 1.81350000e-09  4.34589368e-03 
 1.81450000e-09  4.31389650e-03 
 1.81550000e-09  4.23728121e-03 
 1.81650000e-09  4.12407981e-03 
 1.81750000e-09  3.99197243e-03 
 1.81850000e-09  3.84337310e-03 
 1.81950000e-09  3.69058503e-03 
 1.82050000e-09  3.53256038e-03 
 1.82150000e-09  3.37813341e-03 
 1.82250000e-09  3.22432776e-03 
 1.82350000e-09  3.07781012e-03 
 1.82450000e-09  2.93465685e-03 
 1.82550000e-09  2.80018974e-03 
 1.82650000e-09  2.67012161e-03 
 1.82750000e-09  2.54892602e-03 
 1.82850000e-09  2.43227839e-03 
 1.82950000e-09  2.32409567e-03 
 1.83050000e-09  2.22018579e-03 
 1.83150000e-09  2.12407822e-03 
 1.83250000e-09  2.03179311e-03 
 1.83350000e-09  1.94657085e-03 
 1.83450000e-09  1.86467358e-03 
 1.83550000e-09  1.78911127e-03 
 1.83650000e-09  1.71639148e-03 
 1.83750000e-09  1.64933024e-03 
 1.83850000e-09  1.58467090e-03 
 1.83950000e-09  1.52505992e-03 
 1.84050000e-09  1.46746095e-03 
 1.84150000e-09  1.41436848e-03 
 1.84250000e-09  1.36294901e-03 
 1.84350000e-09  1.31555878e-03 
 1.84450000e-09  1.26954965e-03 
 1.84550000e-09  1.22715108e-03 
 1.84650000e-09  1.18588363e-03 
 1.84750000e-09  1.14785998e-03 
 1.84850000e-09  1.11075405e-03 
 1.84950000e-09  1.07657059e-03 
 1.85050000e-09  1.04312295e-03 
 1.85150000e-09  1.01231606e-03 
 1.85250000e-09  9.82090038e-04 
 1.85350000e-09  9.54257419e-04 
 1.85450000e-09  9.26873738e-04 
 1.85550000e-09  9.01665932e-04 
 1.85650000e-09  8.76794733e-04 
 1.85750000e-09  8.53907773e-04 
 1.85850000e-09  8.31261787e-04 
 1.85950000e-09  8.10430893e-04 
 1.86050000e-09  7.89759562e-04 
 1.86150000e-09  7.70753740e-04 
 1.86250000e-09  7.51838189e-04 
 1.86350000e-09  7.34455613e-04 
 1.86450000e-09  7.17104347e-04 
 1.86550000e-09  7.01168396e-04 
 1.86650000e-09  6.85213606e-04 
 1.86750000e-09  6.70569479e-04 
 1.86850000e-09  6.55863880e-04 
 1.86950000e-09  6.42375683e-04 
 1.87050000e-09  6.28789800e-04 
 1.87150000e-09  6.16338052e-04 
 1.87250000e-09  6.03757880e-04 
 1.87350000e-09  5.92237359e-04 
 1.87450000e-09  5.80562356e-04 
 1.87550000e-09  5.69880253e-04 
 1.87650000e-09  5.59021604e-04 
 1.87750000e-09  5.49095924e-04 
 1.87850000e-09  5.38975044e-04 
 1.87950000e-09  5.29733230e-04 
 1.88050000e-09  5.20280472e-04 
 1.88150000e-09  5.11658211e-04 
 1.88250000e-09  5.02811748e-04 
 1.88350000e-09  4.94751941e-04 
 1.88450000e-09  4.86456791e-04 
 1.88550000e-09  4.78908657e-04 
 1.88650000e-09  4.71115846e-04 
 1.88750000e-09  4.64034149e-04 
 1.88850000e-09  4.56699977e-04 
 1.88950000e-09  4.50044348e-04 
 1.89050000e-09  4.43129756e-04 
 1.89150000e-09  4.36864110e-04 
 1.89250000e-09  4.30334123e-04 
 1.89350000e-09  4.24426143e-04 
 1.89450000e-09  4.18249390e-04 
 1.89550000e-09  4.12670090e-04 
 1.89650000e-09  4.06818382e-04 
 1.89750000e-09  4.01541710e-04 
 1.89850000e-09  3.95989672e-04 
 1.89950000e-09  3.90992176e-04 
 1.90050000e-09  3.85716926e-04 
 1.90150000e-09  3.80977453e-04 
 1.90250000e-09  3.75958320e-04 
 1.90350000e-09  3.71457760e-04 
 1.90450000e-09  3.66676034e-04 
 1.90550000e-09  3.62397089e-04 
 1.90650000e-09  3.57835810e-04 
 1.90750000e-09  3.53762795e-04 
 1.90850000e-09  3.49406558e-04 
 1.90950000e-09  3.45525222e-04 
 1.91050000e-09  3.41360011e-04 
 1.91150000e-09  3.37657388e-04 
 1.91250000e-09  3.33670428e-04 
 1.91350000e-09  3.30134697e-04 
 1.91450000e-09  3.26314322e-04 
 1.91550000e-09  3.22934685e-04 
 1.91650000e-09  3.19270229e-04 
 1.91750000e-09  3.16036809e-04 
 1.91850000e-09  3.12518496e-04 
 1.91950000e-09  3.09422242e-04 
 1.92050000e-09  3.06041102e-04 
 1.92150000e-09  3.03073701e-04 
 1.92250000e-09  2.99821488e-04 
 1.92350000e-09  2.96975300e-04 
 1.92450000e-09  2.93844421e-04 
 1.92550000e-09  2.91112407e-04 
 1.92650000e-09  2.88095861e-04 
 1.92750000e-09  2.85471526e-04 
 1.92850000e-09  2.82562845e-04 
 1.92950000e-09  2.80040188e-04 
 1.93050000e-09  2.77233389e-04 
 1.93150000e-09  2.74806857e-04 
 1.93250000e-09  2.72096396e-04 
 1.93350000e-09  2.69760841e-04 
 1.93450000e-09  2.67141576e-04 
 1.93550000e-09  2.64892218e-04 
 1.93650000e-09  2.62359371e-04 
 1.93750000e-09  2.60191767e-04 
 1.93850000e-09  2.57740892e-04 
 1.93950000e-09  2.55650907e-04 
 1.94050000e-09  2.53277861e-04 
 1.94150000e-09  2.51261639e-04 
 1.94250000e-09  2.48962559e-04 
 1.94350000e-09  2.47016500e-04 
 1.94450000e-09  2.44787777e-04 
 1.94550000e-09  2.42908518e-04 
 1.94650000e-09  2.40746775e-04 
 1.94750000e-09  2.38931168e-04 
 1.94850000e-09  2.36833246e-04 
 1.94950000e-09  2.35078340e-04 
 1.95000000e-09  2.33978479e-04 
 1.95010000e-09  2.33867520e-04 
 1.95030000e-09  2.33493381e-04 
 1.95070000e-09  2.32745926e-04 
 1.95150000e-09  2.31267145e-04 
 1.95250000e-09  2.29442452e-04 
 1.95350000e-09  2.27646888e-04 
 1.95450000e-09  2.25876992e-04 
 1.95550000e-09  2.24134942e-04 
 1.95650000e-09  2.22417439e-04 
 1.95750000e-09  2.20726571e-04 
 1.95850000e-09  2.19059190e-04 
 1.95950000e-09  2.17417302e-04 
 1.96050000e-09  2.15797902e-04 
 1.96150000e-09  2.14202916e-04 
 1.96250000e-09  2.12629477e-04 
 1.96350000e-09  2.11079432e-04 
 1.96450000e-09  2.09550044e-04 
 1.96550000e-09  2.08043088e-04 
 1.96650000e-09  2.06555948e-04 
 1.96750000e-09  2.05090329e-04 
 1.96850000e-09  2.03643731e-04 
 1.96950000e-09  2.02217791e-04 
 1.97050000e-09  2.00810119e-04 
 1.97150000e-09  1.99422290e-04 
 1.97250000e-09  1.98052014e-04 
 1.97350000e-09  1.96700806e-04 
 1.97450000e-09  1.95366475e-04 
 1.97550000e-09  1.94050479e-04 
 1.97650000e-09  1.92750716e-04 
 1.97750000e-09  1.91468590e-04 
 1.97850000e-09  1.90202089e-04 
 1.97950000e-09  1.88952563e-04 
 1.98050000e-09  1.87718078e-04 
 1.98150000e-09  1.86499942e-04 
 1.98250000e-09  1.85296294e-04 
 1.98350000e-09  1.84108396e-04 
 1.98450000e-09  1.82934460e-04 
 1.98550000e-09  1.81775705e-04 
 1.98650000e-09  1.80630410e-04 
 1.98750000e-09  1.79499756e-04 
 1.98850000e-09  1.78382083e-04 
 1.98950000e-09  1.77278534e-04 
 1.99050000e-09  1.76187511e-04 
 1.99150000e-09  1.75110120e-04 
 1.99250000e-09  1.74044819e-04 
 1.99350000e-09  1.72992682e-04 
 1.99450000e-09  1.71952217e-04 
 1.99550000e-09  1.70924471e-04 
 1.99650000e-09  1.69907998e-04 
 1.99750000e-09  1.68903817e-04 
 1.99850000e-09  1.67910529e-04 
 1.99950000e-09  1.66929126e-04 
 2.00000000e-09  1.66442165e-04 
