 0.00000000e+00  1.80850644e-01 
 1.00000000e-14  1.80850644e-01 
 2.00000000e-14  1.80850644e-01 
 4.00000000e-14  1.80850644e-01 
 8.00000000e-14  1.80850644e-01 
 1.60000000e-13  1.80850644e-01 
 3.20000000e-13  1.80850644e-01 
 6.40000000e-13  1.80850644e-01 
 1.28000000e-12  1.80850644e-01 
 2.28000000e-12  1.80850644e-01 
 3.28000000e-12  1.80850644e-01 
 4.28000000e-12  1.80850644e-01 
 5.28000000e-12  1.80850644e-01 
 6.28000000e-12  1.80850644e-01 
 7.28000000e-12  1.80850644e-01 
 8.28000000e-12  1.80850644e-01 
 9.28000000e-12  1.80850644e-01 
 1.02800000e-11  1.80850644e-01 
 1.12800000e-11  1.80850644e-01 
 1.22800000e-11  1.80850644e-01 
 1.32800000e-11  1.80850644e-01 
 1.42800000e-11  1.80850644e-01 
 1.52800000e-11  1.80850644e-01 
 1.62800000e-11  1.80850644e-01 
 1.72800000e-11  1.80850644e-01 
 1.82800000e-11  1.80850644e-01 
 1.92800000e-11  1.80850644e-01 
 2.02800000e-11  1.80850644e-01 
 2.12800000e-11  1.80850644e-01 
 2.22800000e-11  1.80850644e-01 
 2.32800000e-11  1.80850644e-01 
 2.42800000e-11  1.80850644e-01 
 2.52800000e-11  1.80850644e-01 
 2.62800000e-11  1.80850644e-01 
 2.72800000e-11  1.80850644e-01 
 2.82800000e-11  1.80850644e-01 
 2.92800000e-11  1.80850644e-01 
 3.02800000e-11  1.80850644e-01 
 3.12800000e-11  1.80850644e-01 
 3.22800000e-11  1.80850644e-01 
 3.32800000e-11  1.80850644e-01 
 3.42800000e-11  1.80850644e-01 
 3.52800000e-11  1.80850644e-01 
 3.62800000e-11  1.80850644e-01 
 3.72800000e-11  1.80850644e-01 
 3.82800000e-11  1.80850644e-01 
 3.92800000e-11  1.80850644e-01 
 4.02800000e-11  1.80850644e-01 
 4.12800000e-11  1.80850644e-01 
 4.22800000e-11  1.80850644e-01 
 4.32800000e-11  1.80850644e-01 
 4.42800000e-11  1.80850644e-01 
 4.52800000e-11  1.80850644e-01 
 4.62800000e-11  1.80850644e-01 
 4.72800000e-11  1.80850644e-01 
 4.82800000e-11  1.80850644e-01 
 4.92800000e-11  1.80850644e-01 
 5.00000000e-11  1.80850644e-01 
 5.01000000e-11  1.80850644e-01 
 5.03000000e-11  1.80850644e-01 
 5.07000000e-11  1.80850644e-01 
 5.15000000e-11  1.80850644e-01 
 5.25000000e-11  1.80850644e-01 
 5.35000000e-11  1.80850644e-01 
 5.45000000e-11  1.80850644e-01 
 5.55000000e-11  1.80850644e-01 
 5.65000000e-11  1.80850644e-01 
 5.75000000e-11  1.80850644e-01 
 5.85000000e-11  1.80850644e-01 
 5.95000000e-11  1.80850644e-01 
 6.05000000e-11  1.80850644e-01 
 6.15000000e-11  1.80850644e-01 
 6.25000000e-11  1.80850644e-01 
 6.35000000e-11  1.80850644e-01 
 6.45000000e-11  1.80850644e-01 
 6.55000000e-11  1.80850644e-01 
 6.65000000e-11  1.80850644e-01 
 6.75000000e-11  1.80850644e-01 
 6.85000000e-11  1.80850644e-01 
 6.95000000e-11  1.80850644e-01 
 7.05000000e-11  1.80850644e-01 
 7.15000000e-11  1.80850644e-01 
 7.25000000e-11  1.80850644e-01 
 7.35000000e-11  1.80850644e-01 
 7.45000000e-11  1.80850644e-01 
 7.55000000e-11  1.80850644e-01 
 7.65000000e-11  1.80850644e-01 
 7.75000000e-11  1.80850644e-01 
 7.85000000e-11  1.80850644e-01 
 7.95000000e-11  1.80850644e-01 
 8.05000000e-11  1.80850644e-01 
 8.15000000e-11  1.80850644e-01 
 8.25000000e-11  1.80850644e-01 
 8.35000000e-11  1.80850644e-01 
 8.45000000e-11  1.80850644e-01 
 8.55000000e-11  1.80850644e-01 
 8.65000000e-11  1.80850644e-01 
 8.75000000e-11  1.80850644e-01 
 8.85000000e-11  1.80850644e-01 
 8.95000000e-11  1.80850644e-01 
 9.05000000e-11  1.80850644e-01 
 9.15000000e-11  1.80850644e-01 
 9.25000000e-11  1.80850644e-01 
 9.35000000e-11  1.80850644e-01 
 9.45000000e-11  1.80850644e-01 
 9.55000000e-11  1.80850644e-01 
 9.65000000e-11  1.80850644e-01 
 9.75000000e-11  1.80850644e-01 
 9.85000000e-11  1.80850644e-01 
 9.95000000e-11  1.80850644e-01 
 1.00500000e-10  1.80850644e-01 
 1.01500000e-10  1.80850644e-01 
 1.02500000e-10  1.80850644e-01 
 1.03500000e-10  1.80850644e-01 
 1.04500000e-10  1.80850644e-01 
 1.05500000e-10  1.80850644e-01 
 1.06500000e-10  1.80850644e-01 
 1.07500000e-10  1.80850644e-01 
 1.08500000e-10  1.80850644e-01 
 1.09500000e-10  1.80850644e-01 
 1.10500000e-10  1.80850644e-01 
 1.11500000e-10  1.80850644e-01 
 1.12500000e-10  1.80850644e-01 
 1.13500000e-10  1.80850644e-01 
 1.14500000e-10  1.80850644e-01 
 1.15500000e-10  1.80850644e-01 
 1.16500000e-10  1.80850644e-01 
 1.17500000e-10  1.80850644e-01 
 1.18500000e-10  1.80850644e-01 
 1.19500000e-10  1.80850644e-01 
 1.20500000e-10  1.80850644e-01 
 1.21500000e-10  1.80850644e-01 
 1.22500000e-10  1.80850644e-01 
 1.23500000e-10  1.80850644e-01 
 1.24500000e-10  1.80850644e-01 
 1.25500000e-10  1.80850644e-01 
 1.26500000e-10  1.80850644e-01 
 1.27500000e-10  1.80850644e-01 
 1.28500000e-10  1.80850644e-01 
 1.29500000e-10  1.80850644e-01 
 1.30500000e-10  1.80850644e-01 
 1.31500000e-10  1.80850644e-01 
 1.32500000e-10  1.80850644e-01 
 1.33500000e-10  1.80850644e-01 
 1.34500000e-10  1.80850644e-01 
 1.35500000e-10  1.80850644e-01 
 1.36500000e-10  1.80850644e-01 
 1.37500000e-10  1.80850644e-01 
 1.38500000e-10  1.80850644e-01 
 1.39500000e-10  1.80850644e-01 
 1.40500000e-10  1.80850644e-01 
 1.41500000e-10  1.80850644e-01 
 1.42500000e-10  1.80850644e-01 
 1.43500000e-10  1.80850644e-01 
 1.44500000e-10  1.80850644e-01 
 1.45500000e-10  1.80850644e-01 
 1.46500000e-10  1.80850644e-01 
 1.47500000e-10  1.80850644e-01 
 1.48500000e-10  1.80850644e-01 
 1.49500000e-10  1.80850644e-01 
 1.50500000e-10  1.80850644e-01 
 1.51500000e-10  1.80850644e-01 
 1.52500000e-10  1.80850644e-01 
 1.53500000e-10  1.80850644e-01 
 1.54500000e-10  1.80850644e-01 
 1.55500000e-10  1.80850644e-01 
 1.56500000e-10  1.80850644e-01 
 1.57500000e-10  1.80850644e-01 
 1.58500000e-10  1.80850644e-01 
 1.59500000e-10  1.80850644e-01 
 1.60500000e-10  1.80850644e-01 
 1.61500000e-10  1.80850644e-01 
 1.62500000e-10  1.80850644e-01 
 1.63500000e-10  1.80850644e-01 
 1.64500000e-10  1.80850644e-01 
 1.65500000e-10  1.80850644e-01 
 1.66500000e-10  1.80850644e-01 
 1.67500000e-10  1.80850644e-01 
 1.68500000e-10  1.80850644e-01 
 1.69500000e-10  1.80850644e-01 
 1.70500000e-10  1.80850644e-01 
 1.71500000e-10  1.80850644e-01 
 1.72500000e-10  1.80850644e-01 
 1.73500000e-10  1.80850644e-01 
 1.74500000e-10  1.80850644e-01 
 1.75500000e-10  1.80850644e-01 
 1.76500000e-10  1.80850644e-01 
 1.77500000e-10  1.80850644e-01 
 1.78500000e-10  1.80850644e-01 
 1.79500000e-10  1.80850644e-01 
 1.80500000e-10  1.80850644e-01 
 1.81500000e-10  1.80850644e-01 
 1.82500000e-10  1.80850644e-01 
 1.83500000e-10  1.80850644e-01 
 1.84500000e-10  1.80850644e-01 
 1.85500000e-10  1.80850644e-01 
 1.86500000e-10  1.80850644e-01 
 1.87500000e-10  1.80850644e-01 
 1.88500000e-10  1.80850644e-01 
 1.89500000e-10  1.80850644e-01 
 1.90500000e-10  1.80850644e-01 
 1.91500000e-10  1.80850644e-01 
 1.92500000e-10  1.80850644e-01 
 1.93500000e-10  1.80850644e-01 
 1.94500000e-10  1.80850644e-01 
 1.95500000e-10  1.80850644e-01 
 1.96500000e-10  1.80850644e-01 
 1.97500000e-10  1.80850644e-01 
 1.98500000e-10  1.80850644e-01 
 1.99500000e-10  1.80850644e-01 
 2.00000000e-10  1.80850644e-01 
 2.00100000e-10  1.81132882e-01 
 2.00300000e-10  1.81458781e-01 
 2.00700000e-10  1.81832755e-01 
 2.01500000e-10  1.82427676e-01 
 2.02500000e-10  1.82726686e-01 
 2.03500000e-10  1.82748005e-01 
 2.04500000e-10  1.82501165e-01 
 2.05500000e-10  1.82127798e-01 
 2.06500000e-10  1.81618257e-01 
 2.07500000e-10  1.81066583e-01 
 2.08500000e-10  1.80453069e-01 
 2.09500000e-10  1.79840883e-01 
 2.10500000e-10  1.79207454e-01 
 2.11500000e-10  1.78596273e-01 
 2.12500000e-10  1.77984345e-01 
 2.13500000e-10  1.77402306e-01 
 2.14500000e-10  1.76828336e-01 
 2.15500000e-10  1.76284553e-01 
 2.16500000e-10  1.75751010e-01 
 2.17500000e-10  1.75244054e-01 
 2.18500000e-10  1.74745802e-01 
 2.19500000e-10  1.74268591e-01 
 2.20500000e-10  1.73796581e-01 
 2.21500000e-10  1.73339384e-01 
 2.22500000e-10  1.72883328e-01 
 2.23500000e-10  1.72436591e-01 
 2.24500000e-10  1.71988177e-01 
 2.25500000e-10  1.71546106e-01 
 2.26500000e-10  1.71102220e-01 
 2.27500000e-10  1.70664082e-01 
 2.28500000e-10  1.70223889e-01 
 2.29500000e-10  1.69785823e-01 
 2.30500000e-10  1.69340446e-01 
 2.31500000e-10  1.68890492e-01 
 2.32500000e-10  1.68430063e-01 
 2.33500000e-10  1.67967640e-01 
 2.34500000e-10  1.67507434e-01 
 2.35500000e-10  1.67067198e-01 
 2.36500000e-10  1.66654137e-01 
 2.37500000e-10  1.66267702e-01 
 2.38500000e-10  1.65874058e-01 
 2.39500000e-10  1.65430898e-01 
 2.40500000e-10  1.64882613e-01 
 2.41500000e-10  1.64175838e-01 
 2.42500000e-10  1.63263717e-01 
 2.43500000e-10  1.62138319e-01 
 2.44500000e-10  1.60828322e-01 
 2.45500000e-10  1.59400829e-01 
 2.46500000e-10  1.57933271e-01 
 2.47500000e-10  1.56507998e-01 
 2.48500000e-10  1.55190962e-01 
 2.49500000e-10  1.54037338e-01 
 2.50000000e-10  1.53532669e-01 
 2.50100000e-10  1.53386686e-01 
 2.50300000e-10  1.53119516e-01 
 2.50700000e-10  1.52705651e-01 
 2.51500000e-10  1.51993173e-01 
 2.52500000e-10  1.51294172e-01 
 2.53500000e-10  1.50854388e-01 
 2.54500000e-10  1.50676188e-01 
 2.55500000e-10  1.50777121e-01 
 2.56500000e-10  1.51134218e-01 
 2.57500000e-10  1.51752397e-01 
 2.58500000e-10  1.52605121e-01 
 2.59500000e-10  1.53698206e-01 
 2.60500000e-10  1.55006499e-01 
 2.61500000e-10  1.56539511e-01 
 2.62500000e-10  1.58282301e-01 
 2.63500000e-10  1.60244567e-01 
 2.64500000e-10  1.62417916e-01 
 2.65500000e-10  1.64815053e-01 
 2.66500000e-10  1.67434166e-01 
 2.67500000e-10  1.70291020e-01 
 2.68500000e-10  1.73388697e-01 
 2.69500000e-10  1.76747760e-01 
 2.70500000e-10  1.80377582e-01 
 2.71500000e-10  1.84302349e-01 
 2.72500000e-10  1.88538044e-01 
 2.73500000e-10  1.93114252e-01 
 2.74500000e-10  1.98055041e-01 
 2.75500000e-10  2.03397472e-01 
 2.76500000e-10  2.09175945e-01 
 2.77500000e-10  2.15437947e-01 
 2.78500000e-10  2.22231189e-01 
 2.79500000e-10  2.29616566e-01 
 2.80500000e-10  2.37656407e-01 
 2.81500000e-10  2.46422776e-01 
 2.82500000e-10  2.55983129e-01 
 2.83500000e-10  2.66401604e-01 
 2.84500000e-10  2.77723236e-01 
 2.85500000e-10  2.89976876e-01 
 2.86500000e-10  3.03169271e-01 
 2.87500000e-10  3.17295332e-01 
 2.88500000e-10  3.32336640e-01 
 2.89500000e-10  3.48269224e-01 
 2.90500000e-10  3.65059816e-01 
 2.91500000e-10  3.82670512e-01 
 2.92500000e-10  4.01054816e-01 
 2.93500000e-10  4.20161882e-01 
 2.94500000e-10  4.39934328e-01 
 2.95500000e-10  4.60313738e-01 
 2.96500000e-10  4.81240987e-01 
 2.97500000e-10  5.02662743e-01 
 2.98500000e-10  5.24532305e-01 
 2.99500000e-10  5.46814129e-01 
 3.00500000e-10  5.69481883e-01 
 3.01500000e-10  5.92519492e-01 
 3.02500000e-10  6.15917570e-01 
 3.03500000e-10  6.39672965e-01 
 3.04500000e-10  6.63785378e-01 
 3.05500000e-10  6.88257295e-01 
 3.06500000e-10  7.13091308e-01 
 3.07500000e-10  7.38290329e-01 
 3.08500000e-10  7.63855426e-01 
 3.09500000e-10  7.89786263e-01 
 3.10500000e-10  8.16079383e-01 
 3.11500000e-10  8.42728717e-01 
 3.12500000e-10  8.69723858e-01 
 3.13500000e-10  8.97050022e-01 
 3.14500000e-10  9.24685669e-01 
 3.15500000e-10  9.52601524e-01 
 3.16500000e-10  9.80757557e-01 
 3.17500000e-10  1.00910159e+00 
 3.18500000e-10  1.03756693e+00 
 3.19500000e-10  1.06607282e+00 
 3.20500000e-10  1.09452438e+00 
 3.21500000e-10  1.12281446e+00 
 3.22500000e-10  1.15082336e+00 
 3.23500000e-10  1.17841902e+00 
 3.24500000e-10  1.20545617e+00 
 3.25500000e-10  1.23177984e+00 
 3.26500000e-10  1.25723314e+00 
 3.27500000e-10  1.28167224e+00 
 3.28500000e-10  1.30498285e+00 
 3.29500000e-10  1.32709486e+00 
 3.30500000e-10  1.34798723e+00 
 3.31500000e-10  1.36768260e+00 
 3.32500000e-10  1.38623432e+00 
 3.33500000e-10  1.40371355e+00 
 3.34500000e-10  1.42019756e+00 
 3.35500000e-10  1.43576291e+00 
 3.36500000e-10  1.45048125e+00 
 3.37500000e-10  1.46441813e+00 
 3.38500000e-10  1.47763235e+00 
 3.39500000e-10  1.49017669e+00 
 3.40500000e-10  1.50209819e+00 
 3.41500000e-10  1.51343919e+00 
 3.42500000e-10  1.52423766e+00 
 3.43500000e-10  1.53452814e+00 
 3.44500000e-10  1.54434192e+00 
 3.45500000e-10  1.55370777e+00 
 3.46500000e-10  1.56265201e+00 
 3.47500000e-10  1.57119900e+00 
 3.48500000e-10  1.57937104e+00 
 3.49500000e-10  1.58718868e+00 
 3.50500000e-10  1.59467060e+00 
 3.51500000e-10  1.60183398e+00 
 3.52500000e-10  1.60869449e+00 
 3.53500000e-10  1.61526677e+00 
 3.54500000e-10  1.62156432e+00 
 3.55500000e-10  1.62760000e+00 
 3.56500000e-10  1.63338580e+00 
 3.57500000e-10  1.63893324e+00 
 3.58500000e-10  1.64425311e+00 
 3.59500000e-10  1.64935609e+00 
 3.60500000e-10  1.65425153e+00 
 3.61500000e-10  1.65894902e+00 
 3.62500000e-10  1.66345726e+00 
 3.63500000e-10  1.66778490e+00 
 3.64500000e-10  1.67193987e+00 
 3.65500000e-10  1.67593000e+00 
 3.66500000e-10  1.67976249e+00 
 3.67500000e-10  1.68344442e+00 
 3.68500000e-10  1.68698236e+00 
 3.69500000e-10  1.69038272e+00 
 3.70500000e-10  1.69365147e+00 
 3.71500000e-10  1.69679444e+00 
 3.72500000e-10  1.69981708e+00 
 3.73500000e-10  1.70272468e+00 
 3.74500000e-10  1.70552221e+00 
 3.75500000e-10  1.70821448e+00 
 3.76500000e-10  1.71080602e+00 
 3.77500000e-10  1.71330123e+00 
 3.78500000e-10  1.71570423e+00 
 3.79500000e-10  1.71801905e+00 
 3.80500000e-10  1.72024943e+00 
 3.81500000e-10  1.72239905e+00 
 3.82500000e-10  1.72447133e+00 
 3.83500000e-10  1.72646963e+00 
 3.84500000e-10  1.72839707e+00 
 3.85500000e-10  1.73025673e+00 
 3.86500000e-10  1.73205144e+00 
 3.87500000e-10  1.73378402e+00 
 3.88500000e-10  1.73545706e+00 
 3.89500000e-10  1.73707312e+00 
 3.90500000e-10  1.73863457e+00 
 3.91500000e-10  1.74014376e+00 
 3.92500000e-10  1.74160283e+00 
 3.93500000e-10  1.74301393e+00 
 3.94500000e-10  1.74437902e+00 
 3.95500000e-10  1.74570006e+00 
 3.96500000e-10  1.74697884e+00 
 3.97500000e-10  1.74821714e+00 
 3.98500000e-10  1.74941659e+00 
 3.99500000e-10  1.75057882e+00 
 4.00500000e-10  1.75170530e+00 
 4.01500000e-10  1.75279754e+00 
 4.02500000e-10  1.75385687e+00 
 4.03500000e-10  1.75488466e+00 
 4.04500000e-10  1.75588213e+00 
 4.05500000e-10  1.75685051e+00 
 4.06500000e-10  1.75779093e+00 
 4.07500000e-10  1.75870451e+00 
 4.08500000e-10  1.75959226e+00 
 4.09500000e-10  1.76045523e+00 
 4.10500000e-10  1.76129432e+00 
 4.11500000e-10  1.76211048e+00 
 4.12500000e-10  1.76290455e+00 
 4.13500000e-10  1.76367739e+00 
 4.14500000e-10  1.76442975e+00 
 4.15500000e-10  1.76516243e+00 
 4.16500000e-10  1.76587615e+00 
 4.17500000e-10  1.76657158e+00 
 4.18500000e-10  1.76724929e+00 
 4.19500000e-10  1.76791003e+00 
 4.20500000e-10  1.76855429e+00 
 4.21500000e-10  1.76918278e+00 
 4.22500000e-10  1.76979591e+00 
 4.23500000e-10  1.77039434e+00 
 4.24500000e-10  1.77097844e+00 
 4.25500000e-10  1.77154881e+00 
 4.26500000e-10  1.77210579e+00 
 4.27500000e-10  1.77264992e+00 
 4.28500000e-10  1.77318152e+00 
 4.29500000e-10  1.77370109e+00 
 4.30500000e-10  1.77420890e+00 
 4.31500000e-10  1.77470543e+00 
 4.32500000e-10  1.77519091e+00 
 4.33500000e-10  1.77566579e+00 
 4.34500000e-10  1.77613029e+00 
 4.35500000e-10  1.77658481e+00 
 4.36500000e-10  1.77702954e+00 
 4.37500000e-10  1.77746487e+00 
 4.38500000e-10  1.77789097e+00 
 4.39500000e-10  1.77830819e+00 
 4.40500000e-10  1.77871669e+00 
 4.41500000e-10  1.77911680e+00 
 4.42500000e-10  1.77950865e+00 
 4.43500000e-10  1.77989256e+00 
 4.44500000e-10  1.78026866e+00 
 4.45500000e-10  1.78063722e+00 
 4.46500000e-10  1.78099836e+00 
 4.47500000e-10  1.78135236e+00 
 4.48500000e-10  1.78169930e+00 
 4.49500000e-10  1.78203945e+00 
 4.50000000e-10  1.78220699e+00 
 4.50100000e-10  1.78224027e+00 
 4.50300000e-10  1.78230670e+00 
 4.50700000e-10  1.78243877e+00 
 4.51500000e-10  1.78269983e+00 
 4.52500000e-10  1.78302044e+00 
 4.53500000e-10  1.78333486e+00 
 4.54500000e-10  1.78364322e+00 
 4.55500000e-10  1.78394568e+00 
 4.56500000e-10  1.78424236e+00 
 4.57500000e-10  1.78453339e+00 
 4.58500000e-10  1.78481891e+00 
 4.59500000e-10  1.78509903e+00 
 4.60500000e-10  1.78537387e+00 
 4.61500000e-10  1.78564355e+00 
 4.62500000e-10  1.78590818e+00 
 4.63500000e-10  1.78616787e+00 
 4.64500000e-10  1.78642272e+00 
 4.65500000e-10  1.78667283e+00 
 4.66500000e-10  1.78691830e+00 
 4.67500000e-10  1.78715923e+00 
 4.68500000e-10  1.78739572e+00 
 4.69500000e-10  1.78762784e+00 
 4.70500000e-10  1.78785569e+00 
 4.71500000e-10  1.78807936e+00 
 4.72500000e-10  1.78829892e+00 
 4.73500000e-10  1.78851446e+00 
 4.74500000e-10  1.78872606e+00 
 4.75500000e-10  1.78893379e+00 
 4.76500000e-10  1.78913772e+00 
 4.77500000e-10  1.78933794e+00 
 4.78500000e-10  1.78953451e+00 
 4.79500000e-10  1.78972751e+00 
 4.80500000e-10  1.78991699e+00 
 4.81500000e-10  1.79010303e+00 
 4.82500000e-10  1.79028568e+00 
 4.83500000e-10  1.79046502e+00 
 4.84500000e-10  1.79064111e+00 
 4.85500000e-10  1.79081400e+00 
 4.86500000e-10  1.79098375e+00 
 4.87500000e-10  1.79115043e+00 
 4.88500000e-10  1.79131408e+00 
 4.89500000e-10  1.79147477e+00 
 4.90500000e-10  1.79163254e+00 
 4.91500000e-10  1.79178745e+00 
 4.92500000e-10  1.79193956e+00 
 4.93500000e-10  1.79208890e+00 
 4.94500000e-10  1.79223554e+00 
 4.95500000e-10  1.79237952e+00 
 4.96500000e-10  1.79252089e+00 
 4.97500000e-10  1.79265970e+00 
 4.98500000e-10  1.79279599e+00 
 4.99500000e-10  1.79292980e+00 
 5.00000000e-10  1.79299579e+00 
 5.00100000e-10  1.79300890e+00 
 5.00300000e-10  1.79303508e+00 
 5.00700000e-10  1.79308716e+00 
 5.01500000e-10  1.79319016e+00 
 5.02500000e-10  1.79331682e+00 
 5.03500000e-10  1.79344117e+00 
 5.04500000e-10  1.79356326e+00 
 5.05500000e-10  1.79368313e+00 
 5.06500000e-10  1.79380082e+00 
 5.07500000e-10  1.79391637e+00 
 5.08500000e-10  1.79402981e+00 
 5.09500000e-10  1.79414119e+00 
 5.10500000e-10  1.79425053e+00 
 5.11500000e-10  1.79435788e+00 
 5.12500000e-10  1.79446327e+00 
 5.13500000e-10  1.79456673e+00 
 5.14500000e-10  1.79466831e+00 
 5.15500000e-10  1.79476803e+00 
 5.16500000e-10  1.79486592e+00 
 5.17500000e-10  1.79496202e+00 
 5.18500000e-10  1.79505636e+00 
 5.19500000e-10  1.79514897e+00 
 5.20500000e-10  1.79523989e+00 
 5.21500000e-10  1.79532914e+00 
 5.22500000e-10  1.79541674e+00 
 5.23500000e-10  1.79550274e+00 
 5.24500000e-10  1.79558716e+00 
 5.25500000e-10  1.79567002e+00 
 5.26500000e-10  1.79575137e+00 
 5.27500000e-10  1.79583121e+00 
 5.28500000e-10  1.79590958e+00 
 5.29500000e-10  1.79598650e+00 
 5.30500000e-10  1.79606201e+00 
 5.31500000e-10  1.79613613e+00 
 5.32500000e-10  1.79620887e+00 
 5.33500000e-10  1.79628027e+00 
 5.34500000e-10  1.79635035e+00 
 5.35500000e-10  1.79641913e+00 
 5.36500000e-10  1.79648664e+00 
 5.37500000e-10  1.79655290e+00 
 5.38500000e-10  1.79661793e+00 
 5.39500000e-10  1.79668175e+00 
 5.40500000e-10  1.79674439e+00 
 5.41500000e-10  1.79680587e+00 
 5.42500000e-10  1.79686620e+00 
 5.43500000e-10  1.79692541e+00 
 5.44500000e-10  1.79698353e+00 
 5.45500000e-10  1.79704055e+00 
 5.46500000e-10  1.79709652e+00 
 5.47500000e-10  1.79715145e+00 
 5.48500000e-10  1.79720535e+00 
 5.49500000e-10  1.79725824e+00 
 5.50000000e-10  1.79728432e+00 
 5.50100000e-10  1.79728950e+00 
 5.50300000e-10  1.79729984e+00 
 5.50700000e-10  1.79732041e+00 
 5.51500000e-10  1.79736108e+00 
 5.52500000e-10  1.79741107e+00 
 5.53500000e-10  1.79746012e+00 
 5.54500000e-10  1.79750826e+00 
 5.55500000e-10  1.79755549e+00 
 5.56500000e-10  1.79760184e+00 
 5.57500000e-10  1.79764732e+00 
 5.58500000e-10  1.79769195e+00 
 5.59500000e-10  1.79773575e+00 
 5.60500000e-10  1.79777872e+00 
 5.61500000e-10  1.79782088e+00 
 5.62500000e-10  1.79786226e+00 
 5.63500000e-10  1.79790286e+00 
 5.64500000e-10  1.79794269e+00 
 5.65500000e-10  1.79798177e+00 
 5.66500000e-10  1.79802012e+00 
 5.67500000e-10  1.79805775e+00 
 5.68500000e-10  1.79809467e+00 
 5.69500000e-10  1.79813090e+00 
 5.70500000e-10  1.79816644e+00 
 5.71500000e-10  1.79820131e+00 
 5.72500000e-10  1.79823553e+00 
 5.73500000e-10  1.79826910e+00 
 5.74500000e-10  1.79830204e+00 
 5.75500000e-10  1.79833435e+00 
 5.76500000e-10  1.79836606e+00 
 5.77500000e-10  1.79839716e+00 
 5.78500000e-10  1.79842768e+00 
 5.79500000e-10  1.79845762e+00 
 5.80500000e-10  1.79848700e+00 
 5.81500000e-10  1.79851582e+00 
 5.82500000e-10  1.79854409e+00 
 5.83500000e-10  1.79857183e+00 
 5.84500000e-10  1.79859904e+00 
 5.85500000e-10  1.79862574e+00 
 5.86500000e-10  1.79865193e+00 
 5.87500000e-10  1.79867763e+00 
 5.88500000e-10  1.79870284e+00 
 5.89500000e-10  1.79872757e+00 
 5.90500000e-10  1.79875183e+00 
 5.91500000e-10  1.79877563e+00 
 5.92500000e-10  1.79879898e+00 
 5.93500000e-10  1.79882189e+00 
 5.94500000e-10  1.79884436e+00 
 5.95500000e-10  1.79886641e+00 
 5.96500000e-10  1.79888803e+00 
 5.97500000e-10  1.79890925e+00 
 5.98500000e-10  1.79893006e+00 
 5.99500000e-10  1.79895047e+00 
 6.00500000e-10  1.79897050e+00 
 6.01500000e-10  1.79899015e+00 
 6.02500000e-10  1.79900942e+00 
 6.03500000e-10  1.79902833e+00 
 6.04500000e-10  1.79904687e+00 
 6.05500000e-10  1.79906506e+00 
 6.06500000e-10  1.79908291e+00 
 6.07500000e-10  1.79910042e+00 
 6.08500000e-10  1.79911759e+00 
 6.09500000e-10  1.79913444e+00 
 6.10500000e-10  1.79915096e+00 
 6.11500000e-10  1.79916717e+00 
 6.12500000e-10  1.79918307e+00 
 6.13500000e-10  1.79919867e+00 
 6.14500000e-10  1.79921397e+00 
 6.15500000e-10  1.79922898e+00 
 6.16500000e-10  1.79924370e+00 
 6.17500000e-10  1.79925814e+00 
 6.18500000e-10  1.79927230e+00 
 6.19500000e-10  1.79928620e+00 
 6.20500000e-10  1.79929983e+00 
 6.21500000e-10  1.79931320e+00 
 6.22500000e-10  1.79932631e+00 
 6.23500000e-10  1.79933917e+00 
 6.24500000e-10  1.79935179e+00 
 6.25500000e-10  1.79936417e+00 
 6.26500000e-10  1.79937631e+00 
 6.27500000e-10  1.79938822e+00 
 6.28500000e-10  1.79939990e+00 
 6.29500000e-10  1.79941135e+00 
 6.30500000e-10  1.79942259e+00 
 6.31500000e-10  1.79943361e+00 
 6.32500000e-10  1.79944443e+00 
 6.33500000e-10  1.79945503e+00 
 6.34500000e-10  1.79946544e+00 
 6.35500000e-10  1.79947564e+00 
 6.36500000e-10  1.79948565e+00 
 6.37500000e-10  1.79949547e+00 
 6.38500000e-10  1.79950509e+00 
 6.39500000e-10  1.79951454e+00 
 6.40500000e-10  1.79952380e+00 
 6.41500000e-10  1.79953289e+00 
 6.42500000e-10  1.79954180e+00 
 6.43500000e-10  1.79955055e+00 
 6.44500000e-10  1.79955912e+00 
 6.45500000e-10  1.79956753e+00 
 6.46500000e-10  1.79957578e+00 
 6.47500000e-10  1.79958388e+00 
 6.48500000e-10  1.79959181e+00 
 6.49500000e-10  1.79959960e+00 
 6.50500000e-10  1.79960723e+00 
 6.51500000e-10  1.79961472e+00 
 6.52500000e-10  1.79962207e+00 
 6.53500000e-10  1.79962927e+00 
 6.54500000e-10  1.79963634e+00 
 6.55500000e-10  1.79964327e+00 
 6.56500000e-10  1.79965007e+00 
 6.57500000e-10  1.79965674e+00 
 6.58500000e-10  1.79966328e+00 
 6.59500000e-10  1.79966970e+00 
 6.60500000e-10  1.79967599e+00 
 6.61500000e-10  1.79968217e+00 
 6.62500000e-10  1.79968822e+00 
 6.63500000e-10  1.79969416e+00 
 6.64500000e-10  1.79969998e+00 
 6.65500000e-10  1.79970569e+00 
 6.66500000e-10  1.79971130e+00 
 6.67500000e-10  1.79971679e+00 
 6.68500000e-10  1.79972218e+00 
 6.69500000e-10  1.79972747e+00 
 6.70500000e-10  1.79973266e+00 
 6.71500000e-10  1.79973774e+00 
 6.72500000e-10  1.79974273e+00 
 6.73500000e-10  1.79974763e+00 
 6.74500000e-10  1.79975243e+00 
 6.75500000e-10  1.79975713e+00 
 6.76500000e-10  1.79976175e+00 
 6.77500000e-10  1.79976628e+00 
 6.78500000e-10  1.79977072e+00 
 6.79500000e-10  1.79977508e+00 
 6.80500000e-10  1.79977935e+00 
 6.81500000e-10  1.79978354e+00 
 6.82500000e-10  1.79978766e+00 
 6.83500000e-10  1.79979169e+00 
 6.84500000e-10  1.79979564e+00 
 6.85500000e-10  1.79979952e+00 
 6.86500000e-10  1.79980333e+00 
 6.87500000e-10  1.79980706e+00 
 6.88500000e-10  1.79981072e+00 
 6.89500000e-10  1.79981431e+00 
 6.90500000e-10  1.79981783e+00 
 6.91500000e-10  1.79982129e+00 
 6.92500000e-10  1.79982467e+00 
 6.93500000e-10  1.79982800e+00 
 6.94500000e-10  1.79983126e+00 
 6.95500000e-10  1.79983445e+00 
 6.96500000e-10  1.79983759e+00 
 6.97500000e-10  1.79984066e+00 
 6.98500000e-10  1.79984368e+00 
 6.99500000e-10  1.79984664e+00 
 7.00000000e-10  1.79984810e+00 
 7.00100000e-10  1.80040937e+00 
 7.00300000e-10  1.80100167e+00 
 7.00700000e-10  1.80160121e+00 
 7.01500000e-10  1.80330462e+00 
 7.02500000e-10  1.80578342e+00 
 7.03500000e-10  1.80868842e+00 
 7.04500000e-10  1.81176664e+00 
 7.05500000e-10  1.81504332e+00 
 7.06500000e-10  1.81836065e+00 
 7.07500000e-10  1.82175790e+00 
 7.08500000e-10  1.82513448e+00 
 7.09500000e-10  1.82853451e+00 
 7.10500000e-10  1.83189169e+00 
 7.11500000e-10  1.83525029e+00 
 7.12500000e-10  1.83856466e+00 
 7.13500000e-10  1.84187480e+00 
 7.14500000e-10  1.84514845e+00 
 7.15500000e-10  1.84842612e+00 
 7.16500000e-10  1.85168204e+00 
 7.17500000e-10  1.85495167e+00 
 7.18500000e-10  1.85821387e+00 
 7.19500000e-10  1.86150001e+00 
 7.20500000e-10  1.86479120e+00 
 7.21500000e-10  1.86811408e+00 
 7.22500000e-10  1.87144989e+00 
 7.23500000e-10  1.87481936e+00 
 7.24500000e-10  1.87820140e+00 
 7.25500000e-10  1.88160914e+00 
 7.26500000e-10  1.88501725e+00 
 7.27500000e-10  1.88843097e+00 
 7.28500000e-10  1.89181731e+00 
 7.29500000e-10  1.89516046e+00 
 7.30500000e-10  1.89844452e+00 
 7.31500000e-10  1.90165294e+00 
 7.32500000e-10  1.90475779e+00 
 7.33500000e-10  1.90774432e+00 
 7.34500000e-10  1.91058906e+00 
 7.35500000e-10  1.91328402e+00 
 7.36500000e-10  1.91581458e+00 
 7.37500000e-10  1.91818308e+00 
 7.38500000e-10  1.92038625e+00 
 7.39500000e-10  1.92243766e+00 
 7.40500000e-10  1.92434451e+00 
 7.41500000e-10  1.92612984e+00 
 7.42500000e-10  1.92780932e+00 
 7.43500000e-10  1.92941470e+00 
 7.44500000e-10  1.93097249e+00 
 7.45500000e-10  1.93253177e+00 
 7.46500000e-10  1.93414217e+00 
 7.47500000e-10  1.93587367e+00 
 7.48500000e-10  1.93778391e+00 
 7.49500000e-10  1.93993329e+00 
 7.50000000e-10  1.94112418e+00 
 7.50100000e-10  1.94135617e+00 
 7.50300000e-10  1.94181019e+00 
 7.50700000e-10  1.94294647e+00 
 7.51500000e-10  1.94549699e+00 
 7.52500000e-10  1.94884088e+00 
 7.53500000e-10  1.95215973e+00 
 7.54500000e-10  1.95477214e+00 
 7.55500000e-10  1.95598696e+00 
 7.56500000e-10  1.95512841e+00 
 7.57500000e-10  1.95194938e+00 
 7.58500000e-10  1.94672068e+00 
 7.59500000e-10  1.93962128e+00 
 7.60500000e-10  1.93046173e+00 
 7.61500000e-10  1.91953408e+00 
 7.62500000e-10  1.90710544e+00 
 7.63500000e-10  1.89355290e+00 
 7.64500000e-10  1.87910990e+00 
 7.65500000e-10  1.86403400e+00 
 7.66500000e-10  1.84844483e+00 
 7.67500000e-10  1.83249274e+00 
 7.68500000e-10  1.81622907e+00 
 7.69500000e-10  1.79971796e+00 
 7.70500000e-10  1.78292525e+00 
 7.71500000e-10  1.76603990e+00 
 7.72500000e-10  1.74900010e+00 
 7.73500000e-10  1.73188029e+00 
 7.74500000e-10  1.71464456e+00 
 7.75500000e-10  1.69733300e+00 
 7.76500000e-10  1.67992138e+00 
 7.77500000e-10  1.66244356e+00 
 7.78500000e-10  1.64486332e+00 
 7.79500000e-10  1.62721274e+00 
 7.80500000e-10  1.60946177e+00 
 7.81500000e-10  1.59163355e+00 
 7.82500000e-10  1.57370247e+00 
 7.83500000e-10  1.55568608e+00 
 7.84500000e-10  1.53756140e+00 
 7.85500000e-10  1.51934173e+00 
 7.86500000e-10  1.50100579e+00 
 7.87500000e-10  1.48256352e+00 
 7.88500000e-10  1.46399430e+00 
 7.89500000e-10  1.44530479e+00 
 7.90500000e-10  1.42647503e+00 
 7.91500000e-10  1.40750834e+00 
 7.92500000e-10  1.38838435e+00 
 7.93500000e-10  1.36910277e+00 
 7.94500000e-10  1.34964184e+00 
 7.95500000e-10  1.32999698e+00 
 7.96500000e-10  1.31014372e+00 
 7.97500000e-10  1.29007201e+00 
 7.98500000e-10  1.26975282e+00 
 7.99500000e-10  1.24916865e+00 
 8.00500000e-10  1.22828318e+00 
 8.01500000e-10  1.20706842e+00 
 8.02500000e-10  1.18547684e+00 
 8.03500000e-10  1.16346555e+00 
 8.04500000e-10  1.14097074e+00 
 8.05500000e-10  1.11792980e+00 
 8.06500000e-10  1.09425906e+00 
 8.07500000e-10  1.06987613e+00 
 8.08500000e-10  1.04468392e+00 
 8.09500000e-10  1.01859722e+00 
 8.10500000e-10  9.91534243e-01 
 8.11500000e-10  9.63441928e-01 
 8.12500000e-10  9.34283978e-01 
 8.13500000e-10  9.04056724e-01 
 8.14500000e-10  8.72773048e-01 
 8.15500000e-10  8.40476601e-01 
 8.16500000e-10  8.07227468e-01 
 8.17500000e-10  7.73111760e-01 
 8.18500000e-10  7.38226106e-01 
 8.19500000e-10  7.02692558e-01 
 8.20500000e-10  6.66653714e-01 
 8.21500000e-10  6.30256014e-01 
 8.22500000e-10  5.93672825e-01 
 8.23500000e-10  5.57130521e-01 
 8.24500000e-10  5.20853905e-01 
 8.25500000e-10  4.85117801e-01 
 8.26500000e-10  4.50186466e-01 
 8.27500000e-10  4.16371297e-01 
 8.28500000e-10  3.83951567e-01 
 8.29500000e-10  3.53193423e-01 
 8.30500000e-10  3.24252254e-01 
 8.31500000e-10  2.97225378e-01 
 8.32500000e-10  2.72107432e-01 
 8.33500000e-10  2.48869514e-01 
 8.34500000e-10  2.27428441e-01 
 8.35500000e-10  2.07706979e-01 
 8.36500000e-10  1.89594893e-01 
 8.37500000e-10  1.73000974e-01 
 8.38500000e-10  1.57811198e-01 
 8.39500000e-10  1.43934607e-01 
 8.40500000e-10  1.31262614e-01 
 8.41500000e-10  1.19710704e-01 
 8.42500000e-10  1.09180008e-01 
 8.43500000e-10  9.95944482e-02 
 8.44500000e-10  9.08662538e-02 
 8.45500000e-10  8.29297480e-02 
 8.46500000e-10  7.57082741e-02 
 8.47500000e-10  6.91460727e-02 
 8.48500000e-10  6.31772085e-02 
 8.49500000e-10  5.77550203e-02 
 8.50500000e-10  5.28231627e-02 
 8.51500000e-10  4.83433610e-02 
 8.52500000e-10  4.42679467e-02 
 8.53500000e-10  4.05656667e-02 
 8.54500000e-10  3.71963319e-02 
 8.55500000e-10  3.41347110e-02 
 8.56500000e-10  3.13469985e-02 
 8.57500000e-10  2.88129874e-02 
 8.58500000e-10  2.65042617e-02 
 8.59500000e-10  2.44047593e-02 
 8.60500000e-10  2.24905819e-02 
 8.61500000e-10  2.07490525e-02 
 8.62500000e-10  1.91600426e-02 
 8.63500000e-10  1.77136204e-02 
 8.64500000e-10  1.63927965e-02 
 8.65500000e-10  1.51898528e-02 
 8.66500000e-10  1.40904118e-02 
 8.67500000e-10  1.30885324e-02 
 8.68500000e-10  1.21720120e-02 
 8.69500000e-10  1.13363295e-02 
 8.70500000e-10  1.05710967e-02 
 8.71500000e-10  9.87292296e-03 
 8.72500000e-10  9.23293711e-03 
 8.73500000e-10  8.64864479e-03 
 8.74500000e-10  8.11244696e-03 
 8.75500000e-10  7.62255681e-03 
 8.76500000e-10  7.17088511e-03 
 8.77500000e-10  6.75753758e-03 
 8.78500000e-10  6.37797245e-03 
 8.79500000e-10  6.03100670e-03 
 8.80500000e-10  5.71177314e-03 
 8.81500000e-10  5.41958018e-03 
 8.82500000e-10  5.15020949e-03 
 8.83500000e-10  4.90331762e-03 
 8.84500000e-10  4.67524728e-03 
 8.85500000e-10  4.46590385e-03 
 8.86500000e-10  4.27211182e-03 
 8.87500000e-10  4.09395374e-03 
 8.88500000e-10  3.92866755e-03 
 8.89500000e-10  3.77645975e-03 
 8.90500000e-10  3.63492391e-03 
 8.91500000e-10  3.50435043e-03 
 8.92500000e-10  3.38263978e-03 
 8.93500000e-10  3.27013584e-03 
 8.94500000e-10  3.16500505e-03 
 8.95500000e-10  3.06762153e-03 
 8.96500000e-10  2.97638323e-03 
 8.97500000e-10  2.89167677e-03 
 8.98500000e-10  2.81210249e-03 
 8.99500000e-10  2.73804610e-03 
 9.00500000e-10  2.66828554e-03 
 9.01500000e-10  2.60319554e-03 
 9.02500000e-10  2.54171056e-03 
 9.03500000e-10  2.48418682e-03 
 9.04500000e-10  2.42969726e-03 
 9.05500000e-10  2.37857417e-03 
 9.06500000e-10  2.33001339e-03 
 9.07500000e-10  2.28431946e-03 
 9.08500000e-10  2.24079770e-03 
 9.09500000e-10  2.19972235e-03 
 9.10500000e-10  2.16049750e-03 
 9.11500000e-10  2.12336467e-03 
 9.12500000e-10  2.08781341e-03 
 9.13500000e-10  2.05405414e-03 
 9.14500000e-10  2.02165641e-03 
 9.15500000e-10  1.99079763e-03 
 9.16500000e-10  1.96111793e-03 
 9.17500000e-10  1.93276239e-03 
 9.18500000e-10  1.90543469e-03 
 9.19500000e-10  1.87924841e-03 
 9.20500000e-10  1.85396463e-03 
 9.21500000e-10  1.82966644e-03 
 9.22500000e-10  1.80616685e-03 
 9.23500000e-10  1.78351964e-03 
 9.24500000e-10  1.76158489e-03 
 9.25500000e-10  1.74038830e-03 
 9.26500000e-10  1.71983269e-03 
 9.27500000e-10  1.69991707e-03 
 9.28500000e-10  1.68058306e-03 
 9.29500000e-10  1.66180436e-03 
 9.30500000e-10  1.64355791e-03 
 9.31500000e-10  1.62579352e-03 
 9.32500000e-10  1.60852026e-03 
 9.33500000e-10  1.59166547e-03 
 9.34500000e-10  1.57526750e-03 
 9.35500000e-10  1.55923262e-03 
 9.36500000e-10  1.54362583e-03 
 9.37500000e-10  1.52833376e-03 
 9.38500000e-10  1.51344565e-03 
 9.39500000e-10  1.49882984e-03 
 9.40500000e-10  1.48459764e-03 
 9.41500000e-10  1.47060043e-03 
 9.42500000e-10  1.45696959e-03 
 9.43500000e-10  1.44354080e-03 
 9.44500000e-10  1.43046369e-03 
 9.45500000e-10  1.41755948e-03 
 9.46500000e-10  1.40499434e-03 
 9.47500000e-10  1.39257619e-03 
 9.48500000e-10  1.38048623e-03 
 9.49500000e-10  1.36852019e-03 
 9.50000000e-10  1.36269684e-03 
 9.50100000e-10  1.36150027e-03 
 9.50300000e-10  1.35917152e-03 
 9.50700000e-10  1.35453216e-03 
 9.51500000e-10  1.34535796e-03 
 9.52500000e-10  1.33406781e-03 
 9.53500000e-10  1.32297637e-03 
 9.54500000e-10  1.31207175e-03 
 9.55500000e-10  1.30135363e-03 
 9.56500000e-10  1.29081154e-03 
 9.57500000e-10  1.28044492e-03 
 9.58500000e-10  1.27024462e-03 
 9.59500000e-10  1.26020980e-03 
 9.60500000e-10  1.25033249e-03 
 9.61500000e-10  1.24061159e-03 
 9.62500000e-10  1.23104017e-03 
 9.63500000e-10  1.22161688e-03 
 9.64500000e-10  1.21233575e-03 
 9.65500000e-10  1.20319513e-03 
 9.66500000e-10  1.19418995e-03 
 9.67500000e-10  1.18531830e-03 
 9.68500000e-10  1.17657589e-03 
 9.69500000e-10  1.16796054e-03 
 9.70500000e-10  1.15946871e-03 
 9.71500000e-10  1.15109797e-03 
 9.72500000e-10  1.14284542e-03 
 9.73500000e-10  1.13470839e-03 
 9.74500000e-10  1.12668461e-03 
 9.75500000e-10  1.11877118e-03 
 9.76500000e-10  1.11096638e-03 
 9.77500000e-10  1.10326709e-03 
 9.78500000e-10  1.09567209e-03 
 9.79500000e-10  1.08817808e-03 
 9.80500000e-10  1.08078431e-03 
 9.81500000e-10  1.07348726e-03 
 9.82500000e-10  1.06628664e-03 
 9.83500000e-10  1.05917874e-03 
 9.84500000e-10  1.05216366e-03 
 9.85500000e-10  1.04523755e-03 
 9.86500000e-10  1.03840085e-03 
 9.87500000e-10  1.03164957e-03 
 9.88500000e-10  1.02498448e-03 
 9.89500000e-10  1.01840146e-03 
 9.90500000e-10  1.01190156e-03 
 9.91500000e-10  1.00548056e-03 
 9.92500000e-10  9.99139790e-04 
 9.93500000e-10  9.92874909e-04 
 9.94500000e-10  9.86687507e-04 
 9.95500000e-10  9.80573141e-04 
 9.96500000e-10  9.74533630e-04 
 9.97500000e-10  9.68564449e-04 
 9.98500000e-10  9.62667621e-04 
 9.99500000e-10  9.56838551e-04 
 1.00000000e-09  9.53951003e-04 
 1.00010000e-09  9.53375031e-04 
 1.00030000e-09  9.52225812e-04 
 1.00070000e-09  9.49935328e-04 
 1.00150000e-09  9.45386345e-04 
 1.00250000e-09  9.39759350e-04 
 1.00350000e-09  9.34197135e-04 
 1.00450000e-09  9.28698614e-04 
 1.00550000e-09  9.23262695e-04 
 1.00650000e-09  9.17888348e-04 
 1.00750000e-09  9.12574523e-04 
 1.00850000e-09  9.07320241e-04 
 1.00950000e-09  9.02124496e-04 
 1.01050000e-09  8.96986357e-04 
 1.01150000e-09  8.91904858e-04 
 1.01250000e-09  8.86879106e-04 
 1.01350000e-09  8.81908177e-04 
 1.01450000e-09  8.76991219e-04 
 1.01550000e-09  8.72127343e-04 
 1.01650000e-09  8.67315737e-04 
 1.01750000e-09  8.62555544e-04 
 1.01850000e-09  8.57845990e-04 
 1.01950000e-09  8.53186251e-04 
 1.02050000e-09  8.48575586e-04 
 1.02150000e-09  8.44013203e-04 
 1.02250000e-09  8.39498394e-04 
 1.02350000e-09  8.35030395e-04 
 1.02450000e-09  8.30608532e-04 
 1.02550000e-09  8.26232066e-04 
 1.02650000e-09  8.21900350e-04 
 1.02750000e-09  8.17612673e-04 
 1.02850000e-09  8.13368420e-04 
 1.02950000e-09  8.09166899e-04 
 1.03050000e-09  8.05007525e-04 
 1.03150000e-09  8.00889633e-04 
 1.03250000e-09  7.96812658e-04 
 1.03350000e-09  7.92775959e-04 
 1.03450000e-09  7.88778999e-04 
 1.03550000e-09  7.84821154e-04 
 1.03650000e-09  7.80901912e-04 
 1.03750000e-09  7.77020670e-04 
 1.03850000e-09  7.73176936e-04 
 1.03950000e-09  7.69370128e-04 
 1.04050000e-09  7.65599775e-04 
 1.04150000e-09  7.61865312e-04 
 1.04250000e-09  7.58166290e-04 
 1.04350000e-09  7.54502161e-04 
 1.04450000e-09  7.50872496e-04 
 1.04550000e-09  7.47276763e-04 
 1.04650000e-09  7.43714551e-04 
 1.04750000e-09  7.40185344e-04 
 1.04850000e-09  7.36688750e-04 
 1.04950000e-09  7.33224268e-04 
 1.05000000e-09  7.31503970e-04 
 1.05010000e-09  7.31160873e-04 
 1.05030000e-09  7.30475608e-04 
 1.05070000e-09  7.29108802e-04 
 1.05150000e-09  7.26390107e-04 
 1.05250000e-09  7.23019502e-04 
 1.05350000e-09  7.19679326e-04 
 1.05450000e-09  7.16369209e-04 
 1.05550000e-09  7.13088723e-04 
 1.05650000e-09  7.09837507e-04 
 1.05750000e-09  7.06615148e-04 
 1.05850000e-09  7.03421295e-04 
 1.05950000e-09  7.00255554e-04 
 1.06050000e-09  6.97117583e-04 
 1.06150000e-09  6.94007094e-04 
 1.06250000e-09  6.90923651e-04 
 1.06350000e-09  6.87866863e-04 
 1.06450000e-09  6.84836412e-04 
 1.06550000e-09  6.81831964e-04 
 1.06650000e-09  6.78853205e-04 
 1.06750000e-09  6.75899809e-04 
 1.06850000e-09  6.72971467e-04 
 1.06950000e-09  6.70067864e-04 
 1.07050000e-09  6.67188697e-04 
 1.07150000e-09  6.64333661e-04 
 1.07250000e-09  6.61502462e-04 
 1.07350000e-09  6.58694805e-04 
 1.07450000e-09  6.55910403e-04 
 1.07550000e-09  6.53148970e-04 
 1.07650000e-09  6.50410228e-04 
 1.07750000e-09  6.47693902e-04 
 1.07850000e-09  6.44999720e-04 
 1.07950000e-09  6.42327418e-04 
 1.08050000e-09  6.39676732e-04 
 1.08150000e-09  6.37047404e-04 
 1.08250000e-09  6.34439180e-04 
 1.08350000e-09  6.31851810e-04 
 1.08450000e-09  6.29285047e-04 
 1.08550000e-09  6.26738652e-04 
 1.08650000e-09  6.24212381e-04 
 1.08750000e-09  6.21706004e-04 
 1.08850000e-09  6.19219287e-04 
 1.08950000e-09  6.16752004e-04 
 1.09050000e-09  6.14303928e-04 
 1.09150000e-09  6.11874842e-04 
 1.09250000e-09  6.09464524e-04 
 1.09350000e-09  6.07072765e-04 
 1.09450000e-09  6.04699349e-04 
 1.09550000e-09  6.02344073e-04 
 1.09650000e-09  6.00006727e-04 
 1.09750000e-09  5.97687114e-04 
 1.09850000e-09  5.95385032e-04 
 1.09950000e-09  5.93100288e-04 
 1.10050000e-09  5.90832686e-04 
 1.10150000e-09  5.88582040e-04 
 1.10250000e-09  5.86348158e-04 
 1.10350000e-09  5.84130860e-04 
 1.10450000e-09  5.81929961e-04 
 1.10550000e-09  5.79745283e-04 
 1.10650000e-09  5.77576648e-04 
 1.10750000e-09  5.75423885e-04 
 1.10850000e-09  5.73286818e-04 
 1.10950000e-09  5.71165282e-04 
 1.11050000e-09  5.69059106e-04 
 1.11150000e-09  5.66968130e-04 
 1.11250000e-09  5.64892188e-04 
 1.11350000e-09  5.62831123e-04 
 1.11450000e-09  5.60784774e-04 
 1.11550000e-09  5.58752990e-04 
 1.11650000e-09  5.56735614e-04 
 1.11750000e-09  5.54732497e-04 
 1.11850000e-09  5.52743488e-04 
 1.11950000e-09  5.50768443e-04 
 1.12050000e-09  5.48807214e-04 
 1.12150000e-09  5.46859661e-04 
 1.12250000e-09  5.44925638e-04 
 1.12350000e-09  5.43005026e-04 
 1.12450000e-09  5.41097670e-04 
 1.12550000e-09  5.39203419e-04 
 1.12650000e-09  5.37322153e-04 
 1.12750000e-09  5.35453733e-04 
 1.12850000e-09  5.33598044e-04 
 1.12950000e-09  5.31754947e-04 
 1.13050000e-09  5.29924328e-04 
 1.13150000e-09  5.28106049e-04 
 1.13250000e-09  5.26300002e-04 
 1.13350000e-09  5.24506052e-04 
 1.13450000e-09  5.22724091e-04 
 1.13550000e-09  5.20953987e-04 
 1.13650000e-09  5.19195638e-04 
 1.13750000e-09  5.17448913e-04 
 1.13850000e-09  5.15713713e-04 
 1.13950000e-09  5.13989911e-04 
 1.14050000e-09  5.12277409e-04 
 1.14150000e-09  5.10576085e-04 
 1.14250000e-09  5.08885843e-04 
 1.14350000e-09  5.07206563e-04 
 1.14450000e-09  5.05538152e-04 
 1.14550000e-09  5.03880494e-04 
 1.14650000e-09  5.02233498e-04 
 1.14750000e-09  5.00597051e-04 
 1.14850000e-09  4.98971064e-04 
 1.14950000e-09  4.97355426e-04 
 1.15050000e-09  4.95750051e-04 
 1.15150000e-09  4.94154832e-04 
 1.15250000e-09  4.92569684e-04 
 1.15350000e-09  4.90994502e-04 
 1.15450000e-09  4.89429204e-04 
 1.15550000e-09  4.87873687e-04 
 1.15650000e-09  4.86327871e-04 
 1.15750000e-09  4.84791656e-04 
 1.15850000e-09  4.83264964e-04 
 1.15950000e-09  4.81747698e-04 
 1.16050000e-09  4.80239780e-04 
 1.16150000e-09  4.78741117e-04 
 1.16250000e-09  4.77251632e-04 
 1.16350000e-09  4.75771234e-04 
 1.16450000e-09  4.74299849e-04 
 1.16550000e-09  4.72837388e-04 
 1.16650000e-09  4.71383777e-04 
 1.16750000e-09  4.69938931e-04 
 1.16850000e-09  4.68502778e-04 
 1.16950000e-09  4.67075233e-04 
 1.17050000e-09  4.65656227e-04 
 1.17150000e-09  4.64245677e-04 
 1.17250000e-09  4.62843515e-04 
 1.17350000e-09  4.61449661e-04 
 1.17450000e-09  4.60064047e-04 
 1.17550000e-09  4.58686596e-04 
 1.17650000e-09  4.57317242e-04 
 1.17750000e-09  4.55955909e-04 
 1.17850000e-09  4.54602532e-04 
 1.17950000e-09  4.53257037e-04 
 1.18050000e-09  4.51919362e-04 
 1.18150000e-09  4.50589433e-04 
 1.18250000e-09  4.49267189e-04 
 1.18350000e-09  4.47952560e-04 
 1.18450000e-09  4.46645484e-04 
 1.18550000e-09  4.45345894e-04 
 1.18650000e-09  4.44053729e-04 
 1.18750000e-09  4.42768923e-04 
 1.18850000e-09  4.41491417e-04 
 1.18950000e-09  4.40221146e-04 
 1.19050000e-09  4.38958053e-04 
 1.19150000e-09  4.37702074e-04 
 1.19250000e-09  4.36453152e-04 
 1.19350000e-09  4.35211227e-04 
 1.19450000e-09  4.33976242e-04 
 1.19550000e-09  4.32748137e-04 
 1.19650000e-09  4.31526858e-04 
 1.19750000e-09  4.30312346e-04 
 1.19850000e-09  4.29104548e-04 
 1.19950000e-09  4.27903407e-04 
 1.20000000e-09  4.27305315e-04 
 1.20010000e-09  5.87165278e-04 
 1.20030000e-09  8.12111002e-04 
 1.20070000e-09  1.22219279e-03 
 1.20150000e-09  1.90871711e-03 
 1.20250000e-09  2.44682502e-03 
 1.20350000e-09  2.80393183e-03 
 1.20450000e-09  2.95209501e-03 
 1.20550000e-09  3.02091309e-03 
 1.20650000e-09  2.96726351e-03 
 1.20750000e-09  2.89042489e-03 
 1.20850000e-09  2.74140381e-03 
 1.20950000e-09  2.59700105e-03 
 1.21050000e-09  2.40746863e-03 
 1.21150000e-09  2.23272306e-03 
 1.21250000e-09  2.02530595e-03 
 1.21350000e-09  1.83242589e-03 
 1.21450000e-09  1.60993485e-03 
 1.21550000e-09  1.39664978e-03 
 1.21650000e-09  1.15380015e-03 
 1.21750000e-09  9.15656385e-04 
 1.21850000e-09  6.51156284e-04 
 1.21950000e-09  3.94552355e-04 
 1.22050000e-09  1.25470428e-04 
 1.22150000e-09 -1.24920796e-04 
 1.22250000e-09 -3.61662259e-04 
 1.22350000e-09 -5.28268056e-04 
 1.22450000e-09 -6.22699822e-04 
 1.22550000e-09 -5.94804534e-04 
 1.22650000e-09 -4.39191861e-04 
 1.22750000e-09 -1.14187001e-04 
 1.22850000e-09  3.54822896e-04 
 1.22950000e-09  1.00257225e-03 
 1.23050000e-09  1.82028421e-03 
 1.23150000e-09  2.81595574e-03 
 1.23250000e-09  3.96394917e-03 
 1.23350000e-09  5.25716184e-03 
 1.23450000e-09  6.66176630e-03 
 1.23550000e-09  8.16758325e-03 
 1.23650000e-09  9.74978444e-03 
 1.23750000e-09  1.14128211e-02 
 1.23850000e-09  1.31560774e-02 
 1.23950000e-09  1.50144306e-02 
 1.24050000e-09  1.70152445e-02 
 1.24150000e-09  1.92082690e-02 
 1.24250000e-09  2.16296876e-02 
 1.24350000e-09  2.43358862e-02 
 1.24450000e-09  2.73753832e-02 
 1.24550000e-09  3.08158394e-02 
 1.24650000e-09  3.47015874e-02 
 1.24750000e-09  3.90610863e-02 
 1.24850000e-09  4.38619547e-02 
 1.24950000e-09  4.90339694e-02 
 1.25000000e-09  5.17221139e-02 
 1.25010000e-09  5.28826959e-02 
 1.25030000e-09  5.44980087e-02 
 1.25070000e-09  5.72118146e-02 
 1.25150000e-09  6.27517171e-02 
 1.25250000e-09  6.92344983e-02 
 1.25350000e-09  7.56152513e-02 
 1.25450000e-09  8.17184170e-02 
 1.25550000e-09  8.77865434e-02 
 1.25650000e-09  9.36510586e-02 
 1.25750000e-09  9.94842828e-02 
 1.25850000e-09  1.05151724e-01 
 1.25950000e-09  1.10789998e-01 
 1.26050000e-09  1.16297296e-01 
 1.26150000e-09  1.21788975e-01 
 1.26250000e-09  1.27192860e-01 
 1.26350000e-09  1.32610977e-01 
 1.26450000e-09  1.37993911e-01 
 1.26550000e-09  1.43432869e-01 
 1.26650000e-09  1.48898295e-01 
 1.26750000e-09  1.54473569e-01 
 1.26850000e-09  1.60143954e-01 
 1.26950000e-09  1.65987780e-01 
 1.27050000e-09  1.72003532e-01 
 1.27150000e-09  1.78267449e-01 
 1.27250000e-09  1.84791529e-01 
 1.27350000e-09  1.91653957e-01 
 1.27450000e-09  1.98881537e-01 
 1.27550000e-09  2.06559020e-01 
 1.27650000e-09  2.14730427e-01 
 1.27750000e-09  2.23490478e-01 
 1.27850000e-09  2.32898638e-01 
 1.27950000e-09  2.43052235e-01 
 1.28050000e-09  2.54006302e-01 
 1.28150000e-09  2.65831121e-01 
 1.28250000e-09  2.78544288e-01 
 1.28350000e-09  2.92168991e-01 
 1.28450000e-09  3.06685293e-01 
 1.28550000e-09  3.22085505e-01 
 1.28650000e-09  3.38330771e-01 
 1.28750000e-09  3.55396070e-01 
 1.28850000e-09  3.73229947e-01 
 1.28950000e-09  3.91792983e-01 
 1.29050000e-09  4.11023068e-01 
 1.29150000e-09  4.30870596e-01 
 1.29250000e-09  4.51270034e-01 
 1.29350000e-09  4.72172859e-01 
 1.29450000e-09  4.93523608e-01 
 1.29550000e-09  5.15288431e-01 
 1.29650000e-09  5.37431853e-01 
 1.29750000e-09  5.59939136e-01 
 1.29850000e-09  5.82793122e-01 
 1.29950000e-09  6.05992566e-01 
 1.30050000e-09  6.29531136e-01 
 1.30150000e-09  6.53413982e-01 
 1.30250000e-09  6.77639423e-01 
 1.30350000e-09  7.02214105e-01 
 1.30450000e-09  7.27136823e-01 
 1.30550000e-09  7.52412322e-01 
 1.30650000e-09  7.78036906e-01 
 1.30750000e-09  8.04011119e-01 
 1.30850000e-09  8.30326814e-01 
 1.30950000e-09  8.56978673e-01 
 1.31050000e-09  8.83951982e-01 
 1.31150000e-09  9.11232489e-01 
 1.31250000e-09  9.38794021e-01 
 1.31350000e-09  9.66606465e-01 
 1.31450000e-09  9.94623469e-01 
 1.31550000e-09  1.02279016e+00 
 1.31650000e-09  1.05103333e+00 
 1.31750000e-09  1.07927128e+00 
 1.31850000e-09  1.10740633e+00 
 1.31950000e-09  1.13533430e+00 
 1.32050000e-09  1.16293586e+00 
 1.32150000e-09  1.19008356e+00 
 1.32250000e-09  1.21663381e+00 
 1.32350000e-09  1.24243825e+00 
 1.32450000e-09  1.26734586e+00 
 1.32550000e-09  1.29122510e+00 
 1.32650000e-09  1.31397324e+00 
 1.32750000e-09  1.33553523e+00 
 1.32850000e-09  1.35590000e+00 
 1.32950000e-09  1.37509917e+00 
 1.33050000e-09  1.39318825e+00 
 1.33150000e-09  1.41024004e+00 
 1.33250000e-09  1.42632888e+00 
 1.33350000e-09  1.44152995e+00 
 1.33450000e-09  1.45591082e+00 
 1.33550000e-09  1.46953541e+00 
 1.33650000e-09  1.48245886e+00 
 1.33750000e-09  1.49473280e+00 
 1.33850000e-09  1.50640135e+00 
 1.33950000e-09  1.51750624e+00 
 1.34050000e-09  1.52808310e+00 
 1.34150000e-09  1.53816626e+00 
 1.34250000e-09  1.54778512e+00 
 1.34350000e-09  1.55696848e+00 
 1.34450000e-09  1.56574096e+00 
 1.34550000e-09  1.57412689e+00 
 1.34650000e-09  1.58214681e+00 
 1.34750000e-09  1.58982111e+00 
 1.34850000e-09  1.59716682e+00 
 1.34950000e-09  1.60420110e+00 
 1.35050000e-09  1.61093834e+00 
 1.35150000e-09  1.61739341e+00 
 1.35250000e-09  1.62357885e+00 
 1.35350000e-09  1.62950790e+00 
 1.35450000e-09  1.63519171e+00 
 1.35550000e-09  1.64064222e+00 
 1.35650000e-09  1.64586944e+00 
 1.35750000e-09  1.65088415e+00 
 1.35850000e-09  1.65569538e+00 
 1.35950000e-09  1.66031291e+00 
 1.36050000e-09  1.66474487e+00 
 1.36150000e-09  1.66900014e+00 
 1.36250000e-09  1.67308606e+00 
 1.36350000e-09  1.67701070e+00 
 1.36450000e-09  1.68078070e+00 
 1.36550000e-09  1.68440340e+00 
 1.36650000e-09  1.68788478e+00 
 1.36750000e-09  1.69123157e+00 
 1.36850000e-09  1.69444917e+00 
 1.36950000e-09  1.69754370e+00 
 1.37050000e-09  1.70052008e+00 
 1.37150000e-09  1.70338390e+00 
 1.37250000e-09  1.70613960e+00 
 1.37350000e-09  1.70879232e+00 
 1.37450000e-09  1.71134608e+00 
 1.37550000e-09  1.71380580e+00 
 1.37650000e-09  1.71617481e+00 
 1.37750000e-09  1.71845754e+00 
 1.37850000e-09  1.72065721e+00 
 1.37950000e-09  1.72277787e+00 
 1.38050000e-09  1.72482245e+00 
 1.38150000e-09  1.72679464e+00 
 1.38250000e-09  1.72869714e+00 
 1.38350000e-09  1.73053329e+00 
 1.38450000e-09  1.73230557e+00 
 1.38550000e-09  1.73401703e+00 
 1.38650000e-09  1.73566992e+00 
 1.38750000e-09  1.73726704e+00 
 1.38850000e-09  1.73881043e+00 
 1.38950000e-09  1.74030266e+00 
 1.39050000e-09  1.74174556e+00 
 1.39150000e-09  1.74314151e+00 
 1.39250000e-09  1.74449217e+00 
 1.39350000e-09  1.74579971e+00 
 1.39450000e-09  1.74706562e+00 
 1.39550000e-09  1.74829190e+00 
 1.39650000e-09  1.74947991e+00 
 1.39750000e-09  1.75063148e+00 
 1.39850000e-09  1.75174782e+00 
 1.39950000e-09  1.75283062e+00 
 1.40050000e-09  1.75388098e+00 
 1.40150000e-09  1.75490045e+00 
 1.40250000e-09  1.75589000e+00 
 1.40350000e-09  1.75685106e+00 
 1.40450000e-09  1.75778453e+00 
 1.40550000e-09  1.75869170e+00 
 1.40650000e-09  1.75957337e+00 
 1.40750000e-09  1.76043074e+00 
 1.40850000e-09  1.76126452e+00 
 1.40950000e-09  1.76207583e+00 
 1.41050000e-09  1.76286530e+00 
 1.41150000e-09  1.76363395e+00 
 1.41250000e-09  1.76438234e+00 
 1.41350000e-09  1.76511142e+00 
 1.41450000e-09  1.76582170e+00 
 1.41550000e-09  1.76651401e+00 
 1.41650000e-09  1.76718885e+00 
 1.41750000e-09  1.76784700e+00 
 1.41850000e-09  1.76848889e+00 
 1.41950000e-09  1.76911524e+00 
 1.42050000e-09  1.76972642e+00 
 1.42150000e-09  1.77032310e+00 
 1.42250000e-09  1.77090562e+00 
 1.42350000e-09  1.77147458e+00 
 1.42450000e-09  1.77203030e+00 
 1.42550000e-09  1.77257334e+00 
 1.42650000e-09  1.77310396e+00 
 1.42750000e-09  1.77362270e+00 
 1.42850000e-09  1.77412979e+00 
 1.42950000e-09  1.77462573e+00 
 1.43050000e-09  1.77511072e+00 
 1.43150000e-09  1.77558523e+00 
 1.43250000e-09  1.77604942e+00 
 1.43350000e-09  1.77650375e+00 
 1.43450000e-09  1.77694836e+00 
 1.43550000e-09  1.77738366e+00 
 1.43650000e-09  1.77780978e+00 
 1.43750000e-09  1.77822711e+00 
 1.43850000e-09  1.77863579e+00 
 1.43950000e-09  1.77903616e+00 
 1.44050000e-09  1.77942830e+00 
 1.44150000e-09  1.77981256e+00 
 1.44250000e-09  1.78018902e+00 
 1.44350000e-09  1.78055800e+00 
 1.44450000e-09  1.78091959e+00 
 1.44550000e-09  1.78127408e+00 
 1.44650000e-09  1.78162154e+00 
 1.44750000e-09  1.78196225e+00 
 1.44850000e-09  1.78229628e+00 
 1.44950000e-09  1.78262388e+00 
 1.45000000e-09  1.78278526e+00 
 1.45010000e-09  1.78281733e+00 
 1.45030000e-09  1.78288133e+00 
 1.45070000e-09  1.78300858e+00 
 1.45150000e-09  1.78326016e+00 
 1.45250000e-09  1.78356921e+00 
 1.45350000e-09  1.78387238e+00 
 1.45450000e-09  1.78416979e+00 
 1.45550000e-09  1.78446157e+00 
 1.45650000e-09  1.78474785e+00 
 1.45750000e-09  1.78502874e+00 
 1.45850000e-09  1.78530438e+00 
 1.45950000e-09  1.78557486e+00 
 1.46050000e-09  1.78584030e+00 
 1.46150000e-09  1.78610081e+00 
 1.46250000e-09  1.78635649e+00 
 1.46350000e-09  1.78660744e+00 
 1.46450000e-09  1.78685375e+00 
 1.46550000e-09  1.78709553e+00 
 1.46650000e-09  1.78733286e+00 
 1.46750000e-09  1.78756583e+00 
 1.46850000e-09  1.78779454e+00 
 1.46950000e-09  1.78801905e+00 
 1.47050000e-09  1.78823947e+00 
 1.47150000e-09  1.78845586e+00 
 1.47250000e-09  1.78866831e+00 
 1.47350000e-09  1.78887688e+00 
 1.47450000e-09  1.78908167e+00 
 1.47550000e-09  1.78928273e+00 
 1.47650000e-09  1.78948013e+00 
 1.47750000e-09  1.78967396e+00 
 1.47850000e-09  1.78986427e+00 
 1.47950000e-09  1.79005113e+00 
 1.48050000e-09  1.79023460e+00 
 1.48150000e-09  1.79041476e+00 
 1.48250000e-09  1.79059165e+00 
 1.48350000e-09  1.79076533e+00 
 1.48450000e-09  1.79093588e+00 
 1.48550000e-09  1.79110334e+00 
 1.48650000e-09  1.79126777e+00 
 1.48750000e-09  1.79142922e+00 
 1.48850000e-09  1.79158776e+00 
 1.48950000e-09  1.79174342e+00 
 1.49050000e-09  1.79189628e+00 
 1.49150000e-09  1.79204636e+00 
 1.49250000e-09  1.79219373e+00 
 1.49350000e-09  1.79233843e+00 
 1.49450000e-09  1.79248051e+00 
 1.49550000e-09  1.79262002e+00 
 1.49650000e-09  1.79275700e+00 
 1.49750000e-09  1.79289150e+00 
 1.49850000e-09  1.79302356e+00 
 1.49950000e-09  1.79315323e+00 
 1.50000000e-09  1.79321717e+00 
 1.50010000e-09  1.79322988e+00 
 1.50030000e-09  1.79325525e+00 
 1.50070000e-09  1.79330571e+00 
 1.50150000e-09  1.79340553e+00 
 1.50250000e-09  1.79352826e+00 
 1.50350000e-09  1.79364876e+00 
 1.50450000e-09  1.79376708e+00 
 1.50550000e-09  1.79388324e+00 
 1.50650000e-09  1.79399729e+00 
 1.50750000e-09  1.79410926e+00 
 1.50850000e-09  1.79421919e+00 
 1.50950000e-09  1.79432712e+00 
 1.51050000e-09  1.79443308e+00 
 1.51150000e-09  1.79453711e+00 
 1.51250000e-09  1.79463924e+00 
 1.51350000e-09  1.79473950e+00 
 1.51450000e-09  1.79483793e+00 
 1.51550000e-09  1.79493456e+00 
 1.51650000e-09  1.79502943e+00 
 1.51750000e-09  1.79512255e+00 
 1.51850000e-09  1.79521397e+00 
 1.51950000e-09  1.79530371e+00 
 1.52050000e-09  1.79539181e+00 
 1.52150000e-09  1.79547829e+00 
 1.52250000e-09  1.79556318e+00 
 1.52350000e-09  1.79564651e+00 
 1.52450000e-09  1.79572830e+00 
 1.52550000e-09  1.79580859e+00 
 1.52650000e-09  1.79588741e+00 
 1.52750000e-09  1.79596477e+00 
 1.52850000e-09  1.79604070e+00 
 1.52950000e-09  1.79611523e+00 
 1.53050000e-09  1.79618839e+00 
 1.53150000e-09  1.79626019e+00 
 1.53250000e-09  1.79633067e+00 
 1.53350000e-09  1.79639984e+00 
 1.53450000e-09  1.79646774e+00 
 1.53550000e-09  1.79653437e+00 
 1.53650000e-09  1.79659977e+00 
 1.53750000e-09  1.79666396e+00 
 1.53850000e-09  1.79672696e+00 
 1.53950000e-09  1.79678879e+00 
 1.54050000e-09  1.79684947e+00 
 1.54150000e-09  1.79690902e+00 
 1.54250000e-09  1.79696746e+00 
 1.54350000e-09  1.79702482e+00 
 1.54450000e-09  1.79708111e+00 
 1.54550000e-09  1.79713635e+00 
 1.54650000e-09  1.79719056e+00 
 1.54750000e-09  1.79724375e+00 
 1.54850000e-09  1.79729596e+00 
 1.54950000e-09  1.79734719e+00 
 1.55000000e-09  1.79737245e+00 
 1.55010000e-09  1.79737746e+00 
 1.55030000e-09  1.79738748e+00 
 1.55070000e-09  1.79740740e+00 
 1.55150000e-09  1.79744679e+00 
 1.55250000e-09  1.79749521e+00 
 1.55350000e-09  1.79754271e+00 
 1.55450000e-09  1.79758933e+00 
 1.55550000e-09  1.79763507e+00 
 1.55650000e-09  1.79767996e+00 
 1.55750000e-09  1.79772401e+00 
 1.55850000e-09  1.79776723e+00 
 1.55950000e-09  1.79780963e+00 
 1.56050000e-09  1.79785125e+00 
 1.56150000e-09  1.79789208e+00 
 1.56250000e-09  1.79793214e+00 
 1.56350000e-09  1.79797145e+00 
 1.56450000e-09  1.79801002e+00 
 1.56550000e-09  1.79804786e+00 
 1.56650000e-09  1.79808500e+00 
 1.56750000e-09  1.79812143e+00 
 1.56850000e-09  1.79815718e+00 
 1.56950000e-09  1.79819225e+00 
 1.57050000e-09  1.79822666e+00 
 1.57150000e-09  1.79826042e+00 
 1.57250000e-09  1.79829355e+00 
 1.57350000e-09  1.79832605e+00 
 1.57450000e-09  1.79835794e+00 
 1.57550000e-09  1.79838922e+00 
 1.57650000e-09  1.79841991e+00 
 1.57750000e-09  1.79845002e+00 
 1.57850000e-09  1.79847957e+00 
 1.57950000e-09  1.79850855e+00 
 1.58050000e-09  1.79853699e+00 
 1.58150000e-09  1.79856488e+00 
 1.58250000e-09  1.79859225e+00 
 1.58350000e-09  1.79861910e+00 
 1.58450000e-09  1.79864544e+00 
 1.58550000e-09  1.79867129e+00 
 1.58650000e-09  1.79869664e+00 
 1.58750000e-09  1.79872151e+00 
 1.58850000e-09  1.79874591e+00 
 1.58950000e-09  1.79876984e+00 
 1.59050000e-09  1.79879333e+00 
 1.59150000e-09  1.79881636e+00 
 1.59250000e-09  1.79883896e+00 
 1.59350000e-09  1.79886113e+00 
 1.59450000e-09  1.79888288e+00 
 1.59550000e-09  1.79890421e+00 
 1.59650000e-09  1.79892514e+00 
 1.59750000e-09  1.79894567e+00 
 1.59850000e-09  1.79896581e+00 
 1.59950000e-09  1.79898556e+00 
 1.60050000e-09  1.79900494e+00 
 1.60150000e-09  1.79902395e+00 
 1.60250000e-09  1.79904260e+00 
 1.60350000e-09  1.79906090e+00 
 1.60450000e-09  1.79907884e+00 
 1.60550000e-09  1.79909645e+00 
 1.60650000e-09  1.79911372e+00 
 1.60750000e-09  1.79913065e+00 
 1.60850000e-09  1.79914727e+00 
 1.60950000e-09  1.79916357e+00 
 1.61050000e-09  1.79917956e+00 
 1.61150000e-09  1.79919524e+00 
 1.61250000e-09  1.79921062e+00 
 1.61350000e-09  1.79922571e+00 
 1.61450000e-09  1.79924052e+00 
 1.61550000e-09  1.79925504e+00 
 1.61650000e-09  1.79926928e+00 
 1.61750000e-09  1.79928325e+00 
 1.61850000e-09  1.79929695e+00 
 1.61950000e-09  1.79931039e+00 
 1.62050000e-09  1.79932358e+00 
 1.62150000e-09  1.79933651e+00 
 1.62250000e-09  1.79934920e+00 
 1.62350000e-09  1.79936164e+00 
 1.62450000e-09  1.79937384e+00 
 1.62550000e-09  1.79938582e+00 
 1.62650000e-09  1.79939756e+00 
 1.62750000e-09  1.79940908e+00 
 1.62850000e-09  1.79942038e+00 
 1.62950000e-09  1.79943146e+00 
 1.63050000e-09  1.79944233e+00 
 1.63150000e-09  1.79945299e+00 
 1.63250000e-09  1.79946345e+00 
 1.63350000e-09  1.79947370e+00 
 1.63450000e-09  1.79948377e+00 
 1.63550000e-09  1.79949363e+00 
 1.63650000e-09  1.79950331e+00 
 1.63750000e-09  1.79951281e+00 
 1.63850000e-09  1.79952212e+00 
 1.63950000e-09  1.79953126e+00 
 1.64050000e-09  1.79954021e+00 
 1.64150000e-09  1.79954900e+00 
 1.64250000e-09  1.79955762e+00 
 1.64350000e-09  1.79956608e+00 
 1.64450000e-09  1.79957437e+00 
 1.64550000e-09  1.79958250e+00 
 1.64650000e-09  1.79959048e+00 
 1.64750000e-09  1.79959830e+00 
 1.64850000e-09  1.79960598e+00 
 1.64950000e-09  1.79961351e+00 
 1.65050000e-09  1.79962089e+00 
 1.65150000e-09  1.79962813e+00 
 1.65250000e-09  1.79963523e+00 
 1.65350000e-09  1.79964220e+00 
 1.65450000e-09  1.79964903e+00 
 1.65550000e-09  1.79965573e+00 
 1.65650000e-09  1.79966231e+00 
 1.65750000e-09  1.79966876e+00 
 1.65850000e-09  1.79967508e+00 
 1.65950000e-09  1.79968128e+00 
 1.66050000e-09  1.79968737e+00 
 1.66150000e-09  1.79969333e+00 
 1.66250000e-09  1.79969919e+00 
 1.66350000e-09  1.79970493e+00 
 1.66450000e-09  1.79971056e+00 
 1.66550000e-09  1.79971608e+00 
 1.66650000e-09  1.79972149e+00 
 1.66750000e-09  1.79972681e+00 
 1.66850000e-09  1.79973202e+00 
 1.66950000e-09  1.79973713e+00 
 1.67050000e-09  1.79974214e+00 
 1.67150000e-09  1.79974706e+00 
 1.67250000e-09  1.79975188e+00 
 1.67350000e-09  1.79975661e+00 
 1.67450000e-09  1.79976125e+00 
 1.67550000e-09  1.79976580e+00 
 1.67650000e-09  1.79977026e+00 
 1.67750000e-09  1.79977464e+00 
 1.67850000e-09  1.79977893e+00 
 1.67950000e-09  1.79978314e+00 
 1.68050000e-09  1.79978727e+00 
 1.68150000e-09  1.79979132e+00 
 1.68250000e-09  1.79979529e+00 
 1.68350000e-09  1.79979919e+00 
 1.68450000e-09  1.79980301e+00 
 1.68550000e-09  1.79980676e+00 
 1.68650000e-09  1.79981044e+00 
 1.68750000e-09  1.79981404e+00 
 1.68850000e-09  1.79981758e+00 
 1.68950000e-09  1.79982105e+00 
 1.69050000e-09  1.79982445e+00 
 1.69150000e-09  1.79982779e+00 
 1.69250000e-09  1.79983106e+00 
 1.69350000e-09  1.79983427e+00 
 1.69450000e-09  1.79983742e+00 
 1.69550000e-09  1.79984051e+00 
 1.69650000e-09  1.79984354e+00 
 1.69750000e-09  1.79984651e+00 
 1.69850000e-09  1.79984942e+00 
 1.69950000e-09  1.79985228e+00 
 1.70000000e-09  1.79985369e+00 
 1.70010000e-09  1.80041509e+00 
 1.70030000e-09  1.80100729e+00 
 1.70070000e-09  1.80160684e+00 
 1.70150000e-09  1.80331071e+00 
 1.70250000e-09  1.80578908e+00 
 1.70350000e-09  1.80869416e+00 
 1.70450000e-09  1.81177212e+00 
 1.70550000e-09  1.81504881e+00 
 1.70650000e-09  1.81836598e+00 
 1.70750000e-09  1.82176319e+00 
 1.70850000e-09  1.82513967e+00 
 1.70950000e-09  1.82853965e+00 
 1.71050000e-09  1.83189677e+00 
 1.71150000e-09  1.83525531e+00 
 1.71250000e-09  1.83856963e+00 
 1.71350000e-09  1.84187971e+00 
 1.71450000e-09  1.84515333e+00 
 1.71550000e-09  1.84843095e+00 
 1.71650000e-09  1.85168685e+00 
 1.71750000e-09  1.85495643e+00 
 1.71850000e-09  1.85821863e+00 
 1.71950000e-09  1.86150473e+00 
 1.72050000e-09  1.86479592e+00 
 1.72150000e-09  1.86811876e+00 
 1.72250000e-09  1.87145458e+00 
 1.72350000e-09  1.87482403e+00 
 1.72450000e-09  1.87820609e+00 
 1.72550000e-09  1.88161382e+00 
 1.72650000e-09  1.88502196e+00 
 1.72750000e-09  1.88843569e+00 
 1.72850000e-09  1.89182206e+00 
 1.72950000e-09  1.89516524e+00 
 1.73050000e-09  1.89844935e+00 
 1.73150000e-09  1.90165781e+00 
 1.73250000e-09  1.90476273e+00 
 1.73350000e-09  1.90774936e+00 
 1.73450000e-09  1.91059423e+00 
 1.73550000e-09  1.91328920e+00 
 1.73650000e-09  1.91581982e+00 
 1.73750000e-09  1.91818837e+00 
 1.73850000e-09  1.92039161e+00 
 1.73950000e-09  1.92244309e+00 
 1.74050000e-09  1.92435001e+00 
 1.74150000e-09  1.92613542e+00 
 1.74250000e-09  1.92781496e+00 
 1.74350000e-09  1.92942043e+00 
 1.74450000e-09  1.93097827e+00 
 1.74550000e-09  1.93253763e+00 
 1.74650000e-09  1.93414809e+00 
 1.74750000e-09  1.93587966e+00 
 1.74850000e-09  1.93778995e+00 
 1.74950000e-09  1.93993941e+00 
 1.75000000e-09  1.94113031e+00 
 1.75010000e-09  1.94136231e+00 
 1.75030000e-09  1.94181635e+00 
 1.75070000e-09  1.94295258e+00 
 1.75150000e-09  1.94550314e+00 
 1.75250000e-09  1.94884721e+00 
 1.75350000e-09  1.95216610e+00 
 1.75450000e-09  1.95477869e+00 
 1.75550000e-09  1.95599354e+00 
 1.75650000e-09  1.95513518e+00 
 1.75750000e-09  1.95195621e+00 
 1.75850000e-09  1.94672783e+00 
 1.75950000e-09  1.93962843e+00 
 1.76050000e-09  1.93046912e+00 
 1.76150000e-09  1.91954130e+00 
 1.76250000e-09  1.90711306e+00 
 1.76350000e-09  1.89356057e+00 
 1.76450000e-09  1.87911788e+00 
 1.76550000e-09  1.86404206e+00 
 1.76650000e-09  1.84845313e+00 
 1.76750000e-09  1.83250113e+00 
 1.76850000e-09  1.81623765e+00 
 1.76950000e-09  1.79972656e+00 
 1.77050000e-09  1.78293403e+00 
 1.77150000e-09  1.76604874e+00 
 1.77250000e-09  1.74900906e+00 
 1.77350000e-09  1.73188930e+00 
 1.77450000e-09  1.71465365e+00 
 1.77550000e-09  1.69734213e+00 
 1.77650000e-09  1.67993056e+00 
 1.77750000e-09  1.66245276e+00 
 1.77850000e-09  1.64487256e+00 
 1.77950000e-09  1.62722199e+00 
 1.78050000e-09  1.60947103e+00 
 1.78150000e-09  1.59164282e+00 
 1.78250000e-09  1.57371174e+00 
 1.78350000e-09  1.55569536e+00 
 1.78450000e-09  1.53757068e+00 
 1.78550000e-09  1.51935101e+00 
 1.78650000e-09  1.50101504e+00 
 1.78750000e-09  1.48257275e+00 
 1.78850000e-09  1.46400357e+00 
 1.78950000e-09  1.44531408e+00 
 1.79050000e-09  1.42648435e+00 
 1.79150000e-09  1.40751767e+00 
 1.79250000e-09  1.38839371e+00 
 1.79350000e-09  1.36911217e+00 
 1.79450000e-09  1.34965127e+00 
 1.79550000e-09  1.33000647e+00 
 1.79650000e-09  1.31015326e+00 
 1.79750000e-09  1.29008165e+00 
 1.79850000e-09  1.26976254e+00 
 1.79950000e-09  1.24917850e+00 
 1.80050000e-09  1.22829317e+00 
 1.80150000e-09  1.20707860e+00 
 1.80250000e-09  1.18548722e+00 
 1.80350000e-09  1.16347619e+00 
 1.80450000e-09  1.14098168e+00 
 1.80550000e-09  1.11794112e+00 
 1.80650000e-09  1.09427080e+00 
 1.80750000e-09  1.06988839e+00 
 1.80850000e-09  1.04469678e+00 
 1.80950000e-09  1.01861076e+00 
 1.81050000e-09  9.91548542e-01 
 1.81150000e-09  9.63457057e-01 
 1.81250000e-09  9.34299956e-01 
 1.81350000e-09  9.04073574e-01 
 1.81450000e-09  8.72790743e-01 
 1.81550000e-09  8.40495116e-01 
 1.81650000e-09  8.07246737e-01 
 1.81750000e-09  7.73131730e-01 
 1.81850000e-09  7.38246688e-01 
 1.81950000e-09  7.02713793e-01 
 1.82050000e-09  6.66675407e-01 
 1.82150000e-09  6.30277905e-01 
 1.82250000e-09  5.93694985e-01 
 1.82350000e-09  5.57152602e-01 
 1.82450000e-09  5.20875973e-01 
 1.82550000e-09  4.85139460e-01 
 1.82650000e-09  4.50207761e-01 
 1.82750000e-09  4.16391808e-01 
 1.82850000e-09  3.83971334e-01 
 1.82950000e-09  3.53212087e-01 
 1.83050000e-09  3.24269935e-01 
 1.83150000e-09  2.97241837e-01 
 1.83250000e-09  2.72122866e-01 
 1.83350000e-09  2.48883762e-01 
 1.83450000e-09  2.27441727e-01 
 1.83550000e-09  2.07719175e-01 
 1.83650000e-09  1.89606226e-01 
 1.83750000e-09  1.73011334e-01 
 1.83850000e-09  1.57820802e-01 
 1.83950000e-09  1.43943357e-01 
 1.84050000e-09  1.31270714e-01 
 1.84150000e-09  1.19718187e-01 
 1.84250000e-09  1.09186828e-01 
 1.84350000e-09  9.96006510e-02 
 1.84450000e-09  9.08719308e-02 
 1.84550000e-09  8.29349016e-02 
 1.84650000e-09  7.57130068e-02 
 1.84750000e-09  6.91503606e-02 
 1.84850000e-09  6.31811574e-02 
 1.84950000e-09  5.77585910e-02 
 1.85050000e-09  5.28264596e-02 
 1.85150000e-09  4.83463360e-02 
 1.85250000e-09  4.42707007e-02 
 1.85350000e-09  4.05681463e-02 
 1.85450000e-09  3.71986334e-02 
 1.85550000e-09  3.41367785e-02 
 1.85650000e-09  3.13489229e-02 
 1.85750000e-09  2.88147119e-02 
 1.85850000e-09  2.65058716e-02 
 1.85950000e-09  2.44061985e-02 
 1.86050000e-09  2.24919299e-02 
 1.86150000e-09  2.07502542e-02 
 1.86250000e-09  1.91611721e-02 
 1.86350000e-09  1.77146244e-02 
 1.86450000e-09  1.63937438e-02 
 1.86550000e-09  1.51906922e-02 
 1.86650000e-09  1.40912073e-02 
 1.86750000e-09  1.30892349e-02 
 1.86850000e-09  1.21726809e-02 
 1.86950000e-09  1.13369181e-02 
 1.87050000e-09  1.05716599e-02 
 1.87150000e-09  9.87341676e-03 
 1.87250000e-09  9.23341206e-03 
 1.87350000e-09  8.64905964e-03 
 1.87450000e-09  8.11284828e-03 
 1.87550000e-09  7.62290592e-03 
 1.87650000e-09  7.17123193e-03 
 1.87750000e-09  6.75783466e-03 
 1.87850000e-09  6.37826378e-03 
 1.87950000e-09  6.03125634e-03 
 1.88050000e-09  5.71201918e-03 
 1.88150000e-09  5.41979069e-03 
 1.88250000e-09  5.15041832e-03 
 1.88350000e-09  4.90349583e-03 
 1.88450000e-09  4.67542538e-03 
 1.88550000e-09  4.46605534e-03 
 1.88650000e-09  4.27226446e-03 
 1.88750000e-09  4.09408312e-03 
 1.88850000e-09  3.92879900e-03 
 1.88950000e-09  3.77657079e-03 
 1.89050000e-09  3.63503769e-03 
 1.89150000e-09  3.50444622e-03 
 1.89250000e-09  3.38273876e-03 
 1.89350000e-09  3.27021893e-03 
 1.89450000e-09  3.16509162e-03 
 1.89550000e-09  3.06769402e-03 
 1.89650000e-09  2.97645934e-03 
 1.89750000e-09  2.89174041e-03 
 1.89850000e-09  2.81216978e-03 
 1.89950000e-09  2.73810231e-03 
 1.90050000e-09  2.66834536e-03 
 1.90150000e-09  2.60324551e-03 
 1.90250000e-09  2.54176404e-03 
 1.90350000e-09  2.48423352e-03 
 1.90450000e-09  2.42974916e-03 
 1.90550000e-09  2.37861777e-03 
 1.90650000e-09  2.33005955e-03 
 1.90750000e-09  2.28435687e-03 
 1.90850000e-09  2.24083684e-03 
 1.90950000e-09  2.19975356e-03 
 1.91050000e-09  2.16052940e-03 
 1.91150000e-09  2.12338885e-03 
 1.91250000e-09  2.08783942e-03 
 1.91350000e-09  2.05407530e-03 
 1.91450000e-09  2.02168034e-03 
 1.91550000e-09  1.99081821e-03 
 1.91650000e-09  1.96114141e-03 
 1.91750000e-09  1.93278330e-03 
 1.91850000e-09  1.90545821e-03 
 1.91950000e-09  1.87926978e-03 
 1.92050000e-09  1.85398819e-03 
 1.92150000e-09  1.82968810e-03 
 1.92250000e-09  1.80619024e-03 
 1.92350000e-09  1.78354131e-03 
 1.92450000e-09  1.76160784e-03 
 1.92550000e-09  1.74040971e-03 
 1.92650000e-09  1.71985501e-03 
 1.92750000e-09  1.69993801e-03 
 1.92850000e-09  1.68060457e-03 
 1.92950000e-09  1.66182467e-03 
 1.93050000e-09  1.64357852e-03 
 1.93150000e-09  1.62581311e-03 
 1.93250000e-09  1.60853991e-03 
 1.93350000e-09  1.59168429e-03 
 1.93450000e-09  1.57528618e-03 
 1.93550000e-09  1.55925066e-03 
 1.93650000e-09  1.54364357e-03 
 1.93750000e-09  1.52835103e-03 
 1.93850000e-09  1.51346247e-03 
 1.93950000e-09  1.49884637e-03 
 1.94050000e-09  1.48461359e-03 
 1.94150000e-09  1.47061625e-03 
 1.94250000e-09  1.45698473e-03 
 1.94350000e-09  1.44355596e-03 
 1.94450000e-09  1.43047808e-03 
 1.94550000e-09  1.41757402e-03 
 1.94650000e-09  1.40500802e-03 
 1.94750000e-09  1.39259017e-03 
 1.94850000e-09  1.38049927e-03 
 1.94950000e-09  1.36853364e-03 
 1.95000000e-09  1.36270940e-03 
 1.95010000e-09  1.36151324e-03 
 1.95030000e-09  1.35918436e-03 
 1.95070000e-09  1.35454496e-03 
 1.95150000e-09  1.34537049e-03 
 1.95250000e-09  1.33408014e-03 
 1.95350000e-09  1.32298841e-03 
 1.95450000e-09  1.31208361e-03 
 1.95550000e-09  1.30136522e-03 
 1.95650000e-09  1.29082295e-03 
 1.95750000e-09  1.28045609e-03 
 1.95850000e-09  1.27025562e-03 
 1.95950000e-09  1.26022058e-03 
 1.96050000e-09  1.25034311e-03 
 1.96150000e-09  1.24062200e-03 
 1.96250000e-09  1.23105044e-03 
 1.96350000e-09  1.22162695e-03 
 1.96450000e-09  1.21234567e-03 
 1.96550000e-09  1.20320488e-03 
 1.96650000e-09  1.19419956e-03 
 1.96750000e-09  1.18532775e-03 
 1.96850000e-09  1.17658520e-03 
 1.96950000e-09  1.16796971e-03 
 1.97050000e-09  1.15947774e-03 
 1.97150000e-09  1.15110686e-03 
 1.97250000e-09  1.14285418e-03 
 1.97350000e-09  1.13471702e-03 
 1.97450000e-09  1.12669312e-03 
 1.97550000e-09  1.11877957e-03 
 1.97650000e-09  1.11097464e-03 
 1.97750000e-09  1.10327523e-03 
 1.97850000e-09  1.09568013e-03 
 1.97950000e-09  1.08818600e-03 
 1.98050000e-09  1.08079212e-03 
 1.98150000e-09  1.07349497e-03 
 1.98250000e-09  1.06629423e-03 
 1.98350000e-09  1.05918624e-03 
 1.98450000e-09  1.05217105e-03 
 1.98550000e-09  1.04524486e-03 
 1.98650000e-09  1.03840805e-03 
 1.98750000e-09  1.03165668e-03 
 1.98850000e-09  1.02499149e-03 
 1.98950000e-09  1.01840838e-03 
 1.99050000e-09  1.01190838e-03 
 1.99150000e-09  1.00548731e-03 
 1.99250000e-09  9.99146435e-04 
 1.99350000e-09  9.92881484e-04 
 1.99450000e-09  9.86693982e-04 
 1.99550000e-09  9.80579551e-04 
 1.99650000e-09  9.74539941e-04 
 1.99750000e-09  9.68570697e-04 
 1.99850000e-09  9.62673773e-04 
 1.99950000e-09  9.56844644e-04 
 2.00000000e-09  9.53957040e-04 
