 0.00000000e+00  3.71244030e-02 
 1.00000000e-14  3.71244032e-02 
 2.00000000e-14  3.71244033e-02 
 4.00000000e-14  3.71244034e-02 
 8.00000000e-14  3.71244037e-02 
 1.60000000e-13  3.71244044e-02 
 3.20000000e-13  3.71244055e-02 
 6.40000000e-13  3.71244077e-02 
 1.28000000e-12  3.71244117e-02 
 2.28000000e-12  3.71244168e-02 
 3.28000000e-12  3.71244209e-02 
 4.28000000e-12  3.71244240e-02 
 5.28000000e-12  3.71244265e-02 
 6.28000000e-12  3.71244285e-02 
 7.28000000e-12  3.71244301e-02 
 8.28000000e-12  3.71244313e-02 
 9.28000000e-12  3.71244323e-02 
 1.02800000e-11  3.71244331e-02 
 1.12800000e-11  3.71244337e-02 
 1.22800000e-11  3.71244342e-02 
 1.32800000e-11  3.71244346e-02 
 1.42800000e-11  3.71244350e-02 
 1.52800000e-11  3.71244352e-02 
 1.62800000e-11  3.71244354e-02 
 1.72800000e-11  3.71244356e-02 
 1.82800000e-11  3.71244358e-02 
 1.92800000e-11  3.71244359e-02 
 2.02800000e-11  3.71244360e-02 
 2.12800000e-11  3.71244361e-02 
 2.22800000e-11  3.71244361e-02 
 2.32800000e-11  3.71244362e-02 
 2.42800000e-11  3.71244362e-02 
 2.52800000e-11  3.71244363e-02 
 2.62800000e-11  3.71244363e-02 
 2.72800000e-11  3.71244363e-02 
 2.82800000e-11  3.71244364e-02 
 2.92800000e-11  3.71244364e-02 
 3.02800000e-11  3.71244364e-02 
 3.12800000e-11  3.71244364e-02 
 3.22800000e-11  3.71244365e-02 
 3.32800000e-11  3.71244365e-02 
 3.42800000e-11  3.71244365e-02 
 3.52800000e-11  3.71244365e-02 
 3.62800000e-11  3.71244365e-02 
 3.72800000e-11  3.71244365e-02 
 3.82800000e-11  3.71244365e-02 
 3.92800000e-11  3.71244365e-02 
 4.02800000e-11  3.71244365e-02 
 4.12800000e-11  3.71244366e-02 
 4.22800000e-11  3.71244366e-02 
 4.32800000e-11  3.71244366e-02 
 4.42800000e-11  3.71244366e-02 
 4.52800000e-11  3.71244366e-02 
 4.62800000e-11  3.71244366e-02 
 4.72800000e-11  3.71244366e-02 
 4.82800000e-11  3.71244366e-02 
 4.92800000e-11  3.71244366e-02 
 5.00000000e-11  3.71244366e-02 
 5.01000000e-11  3.71244366e-02 
 5.03000000e-11  3.71244366e-02 
 5.07000000e-11  3.71244366e-02 
 5.15000000e-11  3.71244366e-02 
 5.25000000e-11  3.71244366e-02 
 5.35000000e-11  3.71244366e-02 
 5.45000000e-11  3.71244366e-02 
 5.55000000e-11  3.71244366e-02 
 5.65000000e-11  3.71244366e-02 
 5.75000000e-11  3.71244366e-02 
 5.85000000e-11  3.71244366e-02 
 5.95000000e-11  3.71244366e-02 
 6.05000000e-11  3.71244366e-02 
 6.15000000e-11  3.71244366e-02 
 6.25000000e-11  3.71244366e-02 
 6.35000000e-11  3.71244366e-02 
 6.45000000e-11  3.71244366e-02 
 6.55000000e-11  3.71244366e-02 
 6.65000000e-11  3.71244366e-02 
 6.75000000e-11  3.71244366e-02 
 6.85000000e-11  3.71244366e-02 
 6.95000000e-11  3.71244366e-02 
 7.05000000e-11  3.71244366e-02 
 7.15000000e-11  3.71244366e-02 
 7.25000000e-11  3.71244366e-02 
 7.35000000e-11  3.71244366e-02 
 7.45000000e-11  3.71244366e-02 
 7.55000000e-11  3.71244366e-02 
 7.65000000e-11  3.71244366e-02 
 7.75000000e-11  3.71244366e-02 
 7.85000000e-11  3.71244366e-02 
 7.95000000e-11  3.71244366e-02 
 8.05000000e-11  3.71244366e-02 
 8.15000000e-11  3.71244366e-02 
 8.25000000e-11  3.71244366e-02 
 8.35000000e-11  3.71244366e-02 
 8.45000000e-11  3.71244366e-02 
 8.55000000e-11  3.71244366e-02 
 8.65000000e-11  3.71244366e-02 
 8.75000000e-11  3.71244366e-02 
 8.85000000e-11  3.71244366e-02 
 8.95000000e-11  3.71244366e-02 
 9.05000000e-11  3.71244366e-02 
 9.15000000e-11  3.71244366e-02 
 9.25000000e-11  3.71244366e-02 
 9.35000000e-11  3.71244366e-02 
 9.45000000e-11  3.71244366e-02 
 9.55000000e-11  3.71244366e-02 
 9.65000000e-11  3.71244366e-02 
 9.75000000e-11  3.71244366e-02 
 9.85000000e-11  3.71244366e-02 
 9.95000000e-11  3.71244366e-02 
 1.00500000e-10  3.71244366e-02 
 1.01500000e-10  3.71244366e-02 
 1.02500000e-10  3.71244366e-02 
 1.03500000e-10  3.71244366e-02 
 1.04500000e-10  3.71244366e-02 
 1.05500000e-10  3.71244366e-02 
 1.06500000e-10  3.71244366e-02 
 1.07500000e-10  3.71244366e-02 
 1.08500000e-10  3.71244366e-02 
 1.09500000e-10  3.71244366e-02 
 1.10500000e-10  3.71244366e-02 
 1.11500000e-10  3.71244366e-02 
 1.12500000e-10  3.71244366e-02 
 1.13500000e-10  3.71244366e-02 
 1.14500000e-10  3.71244366e-02 
 1.15500000e-10  3.71244366e-02 
 1.16500000e-10  3.71244366e-02 
 1.17500000e-10  3.71244366e-02 
 1.18500000e-10  3.71244366e-02 
 1.19500000e-10  3.71244366e-02 
 1.20500000e-10  3.71244366e-02 
 1.21500000e-10  3.71244366e-02 
 1.22500000e-10  3.71244366e-02 
 1.23500000e-10  3.71244366e-02 
 1.24500000e-10  3.71244366e-02 
 1.25500000e-10  3.71244366e-02 
 1.26500000e-10  3.71244366e-02 
 1.27500000e-10  3.71244366e-02 
 1.28500000e-10  3.71244366e-02 
 1.29500000e-10  3.71244366e-02 
 1.30500000e-10  3.71244366e-02 
 1.31500000e-10  3.71244366e-02 
 1.32500000e-10  3.71244366e-02 
 1.33500000e-10  3.71244366e-02 
 1.34500000e-10  3.71244366e-02 
 1.35500000e-10  3.71244366e-02 
 1.36500000e-10  3.71244366e-02 
 1.37500000e-10  3.71244366e-02 
 1.38500000e-10  3.71244366e-02 
 1.39500000e-10  3.71244366e-02 
 1.40500000e-10  3.71244366e-02 
 1.41500000e-10  3.71244366e-02 
 1.42500000e-10  3.71244366e-02 
 1.43500000e-10  3.71244366e-02 
 1.44500000e-10  3.71244366e-02 
 1.45500000e-10  3.71244366e-02 
 1.46500000e-10  3.71244366e-02 
 1.47500000e-10  3.71244366e-02 
 1.48500000e-10  3.71244366e-02 
 1.49500000e-10  3.71244366e-02 
 1.50500000e-10  3.71244366e-02 
 1.51500000e-10  3.71244366e-02 
 1.52500000e-10  3.71244366e-02 
 1.53500000e-10  3.71244366e-02 
 1.54500000e-10  3.71244366e-02 
 1.55500000e-10  3.71244366e-02 
 1.56500000e-10  3.71244366e-02 
 1.57500000e-10  3.71244366e-02 
 1.58500000e-10  3.71244366e-02 
 1.59500000e-10  3.71244366e-02 
 1.60500000e-10  3.71244366e-02 
 1.61500000e-10  3.71244366e-02 
 1.62500000e-10  3.71244366e-02 
 1.63500000e-10  3.71244366e-02 
 1.64500000e-10  3.71244366e-02 
 1.65500000e-10  3.71244366e-02 
 1.66500000e-10  3.71244366e-02 
 1.67500000e-10  3.71244366e-02 
 1.68500000e-10  3.71244366e-02 
 1.69500000e-10  3.71244366e-02 
 1.70500000e-10  3.71244366e-02 
 1.71500000e-10  3.71244366e-02 
 1.72500000e-10  3.71244366e-02 
 1.73500000e-10  3.71244366e-02 
 1.74500000e-10  3.71244366e-02 
 1.75500000e-10  3.71244366e-02 
 1.76500000e-10  3.71244366e-02 
 1.77500000e-10  3.71244366e-02 
 1.78500000e-10  3.71244366e-02 
 1.79500000e-10  3.71244366e-02 
 1.80500000e-10  3.71244366e-02 
 1.81500000e-10  3.71244366e-02 
 1.82500000e-10  3.71244366e-02 
 1.83500000e-10  3.71244366e-02 
 1.84500000e-10  3.71244366e-02 
 1.85500000e-10  3.71244366e-02 
 1.86500000e-10  3.71244366e-02 
 1.87500000e-10  3.71244366e-02 
 1.88500000e-10  3.71244366e-02 
 1.89500000e-10  3.71244366e-02 
 1.90500000e-10  3.71244366e-02 
 1.91500000e-10  3.71244366e-02 
 1.92500000e-10  3.71244366e-02 
 1.93500000e-10  3.71244366e-02 
 1.94500000e-10  3.71244366e-02 
 1.95500000e-10  3.71244366e-02 
 1.96500000e-10  3.71244366e-02 
 1.97500000e-10  3.71244366e-02 
 1.98500000e-10  3.71244366e-02 
 1.99500000e-10  3.71244366e-02 
 2.00000000e-10  3.71244366e-02 
 2.00100000e-10  3.72688554e-02 
 2.00300000e-10  3.75117228e-02 
 2.00700000e-10  3.79403037e-02 
 2.01500000e-10  3.86362360e-02 
 2.02500000e-10  3.92392235e-02 
 2.03500000e-10  3.96219766e-02 
 2.04500000e-10  3.98340401e-02 
 2.05500000e-10  3.99286424e-02 
 2.06500000e-10  3.99320520e-02 
 2.07500000e-10  3.98781735e-02 
 2.08500000e-10  3.97793713e-02 
 2.09500000e-10  3.96577178e-02 
 2.10500000e-10  3.95174009e-02 
 2.11500000e-10  3.93731748e-02 
 2.12500000e-10  3.92245536e-02 
 2.13500000e-10  3.90819591e-02 
 2.14500000e-10  3.89423746e-02 
 2.15500000e-10  3.88130109e-02 
 2.16500000e-10  3.86893471e-02 
 2.17500000e-10  3.85772545e-02 
 2.18500000e-10  3.84714435e-02 
 2.19500000e-10  3.83765163e-02 
 2.20500000e-10  3.82867552e-02 
 2.21500000e-10  3.82058135e-02 
 2.22500000e-10  3.81277465e-02 
 2.23500000e-10  3.80555092e-02 
 2.24500000e-10  3.79831991e-02 
 2.25500000e-10  3.79135479e-02 
 2.26500000e-10  3.78413455e-02 
 2.27500000e-10  3.77699574e-02 
 2.28500000e-10  3.76955288e-02 
 2.29500000e-10  3.76220303e-02 
 2.30500000e-10  3.75456715e-02 
 2.31500000e-10  3.74690121e-02 
 2.32500000e-10  3.73872552e-02 
 2.33500000e-10  3.73034952e-02 
 2.34500000e-10  3.72174755e-02 
 2.35500000e-10  3.71403844e-02 
 2.36500000e-10  3.70823018e-02 
 2.37500000e-10  3.70570114e-02 
 2.38500000e-10  3.70530819e-02 
 2.39500000e-10  3.70399927e-02 
 2.40500000e-10  3.69704851e-02 
 2.41500000e-10  3.68059983e-02 
 2.42500000e-10  3.65148255e-02 
 2.43500000e-10  3.60897991e-02 
 2.44500000e-10  3.55391920e-02 
 2.45500000e-10  3.48938517e-02 
 2.46500000e-10  3.41894175e-02 
 2.47500000e-10  3.34665988e-02 
 2.48500000e-10  3.27572802e-02 
 2.49500000e-10  3.20898549e-02 
 2.50000000e-10  3.17762642e-02 
 2.50100000e-10  3.17004230e-02 
 2.50300000e-10  3.15613495e-02 
 2.50700000e-10  3.12892900e-02 
 2.51500000e-10  3.07462169e-02 
 2.52500000e-10  3.01116602e-02 
 2.53500000e-10  2.95439929e-02 
 2.54500000e-10  2.90631058e-02 
 2.55500000e-10  2.86658687e-02 
 2.56500000e-10  2.83537515e-02 
 2.57500000e-10  2.81144814e-02 
 2.58500000e-10  2.79440023e-02 
 2.59500000e-10  2.78292307e-02 
 2.60500000e-10  2.77658664e-02 
 2.61500000e-10  2.77428157e-02 
 2.62500000e-10  2.77570779e-02 
 2.63500000e-10  2.77999568e-02 
 2.64500000e-10  2.78698011e-02 
 2.65500000e-10  2.79600214e-02 
 2.66500000e-10  2.80698252e-02 
 2.67500000e-10  2.81934593e-02 
 2.68500000e-10  2.83386189e-02 
 2.69500000e-10  2.84919117e-02 
 2.70500000e-10  2.86563208e-02 
 2.71500000e-10  2.88296827e-02 
 2.72500000e-10  2.90139386e-02 
 2.73500000e-10  2.92064230e-02 
 2.74500000e-10  2.94083577e-02 
 2.75500000e-10  2.96175574e-02 
 2.76500000e-10  2.98355405e-02 
 2.77500000e-10  3.00604331e-02 
 2.78500000e-10  3.02936593e-02 
 2.79500000e-10  3.05342498e-02 
 2.80500000e-10  3.07829489e-02 
 2.81500000e-10  3.10382553e-02 
 2.82500000e-10  3.13016506e-02 
 2.83500000e-10  3.15721652e-02 
 2.84500000e-10  3.18510194e-02 
 2.85500000e-10  3.21373346e-02 
 2.86500000e-10  3.24321986e-02 
 2.87500000e-10  3.27348777e-02 
 2.88500000e-10  3.30464135e-02 
 2.89500000e-10  3.33662069e-02 
 2.90500000e-10  3.36952412e-02 
 2.91500000e-10  3.40330439e-02 
 2.92500000e-10  3.43805496e-02 
 2.93500000e-10  3.47374037e-02 
 2.94500000e-10  3.51045002e-02 
 2.95500000e-10  3.54815953e-02 
 2.96500000e-10  3.58695507e-02 
 2.97500000e-10  3.62682274e-02 
 2.98500000e-10  3.66784637e-02 
 2.99500000e-10  3.71002214e-02 
 3.00500000e-10  3.75343238e-02 
 3.01500000e-10  3.79808315e-02 
 3.02500000e-10  3.84405620e-02 
 3.03500000e-10  3.89136734e-02 
 3.04500000e-10  3.94009872e-02 
 3.05500000e-10  3.99027595e-02 
 3.06500000e-10  4.04198260e-02 
 3.07500000e-10  4.09525424e-02 
 3.08500000e-10  4.15017696e-02 
 3.09500000e-10  4.20679666e-02 
 3.10500000e-10  4.26520307e-02 
 3.11500000e-10  4.32545294e-02 
 3.12500000e-10  4.38764092e-02 
 3.13500000e-10  4.45183528e-02 
 3.14500000e-10  4.51813699e-02 
 3.15500000e-10  4.58662671e-02 
 3.16500000e-10  4.65741331e-02 
 3.17500000e-10  4.73059094e-02 
 3.18500000e-10  4.80627812e-02 
 3.19500000e-10  4.88458388e-02 
 3.20500000e-10  4.96563835e-02 
 3.21500000e-10  5.04956712e-02 
 3.22500000e-10  5.13651427e-02 
 3.23500000e-10  5.22662397e-02 
 3.24500000e-10  5.32005685e-02 
 3.25500000e-10  5.41697818e-02 
 3.26500000e-10  5.51756823e-02 
 3.27500000e-10  5.62201635e-02 
 3.28500000e-10  5.73052608e-02 
 3.29500000e-10  5.84331447e-02 
 3.30500000e-10  5.96061258e-02 
 3.31500000e-10  6.08266958e-02 
 3.32500000e-10  6.20974915e-02 
 3.33500000e-10  6.34213785e-02 
 3.34500000e-10  6.48013809e-02 
 3.35500000e-10  6.62408028e-02 
 3.36500000e-10  6.77431287e-02 
 3.37500000e-10  6.93121793e-02 
 3.38500000e-10  7.09519879e-02 
 3.39500000e-10  7.26669872e-02 
 3.40500000e-10  7.44618659e-02 
 3.41500000e-10  7.63417837e-02 
 3.42500000e-10  7.83122127e-02 
 3.43500000e-10  8.03791775e-02 
 3.44500000e-10  8.25490839e-02 
 3.45500000e-10  8.48289804e-02 
 3.46500000e-10  8.72263751e-02 
 3.47500000e-10  8.97495096e-02 
 3.48500000e-10  9.24071576e-02 
 3.49500000e-10  9.52088934e-02 
 3.50500000e-10  9.81648498e-02 
 3.51500000e-10  1.01285939e-01 
 3.52500000e-10  1.04583514e-01 
 3.53500000e-10  1.08069460e-01 
 3.54500000e-10  1.11755650e-01 
 3.55500000e-10  1.15653782e-01 
 3.56500000e-10  1.19774517e-01 
 3.57500000e-10  1.24127008e-01 
 3.58500000e-10  1.28717828e-01 
 3.59500000e-10  1.33550513e-01 
 3.60500000e-10  1.38624820e-01 
 3.61500000e-10  1.43936930e-01 
 3.62500000e-10  1.49479526e-01 
 3.63500000e-10  1.55242696e-01 
 3.64500000e-10  1.61214485e-01 
 3.65500000e-10  1.67381942e-01 
 3.66500000e-10  1.73731573e-01 
 3.67500000e-10  1.80250133e-01 
 3.68500000e-10  1.86924789e-01 
 3.69500000e-10  1.93743628e-01 
 3.70500000e-10  2.00695595e-01 
 3.71500000e-10  2.07770809e-01 
 3.72500000e-10  2.14960364e-01 
 3.73500000e-10  2.22256530e-01 
 3.74500000e-10  2.29652480e-01 
 3.75500000e-10  2.37142434e-01 
 3.76500000e-10  2.44721347e-01 
 3.77500000e-10  2.52385024e-01 
 3.78500000e-10  2.60129809e-01 
 3.79500000e-10  2.67952693e-01 
 3.80500000e-10  2.75851020e-01 
 3.81500000e-10  2.83822599e-01 
 3.82500000e-10  2.91865435e-01 
 3.83500000e-10  2.99977854e-01 
 3.84500000e-10  3.08158255e-01 
 3.85500000e-10  3.16405249e-01 
 3.86500000e-10  3.24717435e-01 
 3.87500000e-10  3.33093539e-01 
 3.88500000e-10  3.41532211e-01 
 3.89500000e-10  3.50032171e-01 
 3.90500000e-10  3.58592015e-01 
 3.91500000e-10  3.67210366e-01 
 3.92500000e-10  3.75885689e-01 
 3.93500000e-10  3.84616445e-01 
 3.94500000e-10  3.93400916e-01 
 3.95500000e-10  4.02237359e-01 
 3.96500000e-10  4.11123843e-01 
 3.97500000e-10  4.20058403e-01 
 3.98500000e-10  4.29038890e-01 
 3.99500000e-10  4.38063121e-01 
 4.00500000e-10  4.47128745e-01 
 4.01500000e-10  4.56233388e-01 
 4.02500000e-10  4.65374536e-01 
 4.03500000e-10  4.74549672e-01 
 4.04500000e-10  4.83756171e-01 
 4.05500000e-10  4.92991439e-01 
 4.06500000e-10  5.02252813e-01 
 4.07500000e-10  5.11537694e-01 
 4.08500000e-10  5.20843461e-01 
 4.09500000e-10  5.30167596e-01 
 4.10500000e-10  5.39507599e-01 
 4.11500000e-10  5.48861110e-01 
 4.12500000e-10  5.58225832e-01 
 4.13500000e-10  5.67599634e-01 
 4.14500000e-10  5.76980478e-01 
 4.15500000e-10  5.86366518e-01 
 4.16500000e-10  5.95756021e-01 
 4.17500000e-10  6.05147454e-01 
 4.18500000e-10  6.14539404e-01 
 4.19500000e-10  6.23930653e-01 
 4.20500000e-10  6.33320095e-01 
 4.21500000e-10  6.42706794e-01 
 4.22500000e-10  6.52089897e-01 
 4.23500000e-10  6.61468673e-01 
 4.24500000e-10  6.70842427e-01 
 4.25500000e-10  6.80210515e-01 
 4.26500000e-10  6.89572264e-01 
 4.27500000e-10  6.98926981e-01 
 4.28500000e-10  7.08273876e-01 
 4.29500000e-10  7.17612096e-01 
 4.30500000e-10  7.26940661e-01 
 4.31500000e-10  7.36258522e-01 
 4.32500000e-10  7.45564535e-01 
 4.33500000e-10  7.54857527e-01 
 4.34500000e-10  7.64136287e-01 
 4.35500000e-10  7.73399647e-01 
 4.36500000e-10  7.82646480e-01 
 4.37500000e-10  7.91875777e-01 
 4.38500000e-10  8.01086647e-01 
 4.39500000e-10  8.10278376e-01 
 4.40500000e-10  8.19450431e-01 
 4.41500000e-10  8.28602500e-01 
 4.42500000e-10  8.37734482e-01 
 4.43500000e-10  8.46846516e-01 
 4.44500000e-10  8.55938960e-01 
 4.45500000e-10  8.65012402e-01 
 4.46500000e-10  8.74067631e-01 
 4.47500000e-10  8.83105639e-01 
 4.48500000e-10  8.92127576e-01 
 4.49500000e-10  9.01134746e-01 
 4.50000000e-10  9.05633197e-01 
 4.50100000e-10  9.06532389e-01 
 4.50300000e-10  9.08330627e-01 
 4.50700000e-10  9.11925651e-01 
 4.51500000e-10  9.19110291e-01 
 4.52500000e-10  9.28081923e-01 
 4.53500000e-10  9.37044775e-01 
 4.54500000e-10  9.46000330e-01 
 4.55500000e-10  9.54950480e-01 
 4.56500000e-10  9.63895958e-01 
 4.57500000e-10  9.72837831e-01 
 4.58500000e-10  9.81776932e-01 
 4.59500000e-10  9.90713926e-01 
 4.60500000e-10  9.99649056e-01 
 4.61500000e-10  1.00858230e+00 
 4.62500000e-10  1.01751317e+00 
 4.63500000e-10  1.02644081e+00 
 4.64500000e-10  1.03536390e+00 
 4.65500000e-10  1.04428071e+00 
 4.66500000e-10  1.05318903e+00 
 4.67500000e-10  1.06208627e+00 
 4.68500000e-10  1.07096939e+00 
 4.69500000e-10  1.07983506e+00 
 4.70500000e-10  1.08867955e+00 
 4.71500000e-10  1.09749893e+00 
 4.72500000e-10  1.10628898e+00 
 4.73500000e-10  1.11504539e+00 
 4.74500000e-10  1.12376370e+00 
 4.75500000e-10  1.13243950e+00 
 4.76500000e-10  1.14106835e+00 
 4.77500000e-10  1.14964598e+00 
 4.78500000e-10  1.15816824e+00 
 4.79500000e-10  1.16663125e+00 
 4.80500000e-10  1.17503137e+00 
 4.81500000e-10  1.18336530e+00 
 4.82500000e-10  1.19163005e+00 
 4.83500000e-10  1.19982299e+00 
 4.84500000e-10  1.20794175e+00 
 4.85500000e-10  1.21598436e+00 
 4.86500000e-10  1.22394915e+00 
 4.87500000e-10  1.23183476e+00 
 4.88500000e-10  1.23964010e+00 
 4.89500000e-10  1.24736433e+00 
 4.90500000e-10  1.25500684e+00 
 4.91500000e-10  1.26256721e+00 
 4.92500000e-10  1.27004519e+00 
 4.93500000e-10  1.27744068e+00 
 4.94500000e-10  1.28475371e+00 
 4.95500000e-10  1.29198443e+00 
 4.96500000e-10  1.29913305e+00 
 4.97500000e-10  1.30619990e+00 
 4.98500000e-10  1.31318531e+00 
 4.99500000e-10  1.32008979e+00 
 5.00000000e-10  1.32351181e+00 
 5.00100000e-10  1.32419343e+00 
 5.00300000e-10  1.32555502e+00 
 5.00700000e-10  1.32826854e+00 
 5.01500000e-10  1.33365724e+00 
 5.02500000e-10  1.34032153e+00 
 5.03500000e-10  1.34690679e+00 
 5.04500000e-10  1.35341355e+00 
 5.05500000e-10  1.35984236e+00 
 5.06500000e-10  1.36619373e+00 
 5.07500000e-10  1.37246821e+00 
 5.08500000e-10  1.37866632e+00 
 5.09500000e-10  1.38478860e+00 
 5.10500000e-10  1.39083556e+00 
 5.11500000e-10  1.39680776e+00 
 5.12500000e-10  1.40270570e+00 
 5.13500000e-10  1.40852994e+00 
 5.14500000e-10  1.41428104e+00 
 5.15500000e-10  1.41995955e+00 
 5.16500000e-10  1.42556604e+00 
 5.17500000e-10  1.43110111e+00 
 5.18500000e-10  1.43656533e+00 
 5.19500000e-10  1.44195931e+00 
 5.20500000e-10  1.44728365e+00 
 5.21500000e-10  1.45253897e+00 
 5.22500000e-10  1.45772589e+00 
 5.23500000e-10  1.46284504e+00 
 5.24500000e-10  1.46789704e+00 
 5.25500000e-10  1.47288253e+00 
 5.26500000e-10  1.47780215e+00 
 5.27500000e-10  1.48265653e+00 
 5.28500000e-10  1.48744630e+00 
 5.29500000e-10  1.49217213e+00 
 5.30500000e-10  1.49683463e+00 
 5.31500000e-10  1.50143445e+00 
 5.32500000e-10  1.50597223e+00 
 5.33500000e-10  1.51044860e+00 
 5.34500000e-10  1.51486421e+00 
 5.35500000e-10  1.51921968e+00 
 5.36500000e-10  1.52351564e+00 
 5.37500000e-10  1.52775274e+00 
 5.38500000e-10  1.53193158e+00 
 5.39500000e-10  1.53605281e+00 
 5.40500000e-10  1.54011703e+00 
 5.41500000e-10  1.54412488e+00 
 5.42500000e-10  1.54807695e+00 
 5.43500000e-10  1.55197387e+00 
 5.44500000e-10  1.55581625e+00 
 5.45500000e-10  1.55960469e+00 
 5.46500000e-10  1.56333980e+00 
 5.47500000e-10  1.56702217e+00 
 5.48500000e-10  1.57065240e+00 
 5.49500000e-10  1.57423109e+00 
 5.50000000e-10  1.57600128e+00 
 5.50100000e-10  1.57635354e+00 
 5.50300000e-10  1.57705705e+00 
 5.50700000e-10  1.57845802e+00 
 5.51500000e-10  1.58123590e+00 
 5.52500000e-10  1.58466348e+00 
 5.53500000e-10  1.58804187e+00 
 5.54500000e-10  1.59137162e+00 
 5.55500000e-10  1.59465331e+00 
 5.56500000e-10  1.59788751e+00 
 5.57500000e-10  1.60107479e+00 
 5.58500000e-10  1.60421571e+00 
 5.59500000e-10  1.60731082e+00 
 5.60500000e-10  1.61036068e+00 
 5.61500000e-10  1.61336584e+00 
 5.62500000e-10  1.61632685e+00 
 5.63500000e-10  1.61924425e+00 
 5.64500000e-10  1.62211858e+00 
 5.65500000e-10  1.62495037e+00 
 5.66500000e-10  1.62774015e+00 
 5.67500000e-10  1.63048847e+00 
 5.68500000e-10  1.63319582e+00 
 5.69500000e-10  1.63586275e+00 
 5.70500000e-10  1.63848976e+00 
 5.71500000e-10  1.64107736e+00 
 5.72500000e-10  1.64362607e+00 
 5.73500000e-10  1.64613638e+00 
 5.74500000e-10  1.64860880e+00 
 5.75500000e-10  1.65104382e+00 
 5.76500000e-10  1.65344193e+00 
 5.77500000e-10  1.65580361e+00 
 5.78500000e-10  1.65812937e+00 
 5.79500000e-10  1.66041966e+00 
 5.80500000e-10  1.66267496e+00 
 5.81500000e-10  1.66489576e+00 
 5.82500000e-10  1.66708250e+00 
 5.83500000e-10  1.66923565e+00 
 5.84500000e-10  1.67135567e+00 
 5.85500000e-10  1.67344302e+00 
 5.86500000e-10  1.67549813e+00 
 5.87500000e-10  1.67752146e+00 
 5.88500000e-10  1.67951345e+00 
 5.89500000e-10  1.68147452e+00 
 5.90500000e-10  1.68340511e+00 
 5.91500000e-10  1.68530564e+00 
 5.92500000e-10  1.68717655e+00 
 5.93500000e-10  1.68901824e+00 
 5.94500000e-10  1.69083113e+00 
 5.95500000e-10  1.69261562e+00 
 5.96500000e-10  1.69437213e+00 
 5.97500000e-10  1.69610104e+00 
 5.98500000e-10  1.69780277e+00 
 5.99500000e-10  1.69947769e+00 
 6.00500000e-10  1.70112619e+00 
 6.01500000e-10  1.70274866e+00 
 6.02500000e-10  1.70434548e+00 
 6.03500000e-10  1.70591701e+00 
 6.04500000e-10  1.70746362e+00 
 6.05500000e-10  1.70898569e+00 
 6.06500000e-10  1.71048357e+00 
 6.07500000e-10  1.71195762e+00 
 6.08500000e-10  1.71340818e+00 
 6.09500000e-10  1.71483561e+00 
 6.10500000e-10  1.71624025e+00 
 6.11500000e-10  1.71762244e+00 
 6.12500000e-10  1.71898252e+00 
 6.13500000e-10  1.72032080e+00 
 6.14500000e-10  1.72163763e+00 
 6.15500000e-10  1.72293332e+00 
 6.16500000e-10  1.72420820e+00 
 6.17500000e-10  1.72546256e+00 
 6.18500000e-10  1.72669674e+00 
 6.19500000e-10  1.72791102e+00 
 6.20500000e-10  1.72910572e+00 
 6.21500000e-10  1.73028113e+00 
 6.22500000e-10  1.73143755e+00 
 6.23500000e-10  1.73257526e+00 
 6.24500000e-10  1.73369455e+00 
 6.25500000e-10  1.73479571e+00 
 6.26500000e-10  1.73587902e+00 
 6.27500000e-10  1.73694474e+00 
 6.28500000e-10  1.73799315e+00 
 6.29500000e-10  1.73902452e+00 
 6.30500000e-10  1.74003912e+00 
 6.31500000e-10  1.74103719e+00 
 6.32500000e-10  1.74201900e+00 
 6.33500000e-10  1.74298481e+00 
 6.34500000e-10  1.74393485e+00 
 6.35500000e-10  1.74486938e+00 
 6.36500000e-10  1.74578864e+00 
 6.37500000e-10  1.74669288e+00 
 6.38500000e-10  1.74758231e+00 
 6.39500000e-10  1.74845718e+00 
 6.40500000e-10  1.74931772e+00 
 6.41500000e-10  1.75016415e+00 
 6.42500000e-10  1.75099669e+00 
 6.43500000e-10  1.75181557e+00 
 6.44500000e-10  1.75262100e+00 
 6.45500000e-10  1.75341319e+00 
 6.46500000e-10  1.75419235e+00 
 6.47500000e-10  1.75495869e+00 
 6.48500000e-10  1.75571242e+00 
 6.49500000e-10  1.75645373e+00 
 6.50500000e-10  1.75718282e+00 
 6.51500000e-10  1.75789989e+00 
 6.52500000e-10  1.75860512e+00 
 6.53500000e-10  1.75929872e+00 
 6.54500000e-10  1.75998086e+00 
 6.55500000e-10  1.76065173e+00 
 6.56500000e-10  1.76131151e+00 
 6.57500000e-10  1.76196037e+00 
 6.58500000e-10  1.76259850e+00 
 6.59500000e-10  1.76322606e+00 
 6.60500000e-10  1.76384322e+00 
 6.61500000e-10  1.76445016e+00 
 6.62500000e-10  1.76504704e+00 
 6.63500000e-10  1.76563402e+00 
 6.64500000e-10  1.76621126e+00 
 6.65500000e-10  1.76677892e+00 
 6.66500000e-10  1.76733715e+00 
 6.67500000e-10  1.76788610e+00 
 6.68500000e-10  1.76842594e+00 
 6.69500000e-10  1.76895679e+00 
 6.70500000e-10  1.76947882e+00 
 6.71500000e-10  1.76999216e+00 
 6.72500000e-10  1.77049696e+00 
 6.73500000e-10  1.77099336e+00 
 6.74500000e-10  1.77148148e+00 
 6.75500000e-10  1.77196147e+00 
 6.76500000e-10  1.77243346e+00 
 6.77500000e-10  1.77289758e+00 
 6.78500000e-10  1.77335396e+00 
 6.79500000e-10  1.77380273e+00 
 6.80500000e-10  1.77424400e+00 
 6.81500000e-10  1.77467791e+00 
 6.82500000e-10  1.77510457e+00 
 6.83500000e-10  1.77552411e+00 
 6.84500000e-10  1.77593663e+00 
 6.85500000e-10  1.77634226e+00 
 6.86500000e-10  1.77674111e+00 
 6.87500000e-10  1.77713328e+00 
 6.88500000e-10  1.77751890e+00 
 6.89500000e-10  1.77789806e+00 
 6.90500000e-10  1.77827087e+00 
 6.91500000e-10  1.77863744e+00 
 6.92500000e-10  1.77899788e+00 
 6.93500000e-10  1.77935227e+00 
 6.94500000e-10  1.77970073e+00 
 6.95500000e-10  1.78004335e+00 
 6.96500000e-10  1.78038022e+00 
 6.97500000e-10  1.78071145e+00 
 6.98500000e-10  1.78103712e+00 
 6.99500000e-10  1.78135732e+00 
 7.00000000e-10  1.78151540e+00 
 7.00100000e-10  1.78159728e+00 
 7.00300000e-10  1.78173689e+00 
 7.00700000e-10  1.78203051e+00 
 7.01500000e-10  1.78272287e+00 
 7.02500000e-10  1.78378220e+00 
 7.03500000e-10  1.78500108e+00 
 7.04500000e-10  1.78634982e+00 
 7.05500000e-10  1.78780643e+00 
 7.06500000e-10  1.78934819e+00 
 7.07500000e-10  1.79096126e+00 
 7.08500000e-10  1.79262884e+00 
 7.09500000e-10  1.79434280e+00 
 7.10500000e-10  1.79609075e+00 
 7.11500000e-10  1.79786874e+00 
 7.12500000e-10  1.79966768e+00 
 7.13500000e-10  1.80148654e+00 
 7.14500000e-10  1.80331889e+00 
 7.15500000e-10  1.80516591e+00 
 7.16500000e-10  1.80702224e+00 
 7.17500000e-10  1.80888650e+00 
 7.18500000e-10  1.81076321e+00 
 7.19500000e-10  1.81265702e+00 
 7.20500000e-10  1.81456828e+00 
 7.21500000e-10  1.81650229e+00 
 7.22500000e-10  1.81845968e+00 
 7.23500000e-10  1.82044451e+00 
 7.24500000e-10  1.82245561e+00 
 7.25500000e-10  1.82449404e+00 
 7.26500000e-10  1.82654563e+00 
 7.27500000e-10  1.82860944e+00 
 7.28500000e-10  1.83068384e+00 
 7.29500000e-10  1.83276304e+00 
 7.30500000e-10  1.83483846e+00 
 7.31500000e-10  1.83690278e+00 
 7.32500000e-10  1.83894731e+00 
 7.33500000e-10  1.84096534e+00 
 7.34500000e-10  1.84295005e+00 
 7.35500000e-10  1.84489696e+00 
 7.36500000e-10  1.84680246e+00 
 7.37500000e-10  1.84866557e+00 
 7.38500000e-10  1.85048700e+00 
 7.39500000e-10  1.85227017e+00 
 7.40500000e-10  1.85402067e+00 
 7.41500000e-10  1.85574670e+00 
 7.42500000e-10  1.85745950e+00 
 7.43500000e-10  1.85917342e+00 
 7.44500000e-10  1.86090758e+00 
 7.45500000e-10  1.86268608e+00 
 7.46500000e-10  1.86453867e+00 
 7.47500000e-10  1.86649607e+00 
 7.48500000e-10  1.86858450e+00 
 7.49500000e-10  1.87081996e+00 
 7.50000000e-10  1.87199800e+00 
 7.50100000e-10  1.87227541e+00 
 7.50300000e-10  1.87281991e+00 
 7.50700000e-10  1.87390277e+00 
 7.51500000e-10  1.87606678e+00 
 7.52500000e-10  1.87890879e+00 
 7.53500000e-10  1.88193309e+00 
 7.54500000e-10  1.88508231e+00 
 7.55500000e-10  1.88834436e+00 
 7.56500000e-10  1.89161778e+00 
 7.57500000e-10  1.89472264e+00 
 7.58500000e-10  1.89738296e+00 
 7.59500000e-10  1.89925597e+00 
 7.60500000e-10  1.89995781e+00 
 7.61500000e-10  1.89914069e+00 
 7.62500000e-10  1.89652876e+00 
 7.63500000e-10  1.89194491e+00 
 7.64500000e-10  1.88553581e+00 
 7.65500000e-10  1.87734036e+00 
 7.66500000e-10  1.86713337e+00 
 7.67500000e-10  1.85492698e+00 
 7.68500000e-10  1.84075961e+00 
 7.69500000e-10  1.82468218e+00 
 7.70500000e-10  1.80676352e+00 
 7.71500000e-10  1.78708179e+00 
 7.72500000e-10  1.76572471e+00 
 7.73500000e-10  1.74276881e+00 
 7.74500000e-10  1.71835085e+00 
 7.75500000e-10  1.69257116e+00 
 7.76500000e-10  1.66550092e+00 
 7.77500000e-10  1.63722796e+00 
 7.78500000e-10  1.60781316e+00 
 7.79500000e-10  1.57732687e+00 
 7.80500000e-10  1.54581323e+00 
 7.81500000e-10  1.51332929e+00 
 7.82500000e-10  1.47990635e+00 
 7.83500000e-10  1.44558616e+00 
 7.84500000e-10  1.41038518e+00 
 7.85500000e-10  1.37432828e+00 
 7.86500000e-10  1.33741508e+00 
 7.87500000e-10  1.29965232e+00 
 7.88500000e-10  1.26102369e+00 
 7.89500000e-10  1.22152397e+00 
 7.90500000e-10  1.18113672e+00 
 7.91500000e-10  1.13987536e+00 
 7.92500000e-10  1.09776825e+00 
 7.93500000e-10  1.05488889e+00 
 7.94500000e-10  1.01131002e+00 
 7.95500000e-10  9.67098965e-01 
 7.96500000e-10  9.22280076e-01 
 7.97500000e-10  8.76870360e-01 
 7.98500000e-10  8.30868701e-01 
 7.99500000e-10  7.84265162e-01 
 8.00500000e-10  7.37126594e-01 
 8.01500000e-10  6.89421433e-01 
 8.02500000e-10  6.41195977e-01 
 8.03500000e-10  5.92519197e-01 
 8.04500000e-10  5.43666434e-01 
 8.05500000e-10  4.95089996e-01 
 8.06500000e-10  4.47490393e-01 
 8.07500000e-10  4.01636484e-01 
 8.08500000e-10  3.58317745e-01 
 8.09500000e-10  3.18118957e-01 
 8.10500000e-10  2.81383716e-01 
 8.11500000e-10  2.48169621e-01 
 8.12500000e-10  2.18396677e-01 
 8.13500000e-10  1.91863793e-01 
 8.14500000e-10  1.68349236e-01 
 8.15500000e-10  1.47586019e-01 
 8.16500000e-10  1.29324549e-01 
 8.17500000e-10  1.13299165e-01 
 8.18500000e-10  9.92780395e-02 
 8.19500000e-10  8.70242111e-02 
 8.20500000e-10  7.63387096e-02 
 8.21500000e-10  6.70222814e-02 
 8.22500000e-10  5.89129599e-02 
 8.23500000e-10  5.18494674e-02 
 8.24500000e-10  4.57046863e-02 
 8.25500000e-10  4.03513253e-02 
 8.26500000e-10  3.56922242e-02 
 8.27500000e-10  3.16285342e-02 
 8.28500000e-10  2.80874513e-02 
 8.29500000e-10  2.49929505e-02 
 8.30500000e-10  2.22913172e-02 
 8.31500000e-10  1.99243484e-02 
 8.32500000e-10  1.78529187e-02 
 8.33500000e-10  1.60324977e-02 
 8.34500000e-10  1.44349131e-02 
 8.35500000e-10  1.30260100e-02 
 8.36500000e-10  1.17857338e-02 
 8.37500000e-10  1.06877561e-02 
 8.38500000e-10  9.71808503e-03 
 8.39500000e-10  8.85459178e-03 
 8.40500000e-10  8.08978232e-03 
 8.41500000e-10  7.40760515e-03 
 8.42500000e-10  6.80119937e-03 
 8.43500000e-10  6.25776224e-03 
 8.44500000e-10  5.77279451e-03 
 8.45500000e-10  5.33615144e-03 
 8.46500000e-10  4.94499735e-03 
 8.47500000e-10  4.59119728e-03 
 8.48500000e-10  4.27307978e-03 
 8.49500000e-10  3.98404627e-03 
 8.50500000e-10  3.72323239e-03 
 8.51500000e-10  3.48522830e-03 
 8.52500000e-10  3.26972125e-03 
 8.53500000e-10  3.07223308e-03 
 8.54500000e-10  2.89281982e-03 
 8.55500000e-10  2.72774350e-03 
 8.56500000e-10  2.57729809e-03 
 8.57500000e-10  2.43834181e-03 
 8.58500000e-10  2.31131315e-03 
 8.59500000e-10  2.19355716e-03 
 8.60500000e-10  2.08559026e-03 
 8.61500000e-10  1.98516044e-03 
 8.62500000e-10  1.89281484e-03 
 8.63500000e-10  1.80663928e-03 
 8.64500000e-10  1.72717840e-03 
 8.65500000e-10  1.65280473e-03 
 8.66500000e-10  1.58403739e-03 
 8.67500000e-10  1.51949491e-03 
 8.68500000e-10  1.45965522e-03 
 8.69500000e-10  1.40335013e-03 
 8.70500000e-10  1.35100609e-03 
 8.71500000e-10  1.30164142e-03 
 8.72500000e-10  1.25562475e-03 
 8.73500000e-10  1.21213881e-03 
 8.74500000e-10  1.17149083e-03 
 8.75500000e-10  1.13300952e-03 
 8.76500000e-10  1.09693921e-03 
 8.77500000e-10  1.06273894e-03 
 8.78500000e-10  1.03059008e-03 
 8.79500000e-10  1.00006867e-03 
 8.80500000e-10  9.71294687e-04 
 8.81500000e-10  9.43949757e-04 
 8.82500000e-10  9.18090814e-04 
 8.83500000e-10  8.93497074e-04 
 8.84500000e-10  8.70167708e-04 
 8.85500000e-10  8.47968413e-04 
 8.86500000e-10  8.26842814e-04 
 8.87500000e-10  8.06735205e-04 
 8.88500000e-10  7.87536568e-04 
 8.89500000e-10  7.69262728e-04 
 8.90500000e-10  7.51755008e-04 
 8.91500000e-10  7.35094397e-04 
 8.92500000e-10  7.19075572e-04 
 8.93500000e-10  7.03838926e-04 
 8.94500000e-10  6.89135482e-04 
 8.95500000e-10  6.75159803e-04 
 8.96500000e-10  6.61622202e-04 
 8.97500000e-10  6.48766634e-04 
 8.98500000e-10  6.36265574e-04 
 8.99500000e-10  6.24408001e-04 
 9.00500000e-10  6.12831324e-04 
 9.01500000e-10  6.01865538e-04 
 9.02500000e-10  5.91115660e-04 
 9.03500000e-10  5.80949012e-04 
 9.04500000e-10  5.70940781e-04 
 9.05500000e-10  5.61492215e-04 
 9.06500000e-10  5.52151115e-04 
 9.07500000e-10  5.43349519e-04 
 9.08500000e-10  5.34610165e-04 
 9.09500000e-10  5.26392979e-04 
 9.10500000e-10  5.18197849e-04 
 9.11500000e-10  5.10509895e-04 
 9.12500000e-10  5.02808251e-04 
 9.13500000e-10  4.95600742e-04 
 9.14500000e-10  4.88347720e-04 
 9.15500000e-10  4.81577407e-04 
 9.16500000e-10  4.74733246e-04 
 9.17500000e-10  4.68361704e-04 
 9.18500000e-10  4.61891073e-04 
 9.19500000e-10  4.55884082e-04 
 9.20500000e-10  4.49755524e-04 
 9.21500000e-10  4.44082536e-04 
 9.22500000e-10  4.38267973e-04 
 9.23500000e-10  4.32901665e-04 
 9.24500000e-10  4.27375983e-04 
 9.25500000e-10  4.22291855e-04 
 9.26500000e-10  4.17032542e-04 
 9.27500000e-10  4.12208585e-04 
 9.28500000e-10  4.07195415e-04 
 9.29500000e-10  4.02611814e-04 
 9.30500000e-10  3.97826579e-04 
 9.31500000e-10  3.93465458e-04 
 9.32500000e-10  3.88891732e-04 
 9.33500000e-10  3.84736931e-04 
 9.34500000e-10  3.80359864e-04 
 9.35500000e-10  3.76396746e-04 
 9.36500000e-10  3.72202887e-04 
 9.37500000e-10  3.68418169e-04 
 9.38500000e-10  3.64395307e-04 
 9.39500000e-10  3.60776910e-04 
 9.40500000e-10  3.56913941e-04 
 9.41500000e-10  3.53450861e-04 
 9.42500000e-10  3.49737663e-04 
 9.43500000e-10  3.46419858e-04 
 9.44500000e-10  3.42847190e-04 
 9.45500000e-10  3.39665478e-04 
 9.46500000e-10  3.36224886e-04 
 9.47500000e-10  3.33170854e-04 
 9.48500000e-10  3.29854588e-04 
 9.49500000e-10  3.26920519e-04 
 9.50000000e-10  3.25233533e-04 
 9.50100000e-10  3.25010091e-04 
 9.50300000e-10  3.24405930e-04 
 9.50700000e-10  3.23200733e-04 
 9.51500000e-10  3.20820943e-04 
 9.52500000e-10  3.17891627e-04 
 9.53500000e-10  3.15018024e-04 
 9.54500000e-10  3.12192571e-04 
 9.55500000e-10  3.09420093e-04 
 9.56500000e-10  3.06692832e-04 
 9.57500000e-10  3.04016009e-04 
 9.58500000e-10  3.01381692e-04 
 9.59500000e-10  2.98795460e-04 
 9.60500000e-10  2.96249228e-04 
 9.61500000e-10  2.93748894e-04 
 9.62500000e-10  2.91286238e-04 
 9.63500000e-10  2.88867443e-04 
 9.64500000e-10  2.86484175e-04 
 9.65500000e-10  2.84142865e-04 
 9.66500000e-10  2.81835086e-04 
 9.67500000e-10  2.79567487e-04 
 9.68500000e-10  2.77331562e-04 
 9.69500000e-10  2.75134152e-04 
 9.70500000e-10  2.72966690e-04 
 9.71500000e-10  2.70836181e-04 
 9.72500000e-10  2.68734011e-04 
 9.73500000e-10  2.66667327e-04 
 9.74500000e-10  2.64627482e-04 
 9.75500000e-10  2.62621740e-04 
 9.76500000e-10  2.60641438e-04 
 9.77500000e-10  2.58693938e-04 
 9.78500000e-10  2.56770570e-04 
 9.79500000e-10  2.54878775e-04 
 9.80500000e-10  2.53009887e-04 
 9.81500000e-10  2.51171410e-04 
 9.82500000e-10  2.49354696e-04 
 9.83500000e-10  2.47567292e-04 
 9.84500000e-10  2.45800577e-04 
 9.85500000e-10  2.44062130e-04 
 9.86500000e-10  2.42343366e-04 
 9.87500000e-10  2.40651880e-04 
 9.88500000e-10  2.38979133e-04 
 9.89500000e-10  2.37332723e-04 
 9.90500000e-10  2.35704164e-04 
 9.91500000e-10  2.34101047e-04 
 9.92500000e-10  2.32514949e-04 
 9.93500000e-10  2.30953441e-04 
 9.94500000e-10  2.29408167e-04 
 9.95500000e-10  2.27886670e-04 
 9.96500000e-10  2.26380669e-04 
 9.97500000e-10  2.24897669e-04 
 9.98500000e-10  2.23429470e-04 
 9.99500000e-10  2.21983531e-04 
 1.00000000e-09  2.21264444e-04 
 1.00010000e-09  2.21122531e-04 
 1.00030000e-09  2.20837314e-04 
 1.00070000e-09  2.20268900e-04 
 1.00150000e-09  2.19140613e-04 
 1.00250000e-09  2.17745779e-04 
 1.00350000e-09  2.16368068e-04 
 1.00450000e-09  2.15007027e-04 
 1.00550000e-09  2.13662501e-04 
 1.00650000e-09  2.12334052e-04 
 1.00750000e-09  2.11021540e-04 
 1.00850000e-09  2.09724539e-04 
 1.00950000e-09  2.08442922e-04 
 1.01050000e-09  2.07176278e-04 
 1.01150000e-09  2.05924492e-04 
 1.01250000e-09  2.04687164e-04 
 1.01350000e-09  2.03464193e-04 
 1.01450000e-09  2.02255190e-04 
 1.01550000e-09  2.01060063e-04 
 1.01650000e-09  1.99878436e-04 
 1.01750000e-09  1.98710228e-04 
 1.01850000e-09  1.97555072e-04 
 1.01950000e-09  1.96412896e-04 
 1.02050000e-09  1.95283344e-04 
 1.02150000e-09  1.94166354e-04 
 1.02250000e-09  1.93061578e-04 
 1.02350000e-09  1.91968963e-04 
 1.02450000e-09  1.90888171e-04 
 1.02550000e-09  1.89819155e-04 
 1.02650000e-09  1.88761586e-04 
 1.02750000e-09  1.87715426e-04 
 1.02850000e-09  1.86680353e-04 
 1.02950000e-09  1.85656335e-04 
 1.03050000e-09  1.84643061e-04 
 1.03150000e-09  1.83640503e-04 
 1.03250000e-09  1.82648358e-04 
 1.03350000e-09  1.81666603e-04 
 1.03450000e-09  1.80694946e-04 
 1.03550000e-09  1.79733367e-04 
 1.03650000e-09  1.78781581e-04 
 1.03750000e-09  1.77839574e-04 
 1.03850000e-09  1.76907067e-04 
 1.03950000e-09  1.75984051e-04 
 1.04050000e-09  1.75070255e-04 
 1.04150000e-09  1.74165673e-04 
 1.04250000e-09  1.73270040e-04 
 1.04350000e-09  1.72383356e-04 
 1.04450000e-09  1.71505362e-04 
 1.04550000e-09  1.70636059e-04 
 1.04650000e-09  1.69775197e-04 
 1.04750000e-09  1.68922780e-04 
 1.04850000e-09  1.68078563e-04 
 1.04950000e-09  1.67242554e-04 
 1.05000000e-09  1.66827523e-04 
 1.05010000e-09  1.66744783e-04 
 1.05030000e-09  1.66579507e-04 
 1.05070000e-09  1.66249892e-04 
 1.05150000e-09  1.65594457e-04 
 1.05250000e-09  1.64782171e-04 
 1.05350000e-09  1.63977590e-04 
 1.05450000e-09  1.63180594e-04 
 1.05550000e-09  1.62391090e-04 
 1.05650000e-09  1.61608964e-04 
 1.05750000e-09  1.60834125e-04 
 1.05850000e-09  1.60066465e-04 
 1.05950000e-09  1.59305896e-04 
 1.06050000e-09  1.58552312e-04 
 1.06150000e-09  1.57805629e-04 
 1.06250000e-09  1.57065746e-04 
 1.06350000e-09  1.56332581e-04 
 1.06450000e-09  1.55606036e-04 
 1.06550000e-09  1.54886031e-04 
 1.06650000e-09  1.54172473e-04 
 1.06750000e-09  1.53465285e-04 
 1.06850000e-09  1.52764376e-04 
 1.06950000e-09  1.52069672e-04 
 1.07050000e-09  1.51381086e-04 
 1.07150000e-09  1.50698544e-04 
 1.07250000e-09  1.50021964e-04 
 1.07350000e-09  1.49351274e-04 
 1.07450000e-09  1.48686395e-04 
 1.07550000e-09  1.48027258e-04 
 1.07650000e-09  1.47373785e-04 
 1.07750000e-09  1.46725909e-04 
 1.07850000e-09  1.46083557e-04 
 1.07950000e-09  1.45446663e-04 
 1.08050000e-09  1.44815155e-04 
 1.08150000e-09  1.44188970e-04 
 1.08250000e-09  1.43568040e-04 
 1.08350000e-09  1.42952302e-04 
 1.08450000e-09  1.42341690e-04 
 1.08550000e-09  1.41736145e-04 
 1.08650000e-09  1.41135602e-04 
 1.08750000e-09  1.40540003e-04 
 1.08850000e-09  1.39949286e-04 
 1.08950000e-09  1.39363394e-04 
 1.09050000e-09  1.38782268e-04 
 1.09150000e-09  1.38205853e-04 
 1.09250000e-09  1.37634092e-04 
 1.09350000e-09  1.37066930e-04 
 1.09450000e-09  1.36504311e-04 
 1.09550000e-09  1.35946185e-04 
 1.09650000e-09  1.35392496e-04 
 1.09750000e-09  1.34843195e-04 
 1.09850000e-09  1.34298230e-04 
 1.09950000e-09  1.33757550e-04 
 1.10050000e-09  1.33221106e-04 
 1.10150000e-09  1.32688850e-04 
 1.10250000e-09  1.32160734e-04 
 1.10350000e-09  1.31636710e-04 
 1.10450000e-09  1.31116731e-04 
 1.10550000e-09  1.30600753e-04 
 1.10650000e-09  1.30088729e-04 
 1.10750000e-09  1.29580615e-04 
 1.10850000e-09  1.29076368e-04 
 1.10950000e-09  1.28575944e-04 
 1.11050000e-09  1.28079301e-04 
 1.11150000e-09  1.27586397e-04 
 1.11250000e-09  1.27097190e-04 
 1.11350000e-09  1.26611639e-04 
 1.11450000e-09  1.26129705e-04 
 1.11550000e-09  1.25651348e-04 
 1.11650000e-09  1.25176529e-04 
 1.11750000e-09  1.24705210e-04 
 1.11850000e-09  1.24237352e-04 
 1.11950000e-09  1.23772918e-04 
 1.12050000e-09  1.23311872e-04 
 1.12150000e-09  1.22854177e-04 
 1.12250000e-09  1.22399797e-04 
 1.12350000e-09  1.21948697e-04 
 1.12450000e-09  1.21500842e-04 
 1.12550000e-09  1.21056199e-04 
 1.12650000e-09  1.20614732e-04 
 1.12750000e-09  1.20176409e-04 
 1.12850000e-09  1.19741196e-04 
 1.12950000e-09  1.19309062e-04 
 1.13050000e-09  1.18879975e-04 
 1.13150000e-09  1.18453901e-04 
 1.13250000e-09  1.18030812e-04 
 1.13350000e-09  1.17610675e-04 
 1.13450000e-09  1.17193461e-04 
 1.13550000e-09  1.16779139e-04 
 1.13650000e-09  1.16367680e-04 
 1.13750000e-09  1.15959055e-04 
 1.13850000e-09  1.15553235e-04 
 1.13950000e-09  1.15150192e-04 
 1.14050000e-09  1.14749898e-04 
 1.14150000e-09  1.14352326e-04 
 1.14250000e-09  1.13957447e-04 
 1.14350000e-09  1.13565236e-04 
 1.14450000e-09  1.13175665e-04 
 1.14550000e-09  1.12788709e-04 
 1.14650000e-09  1.12404341e-04 
 1.14750000e-09  1.12022537e-04 
 1.14850000e-09  1.11643271e-04 
 1.14950000e-09  1.11266517e-04 
 1.15050000e-09  1.10892252e-04 
 1.15150000e-09  1.10520452e-04 
 1.15250000e-09  1.10151092e-04 
 1.15350000e-09  1.09784149e-04 
 1.15450000e-09  1.09419600e-04 
 1.15550000e-09  1.09057421e-04 
 1.15650000e-09  1.08697590e-04 
 1.15750000e-09  1.08340084e-04 
 1.15850000e-09  1.07984882e-04 
 1.15950000e-09  1.07631960e-04 
 1.16050000e-09  1.07281299e-04 
 1.16150000e-09  1.06932876e-04 
 1.16250000e-09  1.06586671e-04 
 1.16350000e-09  1.06242662e-04 
 1.16450000e-09  1.05900830e-04 
 1.16550000e-09  1.05561152e-04 
 1.16650000e-09  1.05223611e-04 
 1.16750000e-09  1.04888186e-04 
 1.16850000e-09  1.04554857e-04 
 1.16950000e-09  1.04223604e-04 
 1.17050000e-09  1.03894410e-04 
 1.17150000e-09  1.03567255e-04 
 1.17250000e-09  1.03242120e-04 
 1.17350000e-09  1.02918987e-04 
 1.17450000e-09  1.02597839e-04 
 1.17550000e-09  1.02278655e-04 
 1.17650000e-09  1.01961420e-04 
 1.17750000e-09  1.01646116e-04 
 1.17850000e-09  1.01332724e-04 
 1.17950000e-09  1.01021229e-04 
 1.18050000e-09  1.00711613e-04 
 1.18150000e-09  1.00403859e-04 
 1.18250000e-09  1.00097951e-04 
 1.18350000e-09  9.97938727e-05 
 1.18450000e-09  9.94916078e-05 
 1.18550000e-09  9.91911402e-05 
 1.18650000e-09  9.88924546e-05 
 1.18750000e-09  9.85955347e-05 
 1.18850000e-09  9.83003655e-05 
 1.18950000e-09  9.80069314e-05 
 1.19050000e-09  9.77152178e-05 
 1.19150000e-09  9.74252092e-05 
 1.19250000e-09  9.71368915e-05 
 1.19350000e-09  9.68502495e-05 
 1.19450000e-09  9.65652694e-05 
 1.19550000e-09  9.62819365e-05 
 1.19650000e-09  9.60002373e-05 
 1.19750000e-09  9.57201572e-05 
 1.19850000e-09  9.54416831e-05 
 1.19950000e-09  9.51648008e-05 
 1.20000000e-09  9.50269525e-05 
 1.20010000e-09  2.13919252e-04 
 1.20030000e-09  4.42863363e-04 
 1.20070000e-09  8.55976023e-04 
 1.20150000e-09  1.53812240e-03 
 1.20250000e-09  2.15497652e-03 
 1.20350000e-09  2.57443221e-03 
 1.20450000e-09  2.84108312e-03 
 1.20550000e-09  3.00003630e-03 
 1.20650000e-09  3.07535276e-03 
 1.20750000e-09  3.09543137e-03 
 1.20850000e-09  3.07181740e-03 
 1.20950000e-09  3.02258739e-03 
 1.21050000e-09  2.95178291e-03 
 1.21150000e-09  2.87119169e-03 
 1.21250000e-09  2.78051754e-03 
 1.21350000e-09  2.68795195e-03 
 1.21450000e-09  2.59120966e-03 
 1.21550000e-09  2.49687109e-03 
 1.21650000e-09  2.40240953e-03 
 1.21750000e-09  2.31414720e-03 
 1.21850000e-09  2.23008216e-03 
 1.21950000e-09  2.15738598e-03 
 1.22050000e-09  2.09541805e-03 
 1.22150000e-09  2.05217915e-03 
 1.22250000e-09  2.02777008e-03 
 1.22350000e-09  2.02983444e-03 
 1.22450000e-09  2.05743846e-03 
 1.22550000e-09  2.11641925e-03 
 1.22650000e-09  2.20456052e-03 
 1.22750000e-09  2.32733844e-03 
 1.22850000e-09  2.48307035e-03 
 1.22950000e-09  2.67802114e-03 
 1.23050000e-09  2.91141408e-03 
 1.23150000e-09  3.18803982e-03 
 1.23250000e-09  3.50228622e-03 
 1.23350000e-09  3.85014687e-03 
 1.23450000e-09  4.21470811e-03 
 1.23550000e-09  4.58111300e-03 
 1.23650000e-09  4.92840134e-03 
 1.23750000e-09  5.24596405e-03 
 1.23850000e-09  5.52188974e-03 
 1.23950000e-09  5.75802621e-03 
 1.24050000e-09  5.95801495e-03 
 1.24150000e-09  6.13970180e-03 
 1.24250000e-09  6.32110185e-03 
 1.24350000e-09  6.53129850e-03 
 1.24450000e-09  6.79490671e-03 
 1.24550000e-09  7.14196682e-03 
 1.24650000e-09  7.59143808e-03 
 1.24750000e-09  8.16110614e-03 
 1.24850000e-09  8.85223636e-03 
 1.24950000e-09  9.66192352e-03 
 1.25000000e-09  1.01051467e-02 
 1.25010000e-09  1.02557625e-02 
 1.25030000e-09  1.05262582e-02 
 1.25070000e-09  1.10437836e-02 
 1.25150000e-09  1.19955361e-02 
 1.25250000e-09  1.30775561e-02 
 1.25350000e-09  1.40863655e-02 
 1.25450000e-09  1.50521934e-02 
 1.25550000e-09  1.59903323e-02 
 1.25650000e-09  1.69049227e-02 
 1.25750000e-09  1.77972397e-02 
 1.25850000e-09  1.86632702e-02 
 1.25950000e-09  1.95016003e-02 
 1.26050000e-09  2.03073116e-02 
 1.26150000e-09  2.10801889e-02 
 1.26250000e-09  2.18164748e-02 
 1.26350000e-09  2.25179663e-02 
 1.26450000e-09  2.31819502e-02 
 1.26550000e-09  2.38148654e-02 
 1.26650000e-09  2.44151030e-02 
 1.26750000e-09  2.49829540e-02 
 1.26850000e-09  2.55197933e-02 
 1.26950000e-09  2.60314139e-02 
 1.27050000e-09  2.65176278e-02 
 1.27150000e-09  2.69837533e-02 
 1.27250000e-09  2.74293321e-02 
 1.27350000e-09  2.78594837e-02 
 1.27450000e-09  2.82735388e-02 
 1.27550000e-09  2.86763653e-02 
 1.27650000e-09  2.90670469e-02 
 1.27750000e-09  2.94505014e-02 
 1.27850000e-09  2.98257000e-02 
 1.27950000e-09  3.01961608e-02 
 1.28050000e-09  3.05609764e-02 
 1.28150000e-09  3.09242309e-02 
 1.28250000e-09  3.12846052e-02 
 1.28350000e-09  3.16458367e-02 
 1.28450000e-09  3.20064458e-02 
 1.28550000e-09  3.23699349e-02 
 1.28650000e-09  3.27347380e-02 
 1.28750000e-09  3.31041673e-02 
 1.28850000e-09  3.34766119e-02 
 1.28950000e-09  3.38552232e-02 
 1.29050000e-09  3.42383763e-02 
 1.29150000e-09  3.46290859e-02 
 1.29250000e-09  3.50257376e-02 
 1.29350000e-09  3.54312306e-02 
 1.29450000e-09  3.58439817e-02 
 1.29550000e-09  3.62667931e-02 
 1.29650000e-09  3.66981303e-02 
 1.29750000e-09  3.71407150e-02 
 1.29850000e-09  3.75930764e-02 
 1.29950000e-09  3.80578713e-02 
 1.30050000e-09  3.85337052e-02 
 1.30150000e-09  3.90231841e-02 
 1.30250000e-09  3.95250019e-02 
 1.30350000e-09  4.00417274e-02 
 1.30450000e-09  4.05721532e-02 
 1.30550000e-09  4.11188245e-02 
 1.30650000e-09  4.16806433e-02 
 1.30750000e-09  4.22601443e-02 
 1.30850000e-09  4.28563494e-02 
 1.30950000e-09  4.34717970e-02 
 1.31050000e-09  4.41056397e-02 
 1.31150000e-09  4.47604345e-02 
 1.31250000e-09  4.54354768e-02 
 1.31350000e-09  4.61333580e-02 
 1.31450000e-09  4.68535294e-02 
 1.31550000e-09  4.75986349e-02 
 1.31650000e-09  4.83682970e-02 
 1.31750000e-09  4.91652315e-02 
 1.31850000e-09  4.99892499e-02 
 1.31950000e-09  5.08431626e-02 
 1.32050000e-09  5.17269905e-02 
 1.32150000e-09  5.26436645e-02 
 1.32250000e-09  5.35934393e-02 
 1.32350000e-09  5.45793962e-02 
 1.32450000e-09  5.56020529e-02 
 1.32550000e-09  5.66646759e-02 
 1.32650000e-09  5.77680805e-02 
 1.32750000e-09  5.89157599e-02 
 1.32850000e-09  6.01088685e-02 
 1.32950000e-09  6.13511752e-02 
 1.33050000e-09  6.26442234e-02 
 1.33150000e-09  6.39921162e-02 
 1.33250000e-09  6.53968469e-02 
 1.33350000e-09  6.68629224e-02 
 1.33450000e-09  6.83928598e-02 
 1.33550000e-09  6.99916541e-02 
 1.33650000e-09  7.16624354e-02 
 1.33750000e-09  7.34107887e-02 
 1.33850000e-09  7.52405656e-02 
 1.33950000e-09  7.71580630e-02 
 1.34050000e-09  7.91679849e-02 
 1.34150000e-09  8.12774848e-02 
 1.34250000e-09  8.34922716e-02 
 1.34350000e-09  8.58205209e-02 
 1.34450000e-09  8.82691149e-02 
 1.34550000e-09  9.08474212e-02 
 1.34650000e-09  9.35636509e-02 
 1.34750000e-09  9.64284900e-02 
 1.34850000e-09  9.94515409e-02 
 1.34950000e-09  1.02644766e-01 
 1.35050000e-09  1.06018938e-01 
 1.35150000e-09  1.09586813e-01 
 1.35250000e-09  1.13359464e-01 
 1.35350000e-09  1.17349061e-01 
 1.35450000e-09  1.21564993e-01 
 1.35550000e-09  1.26016251e-01 
 1.35650000e-09  1.30707529e-01 
 1.35750000e-09  1.35641632e-01 
 1.35850000e-09  1.40816158e-01 
 1.35950000e-09  1.46226549e-01 
 1.36050000e-09  1.51863666e-01 
 1.36150000e-09  1.57717378e-01 
 1.36250000e-09  1.63774572e-01 
 1.36350000e-09  1.70022677e-01 
 1.36450000e-09  1.76447597e-01 
 1.36550000e-09  1.83036857e-01 
 1.36650000e-09  1.89777342e-01 
 1.36750000e-09  1.96658089e-01 
 1.36850000e-09  2.03667901e-01 
 1.36950000e-09  2.10797880e-01 
 1.37050000e-09  2.18039012e-01 
 1.37150000e-09  2.25384506e-01 
 1.37250000e-09  2.32827399e-01 
 1.37350000e-09  2.40362766e-01 
 1.37450000e-09  2.47985369e-01 
 1.37550000e-09  2.55691769e-01 
 1.37650000e-09  2.63478056e-01 
 1.37750000e-09  2.71341882e-01 
 1.37850000e-09  2.79280282e-01 
 1.37950000e-09  2.87291640e-01 
 1.38050000e-09  2.95373613e-01 
 1.38150000e-09  3.03525033e-01 
 1.38250000e-09  3.11743923e-01 
 1.38350000e-09  3.20029346e-01 
 1.38450000e-09  3.28379507e-01 
 1.38550000e-09  3.36793540e-01 
 1.38650000e-09  3.45269692e-01 
 1.38750000e-09  3.53807054e-01 
 1.38850000e-09  3.62403818e-01 
 1.38950000e-09  3.71058946e-01 
 1.39050000e-09  3.79770501e-01 
 1.39150000e-09  3.88537256e-01 
 1.39250000e-09  3.97357096e-01 
 1.39350000e-09  4.06228571e-01 
 1.39450000e-09  4.15149363e-01 
 1.39550000e-09  4.24117782e-01 
 1.39650000e-09  4.33131307e-01 
 1.39750000e-09  4.42188020e-01 
 1.39850000e-09  4.51285215e-01 
 1.39950000e-09  4.60420779e-01 
 1.40050000e-09  4.69591865e-01 
 1.40150000e-09  4.78796214e-01 
 1.40250000e-09  4.88030897e-01 
 1.40350000e-09  4.97293580e-01 
 1.40450000e-09  5.06581322e-01 
 1.40550000e-09  5.15891795e-01 
 1.40650000e-09  5.25222129e-01 
 1.40750000e-09  5.34570081e-01 
 1.40850000e-09  5.43932936e-01 
 1.40950000e-09  5.53308617e-01 
 1.41050000e-09  5.62694637e-01 
 1.41150000e-09  5.72089157e-01 
 1.41250000e-09  5.81489973e-01 
 1.41350000e-09  5.90895533e-01 
 1.41450000e-09  6.00303958e-01 
 1.41550000e-09  6.09714006e-01 
 1.41650000e-09  6.19124135e-01 
 1.41750000e-09  6.28533408e-01 
 1.41850000e-09  6.37940595e-01 
 1.41950000e-09  6.47345025e-01 
 1.42050000e-09  6.56745718e-01 
 1.42150000e-09  6.66142184e-01 
 1.42250000e-09  6.75533585e-01 
 1.42350000e-09  6.84919481e-01 
 1.42450000e-09  6.94299035e-01 
 1.42550000e-09  7.03671719e-01 
 1.42650000e-09  7.13036560e-01 
 1.42750000e-09  7.22392837e-01 
 1.42850000e-09  7.31739383e-01 
 1.42950000e-09  7.41075274e-01 
 1.43050000e-09  7.50399185e-01 
 1.43150000e-09  7.59710075e-01 
 1.43250000e-09  7.69006581e-01 
 1.43350000e-09  7.78287688e-01 
 1.43450000e-09  7.87552155e-01 
 1.43550000e-09  7.96799149e-01 
 1.43650000e-09  8.06027702e-01 
 1.43750000e-09  8.15237302e-01 
 1.43850000e-09  8.24427367e-01 
 1.43950000e-09  8.33597800e-01 
 1.44050000e-09  8.42748468e-01 
 1.44150000e-09  8.51879724e-01 
 1.44250000e-09  8.60991894e-01 
 1.44350000e-09  8.70085766e-01 
 1.44450000e-09  8.79162083e-01 
 1.44550000e-09  8.88222003e-01 
 1.44650000e-09  8.97266605e-01 
 1.44750000e-09  9.06297321e-01 
 1.44850000e-09  9.15315446e-01 
 1.44950000e-09  9.24322553e-01 
 1.45000000e-09  9.28822342e-01 
 1.45010000e-09  9.29721941e-01 
 1.45030000e-09  9.31521068e-01 
 1.45070000e-09  9.35118310e-01 
 1.45150000e-09  9.42309166e-01 
 1.45250000e-09  9.51291758e-01 
 1.45350000e-09  9.60268863e-01 
 1.45450000e-09  9.69242016e-01 
 1.45550000e-09  9.78211605e-01 
 1.45650000e-09  9.87178208e-01 
 1.45750000e-09  9.96142146e-01 
 1.45850000e-09  1.00510346e+00 
 1.45950000e-09  1.01406175e+00 
 1.46050000e-09  1.02301627e+00 
 1.46150000e-09  1.03196581e+00 
 1.46250000e-09  1.04090877e+00 
 1.46350000e-09  1.04984304e+00 
 1.46450000e-09  1.05876616e+00 
 1.46550000e-09  1.06767522e+00 
 1.46650000e-09  1.07656700e+00 
 1.46750000e-09  1.08543787e+00 
 1.46850000e-09  1.09428400e+00 
 1.46950000e-09  1.10310125e+00 
 1.47050000e-09  1.11188537e+00 
 1.47150000e-09  1.12063196e+00 
 1.47250000e-09  1.12933661e+00 
 1.47350000e-09  1.13799491e+00 
 1.47450000e-09  1.14660257e+00 
 1.47550000e-09  1.15515542e+00 
 1.47650000e-09  1.16364953e+00 
 1.47750000e-09  1.17208120e+00 
 1.47850000e-09  1.18044705e+00 
 1.47950000e-09  1.18874403e+00 
 1.48050000e-09  1.19696944e+00 
 1.48150000e-09  1.20512081e+00 
 1.48250000e-09  1.21319611e+00 
 1.48350000e-09  1.22119358e+00 
 1.48450000e-09  1.22911181e+00 
 1.48550000e-09  1.23694964e+00 
 1.48650000e-09  1.24470619e+00 
 1.48750000e-09  1.25238079e+00 
 1.48850000e-09  1.25997298e+00 
 1.48950000e-09  1.26748249e+00 
 1.49050000e-09  1.27490920e+00 
 1.49150000e-09  1.28225310e+00 
 1.49250000e-09  1.28951434e+00 
 1.49350000e-09  1.29669312e+00 
 1.49450000e-09  1.30378975e+00 
 1.49550000e-09  1.31080460e+00 
 1.49650000e-09  1.31773808e+00 
 1.49750000e-09  1.32459066e+00 
 1.49850000e-09  1.33136285e+00 
 1.49950000e-09  1.33805516e+00 
 1.50000000e-09  1.34137154e+00 
 1.50010000e-09  1.34203207e+00 
 1.50030000e-09  1.34335151e+00 
 1.50070000e-09  1.34598093e+00 
 1.50150000e-09  1.35120206e+00 
 1.50250000e-09  1.35765807e+00 
 1.50350000e-09  1.36403639e+00 
 1.50450000e-09  1.37033756e+00 
 1.50550000e-09  1.37656216e+00 
 1.50650000e-09  1.38271070e+00 
 1.50750000e-09  1.38878376e+00 
 1.50850000e-09  1.39478184e+00 
 1.50950000e-09  1.40070552e+00 
 1.51050000e-09  1.40655531e+00 
 1.51150000e-09  1.41233179e+00 
 1.51250000e-09  1.41803548e+00 
 1.51350000e-09  1.42366698e+00 
 1.51450000e-09  1.42922684e+00 
 1.51550000e-09  1.43471567e+00 
 1.51650000e-09  1.44013403e+00 
 1.51750000e-09  1.44548256e+00 
 1.51850000e-09  1.45076182e+00 
 1.51950000e-09  1.45597247e+00 
 1.52050000e-09  1.46111510e+00 
 1.52150000e-09  1.46619036e+00 
 1.52250000e-09  1.47119885e+00 
 1.52350000e-09  1.47614124e+00 
 1.52450000e-09  1.48101814e+00 
 1.52550000e-09  1.48583020e+00 
 1.52650000e-09  1.49057804e+00 
 1.52750000e-09  1.49526233e+00 
 1.52850000e-09  1.49988369e+00 
 1.52950000e-09  1.50444276e+00 
 1.53050000e-09  1.50894018e+00 
 1.53150000e-09  1.51337659e+00 
 1.53250000e-09  1.51775261e+00 
 1.53350000e-09  1.52206890e+00 
 1.53450000e-09  1.52632607e+00 
 1.53550000e-09  1.53052476e+00 
 1.53650000e-09  1.53466559e+00 
 1.53750000e-09  1.53874919e+00 
 1.53850000e-09  1.54277617e+00 
 1.53950000e-09  1.54674716e+00 
 1.54050000e-09  1.55066277e+00 
 1.54150000e-09  1.55452362e+00 
 1.54250000e-09  1.55833030e+00 
 1.54350000e-09  1.56208343e+00 
 1.54450000e-09  1.56578361e+00 
 1.54550000e-09  1.56943144e+00 
 1.54650000e-09  1.57302751e+00 
 1.54750000e-09  1.57657242e+00 
 1.54850000e-09  1.58006675e+00 
 1.54950000e-09  1.58351109e+00 
 1.55000000e-09  1.58521468e+00 
 1.55010000e-09  1.58555368e+00 
 1.55030000e-09  1.58623069e+00 
 1.55070000e-09  1.58757885e+00 
 1.55150000e-09  1.59025183e+00 
 1.55250000e-09  1.59354968e+00 
 1.55350000e-09  1.59679984e+00 
 1.55450000e-09  1.60000288e+00 
 1.55550000e-09  1.60315937e+00 
 1.55650000e-09  1.60626985e+00 
 1.55750000e-09  1.60933490e+00 
 1.55850000e-09  1.61235506e+00 
 1.55950000e-09  1.61533088e+00 
 1.56050000e-09  1.61826291e+00 
 1.56150000e-09  1.62115168e+00 
 1.56250000e-09  1.62399774e+00 
 1.56350000e-09  1.62680161e+00 
 1.56450000e-09  1.62956383e+00 
 1.56550000e-09  1.63228491e+00 
 1.56650000e-09  1.63496539e+00 
 1.56750000e-09  1.63760579e+00 
 1.56850000e-09  1.64020660e+00 
 1.56950000e-09  1.64276835e+00 
 1.57050000e-09  1.64529153e+00 
 1.57150000e-09  1.64777665e+00 
 1.57250000e-09  1.65022421e+00 
 1.57350000e-09  1.65263469e+00 
 1.57450000e-09  1.65500859e+00 
 1.57550000e-09  1.65734640e+00 
 1.57650000e-09  1.65964858e+00 
 1.57750000e-09  1.66191562e+00 
 1.57850000e-09  1.66414799e+00 
 1.57950000e-09  1.66634615e+00 
 1.58050000e-09  1.66851057e+00 
 1.58150000e-09  1.67064171e+00 
 1.58250000e-09  1.67274002e+00 
 1.58350000e-09  1.67480595e+00 
 1.58450000e-09  1.67683995e+00 
 1.58550000e-09  1.67884245e+00 
 1.58650000e-09  1.68081390e+00 
 1.58750000e-09  1.68275472e+00 
 1.58850000e-09  1.68466535e+00 
 1.58950000e-09  1.68654621e+00 
 1.59050000e-09  1.68839771e+00 
 1.59150000e-09  1.69022027e+00 
 1.59250000e-09  1.69201430e+00 
 1.59350000e-09  1.69378021e+00 
 1.59450000e-09  1.69551840e+00 
 1.59550000e-09  1.69722926e+00 
 1.59650000e-09  1.69891319e+00 
 1.59750000e-09  1.70057057e+00 
 1.59850000e-09  1.70220179e+00 
 1.59950000e-09  1.70380723e+00 
 1.60050000e-09  1.70538726e+00 
 1.60150000e-09  1.70694225e+00 
 1.60250000e-09  1.70847258e+00 
 1.60350000e-09  1.70997859e+00 
 1.60450000e-09  1.71146065e+00 
 1.60550000e-09  1.71291911e+00 
 1.60650000e-09  1.71435433e+00 
 1.60750000e-09  1.71576664e+00 
 1.60850000e-09  1.71715638e+00 
 1.60950000e-09  1.71852390e+00 
 1.61050000e-09  1.71986951e+00 
 1.61150000e-09  1.72119356e+00 
 1.61250000e-09  1.72249637e+00 
 1.61350000e-09  1.72377825e+00 
 1.61450000e-09  1.72503952e+00 
 1.61550000e-09  1.72628049e+00 
 1.61650000e-09  1.72750147e+00 
 1.61750000e-09  1.72870277e+00 
 1.61850000e-09  1.72988467e+00 
 1.61950000e-09  1.73104748e+00 
 1.62050000e-09  1.73219149e+00 
 1.62150000e-09  1.73331699e+00 
 1.62250000e-09  1.73442426e+00 
 1.62350000e-09  1.73551358e+00 
 1.62450000e-09  1.73658522e+00 
 1.62550000e-09  1.73763947e+00 
 1.62650000e-09  1.73867658e+00 
 1.62750000e-09  1.73969682e+00 
 1.62850000e-09  1.74070046e+00 
 1.62950000e-09  1.74168776e+00 
 1.63050000e-09  1.74265895e+00 
 1.63150000e-09  1.74361431e+00 
 1.63250000e-09  1.74455407e+00 
 1.63350000e-09  1.74547848e+00 
 1.63450000e-09  1.74638777e+00 
 1.63550000e-09  1.74728220e+00 
 1.63650000e-09  1.74816198e+00 
 1.63750000e-09  1.74902735e+00 
 1.63850000e-09  1.74987853e+00 
 1.63950000e-09  1.75071576e+00 
 1.64050000e-09  1.75153924e+00 
 1.64150000e-09  1.75234920e+00 
 1.64250000e-09  1.75314585e+00 
 1.64350000e-09  1.75392941e+00 
 1.64450000e-09  1.75470007e+00 
 1.64550000e-09  1.75545805e+00 
 1.64650000e-09  1.75620355e+00 
 1.64750000e-09  1.75693676e+00 
 1.64850000e-09  1.75765788e+00 
 1.64950000e-09  1.75836711e+00 
 1.65050000e-09  1.75906463e+00 
 1.65150000e-09  1.75975064e+00 
 1.65250000e-09  1.76042531e+00 
 1.65350000e-09  1.76108882e+00 
 1.65450000e-09  1.76174137e+00 
 1.65550000e-09  1.76238312e+00 
 1.65650000e-09  1.76301424e+00 
 1.65750000e-09  1.76363491e+00 
 1.65850000e-09  1.76424530e+00 
 1.65950000e-09  1.76484558e+00 
 1.66050000e-09  1.76543589e+00 
 1.66150000e-09  1.76601642e+00 
 1.66250000e-09  1.76658731e+00 
 1.66350000e-09  1.76714872e+00 
 1.66450000e-09  1.76770080e+00 
 1.66550000e-09  1.76824371e+00 
 1.66650000e-09  1.76877760e+00 
 1.66750000e-09  1.76930261e+00 
 1.66850000e-09  1.76981888e+00 
 1.66950000e-09  1.77032656e+00 
 1.67050000e-09  1.77082579e+00 
 1.67150000e-09  1.77131670e+00 
 1.67250000e-09  1.77179944e+00 
 1.67350000e-09  1.77227413e+00 
 1.67450000e-09  1.77274091e+00 
 1.67550000e-09  1.77319990e+00 
 1.67650000e-09  1.77365123e+00 
 1.67750000e-09  1.77409504e+00 
 1.67850000e-09  1.77453143e+00 
 1.67950000e-09  1.77496054e+00 
 1.68050000e-09  1.77538248e+00 
 1.68150000e-09  1.77579737e+00 
 1.68250000e-09  1.77620532e+00 
 1.68350000e-09  1.77660646e+00 
 1.68450000e-09  1.77700088e+00 
 1.68550000e-09  1.77738871e+00 
 1.68650000e-09  1.77777005e+00 
 1.68750000e-09  1.77814501e+00 
 1.68850000e-09  1.77851369e+00 
 1.68950000e-09  1.77887619e+00 
 1.69050000e-09  1.77923263e+00 
 1.69150000e-09  1.77958309e+00 
 1.69250000e-09  1.77992768e+00 
 1.69350000e-09  1.78026649e+00 
 1.69450000e-09  1.78059962e+00 
 1.69550000e-09  1.78092716e+00 
 1.69650000e-09  1.78124922e+00 
 1.69750000e-09  1.78156586e+00 
 1.69850000e-09  1.78187720e+00 
 1.69950000e-09  1.78218330e+00 
 1.70000000e-09  1.78233442e+00 
 1.70010000e-09  1.78241492e+00 
 1.70030000e-09  1.78255178e+00 
 1.70070000e-09  1.78283992e+00 
 1.70150000e-09  1.78352556e+00 
 1.70250000e-09  1.78457280e+00 
 1.70350000e-09  1.78578068e+00 
 1.70450000e-09  1.78711746e+00 
 1.70550000e-09  1.78856284e+00 
 1.70650000e-09  1.79009296e+00 
 1.70750000e-09  1.79169506e+00 
 1.70850000e-09  1.79335139e+00 
 1.70950000e-09  1.79505479e+00 
 1.71050000e-09  1.79679219e+00 
 1.71150000e-09  1.79856017e+00 
 1.71250000e-09  1.80034914e+00 
 1.71350000e-09  1.80215855e+00 
 1.71450000e-09  1.80398156e+00 
 1.71550000e-09  1.80581974e+00 
 1.71650000e-09  1.80766736e+00 
 1.71750000e-09  1.80952344e+00 
 1.71850000e-09  1.81139219e+00 
 1.71950000e-09  1.81327851e+00 
 1.72050000e-09  1.81518251e+00 
 1.72150000e-09  1.81710974e+00 
 1.72250000e-09  1.81906058e+00 
 1.72350000e-09  1.82103934e+00 
 1.72450000e-09  1.82304462e+00 
 1.72550000e-09  1.82507772e+00 
 1.72650000e-09  1.82712427e+00 
 1.72750000e-09  1.82918352e+00 
 1.72850000e-09  1.83125365e+00 
 1.72950000e-09  1.83332914e+00 
 1.73050000e-09  1.83540119e+00 
 1.73150000e-09  1.83746275e+00 
 1.73250000e-09  1.83950489e+00 
 1.73350000e-09  1.84152116e+00 
 1.73450000e-09  1.84350442e+00 
 1.73550000e-09  1.84545047e+00 
 1.73650000e-09  1.84735532e+00 
 1.73750000e-09  1.84921826e+00 
 1.73850000e-09  1.85103961e+00 
 1.73950000e-09  1.85282307e+00 
 1.74050000e-09  1.85457380e+00 
 1.74150000e-09  1.85630045e+00 
 1.74250000e-09  1.85801360e+00 
 1.74350000e-09  1.85972803e+00 
 1.74450000e-09  1.86146248e+00 
 1.74550000e-09  1.86324144e+00 
 1.74650000e-09  1.86509422e+00 
 1.74750000e-09  1.86705198e+00 
 1.74850000e-09  1.86914046e+00 
 1.74950000e-09  1.87137615e+00 
 1.75000000e-09  1.87255408e+00 
 1.75010000e-09  1.87283155e+00 
 1.75030000e-09  1.87337604e+00 
 1.75070000e-09  1.87445888e+00 
 1.75150000e-09  1.87662278e+00 
 1.75250000e-09  1.87946436e+00 
 1.75350000e-09  1.88248839e+00 
 1.75450000e-09  1.88563727e+00 
 1.75550000e-09  1.88889890e+00 
 1.75650000e-09  1.89217187e+00 
 1.75750000e-09  1.89527623e+00 
 1.75850000e-09  1.89793607e+00 
 1.75950000e-09  1.89980860e+00 
 1.76050000e-09  1.90051001e+00 
 1.76150000e-09  1.89969254e+00 
 1.76250000e-09  1.89708039e+00 
 1.76350000e-09  1.89249645e+00 
 1.76450000e-09  1.88608775e+00 
 1.76550000e-09  1.87789254e+00 
 1.76650000e-09  1.86768607e+00 
 1.76750000e-09  1.85548043e+00 
 1.76850000e-09  1.84131398e+00 
 1.76950000e-09  1.82523769e+00 
 1.77050000e-09  1.80732035e+00 
 1.77150000e-09  1.78764013e+00 
 1.77250000e-09  1.76628469e+00 
 1.77350000e-09  1.74333064e+00 
 1.77450000e-09  1.71891464e+00 
 1.77550000e-09  1.69313703e+00 
 1.77650000e-09  1.66606899e+00 
 1.77750000e-09  1.63779838e+00 
 1.77850000e-09  1.60838588e+00 
 1.77950000e-09  1.57790217e+00 
 1.78050000e-09  1.54639116e+00 
 1.78150000e-09  1.51391007e+00 
 1.78250000e-09  1.48049011e+00 
 1.78350000e-09  1.44617319e+00 
 1.78450000e-09  1.41097573e+00 
 1.78550000e-09  1.37492277e+00 
 1.78650000e-09  1.33801392e+00 
 1.78750000e-09  1.30025606e+00 
 1.78850000e-09  1.26163288e+00 
 1.78950000e-09  1.22213918e+00 
 1.79050000e-09  1.18175827e+00 
 1.79150000e-09  1.14050327e+00 
 1.79250000e-09  1.09840195e+00 
 1.79350000e-09  1.05552744e+00 
 1.79450000e-09  1.01195260e+00 
 1.79550000e-09  9.67745274e-01 
 1.79650000e-09  9.22930155e-01 
 1.79750000e-09  8.77524540e-01 
 1.79850000e-09  8.31527227e-01 
 1.79950000e-09  7.84928721e-01 
 1.80050000e-09  7.37793953e-01 
 1.80150000e-09  6.90094155e-01 
 1.80250000e-09  6.41872376e-01 
 1.80350000e-09  5.93198597e-01 
 1.80450000e-09  5.44342976e-01 
 1.80550000e-09  4.95756980e-01 
 1.80650000e-09  4.48136606e-01 
 1.80750000e-09  4.02252203e-01 
 1.80850000e-09  3.58892423e-01 
 1.80950000e-09  3.18647315e-01 
 1.81050000e-09  2.81862466e-01 
 1.81150000e-09  2.48600198e-01 
 1.81250000e-09  2.18780450e-01 
 1.81350000e-09  1.92204703e-01 
 1.81450000e-09  1.68650031e-01 
 1.81550000e-09  1.47851158e-01 
 1.81650000e-09  1.29556762e-01 
 1.81750000e-09  1.13502689e-01 
 1.81850000e-09  9.94554326e-02 
 1.81950000e-09  8.71791996e-02 
 1.82050000e-09  7.64733717e-02 
 1.82150000e-09  6.71397649e-02 
 1.82250000e-09  5.90148462e-02 
 1.82350000e-09  5.19383551e-02 
 1.82450000e-09  4.57817094e-02 
 1.82550000e-09  4.04186038e-02 
 1.82650000e-09  3.57505199e-02 
 1.82750000e-09  3.16795715e-02 
 1.82850000e-09  2.81316976e-02 
 1.82950000e-09  2.50318136e-02 
 1.83050000e-09  2.23250402e-02 
 1.83150000e-09  1.99540902e-02 
 1.83250000e-09  1.78787565e-02 
 1.83350000e-09  1.60553969e-02 
 1.83450000e-09  1.44548310e-02 
 1.83550000e-09  1.30437623e-02 
 1.83650000e-09  1.18011933e-02 
 1.83750000e-09  1.07016223e-02 
 1.83850000e-09  9.73007222e-03 
 1.83950000e-09  8.86538913e-03 
 1.84050000e-09  8.09924128e-03 
 1.84150000e-09  7.41624623e-03 
 1.84250000e-09  6.80876559e-03 
 1.84350000e-09  6.26472350e-03 
 1.84450000e-09  5.77888541e-03 
 1.84550000e-09  5.34179952e-03 
 1.84650000e-09  4.94993393e-03 
 1.84750000e-09  4.59581424e-03 
 1.84850000e-09  4.27710904e-03 
 1.84950000e-09  3.98784941e-03 
 1.85050000e-09  3.72654475e-03 
 1.85150000e-09  3.48838544e-03 
 1.85250000e-09  3.27246393e-03 
 1.85350000e-09  3.07487426e-03 
 1.85450000e-09  2.89510709e-03 
 1.85550000e-09  2.72996993e-03 
 1.85650000e-09  2.57921903e-03 
 1.85750000e-09  2.44023264e-03 
 1.85850000e-09  2.31293753e-03 
 1.85950000e-09  2.19517460e-03 
 1.86050000e-09  2.08697303e-03 
 1.86150000e-09  1.98655367e-03 
 1.86250000e-09  1.89399953e-03 
 1.86350000e-09  1.80784739e-03 
 1.86450000e-09  1.72819967e-03 
 1.86550000e-09  1.65385901e-03 
 1.86650000e-09  1.58492301e-03 
 1.86750000e-09  1.52042051e-03 
 1.86850000e-09  1.46042757e-03 
 1.86950000e-09  1.40416744e-03 
 1.87050000e-09  1.35168331e-03 
 1.87150000e-09  1.30236703e-03 
 1.87250000e-09  1.25622162e-03 
 1.87350000e-09  1.21278631e-03 
 1.87450000e-09  1.17201949e-03 
 1.87550000e-09  1.13359013e-03 
 1.87650000e-09  1.09740965e-03 
 1.87750000e-09  1.06326193e-03 
 1.87850000e-09  1.03101061e-03 
 1.87950000e-09  1.00054180e-03 
 1.88050000e-09  9.71671671e-04 
 1.88150000e-09  9.44377729e-04 
 1.88250000e-09  9.18429685e-04 
 1.88350000e-09  8.93887030e-04 
 1.88450000e-09  8.70474632e-04 
 1.88550000e-09  8.48325694e-04 
 1.88650000e-09  8.27122218e-04 
 1.88750000e-09  8.07063824e-04 
 1.88850000e-09  7.87791868e-04 
 1.88950000e-09  7.69565903e-04 
 1.89050000e-09  7.51988995e-04 
 1.89150000e-09  7.35374827e-04 
 1.89250000e-09  7.19290612e-04 
 1.89350000e-09  7.04098940e-04 
 1.89450000e-09  6.89333625e-04 
 1.89550000e-09  6.75401443e-04 
 1.89650000e-09  6.61805244e-04 
 1.89750000e-09  6.48991702e-04 
 1.89850000e-09  6.36435098e-04 
 1.89950000e-09  6.24618094e-04 
 1.90050000e-09  6.12988725e-04 
 1.90150000e-09  6.02062071e-04 
 1.90250000e-09  5.91262282e-04 
 1.90350000e-09  5.81134041e-04 
 1.90450000e-09  5.71078186e-04 
 1.90550000e-09  5.61666222e-04 
 1.90650000e-09  5.52279562e-04 
 1.90750000e-09  5.43513087e-04 
 1.90850000e-09  5.34730299e-04 
 1.90950000e-09  5.26546912e-04 
 1.91050000e-09  5.18310426e-04 
 1.91150000e-09  5.10655028e-04 
 1.91250000e-09  5.02914011e-04 
 1.91350000e-09  4.95737858e-04 
 1.91450000e-09  4.88447338e-04 
 1.91550000e-09  4.81707213e-04 
 1.91650000e-09  4.74827315e-04 
 1.91750000e-09  4.68484820e-04 
 1.91850000e-09  4.61980112e-04 
 1.91950000e-09  4.56001054e-04 
 1.92050000e-09  4.49839980e-04 
 1.92150000e-09  4.44193844e-04 
 1.92250000e-09  4.38348237e-04 
 1.92350000e-09  4.33007731e-04 
 1.92450000e-09  4.27452396e-04 
 1.92550000e-09  4.22393056e-04 
 1.92650000e-09  4.17105405e-04 
 1.92750000e-09  4.12305257e-04 
 1.92850000e-09  4.07264995e-04 
 1.92950000e-09  4.02704261e-04 
 1.93050000e-09  3.97893115e-04 
 1.93150000e-09  3.93553953e-04 
 1.93250000e-09  3.88955438e-04 
 1.93350000e-09  3.84821724e-04 
 1.93450000e-09  3.80420933e-04 
 1.93550000e-09  3.76478066e-04 
 1.93650000e-09  3.72261495e-04 
 1.93750000e-09  3.68496224e-04 
 1.93850000e-09  3.64451613e-04 
 1.93950000e-09  3.60851893e-04 
 1.94050000e-09  3.56968089e-04 
 1.94150000e-09  3.53522949e-04 
 1.94250000e-09  3.49789787e-04 
 1.94350000e-09  3.46489215e-04 
 1.94450000e-09  3.42897412e-04 
 1.94550000e-09  3.39732254e-04 
 1.94650000e-09  3.36273316e-04 
 1.94750000e-09  3.33235190e-04 
 1.94850000e-09  3.29901329e-04 
 1.94950000e-09  3.26982544e-04 
 1.95000000e-09  3.25279309e-04 
 1.95010000e-09  3.25063130e-04 
 1.95030000e-09  3.24459477e-04 
 1.95070000e-09  3.23253268e-04 
 1.95150000e-09  3.20873354e-04 
 1.95250000e-09  3.17942545e-04 
 1.95350000e-09  3.15068650e-04 
 1.95450000e-09  3.12241777e-04 
 1.95550000e-09  3.09469027e-04 
 1.95650000e-09  3.06740413e-04 
 1.95750000e-09  3.04063334e-04 
 1.95850000e-09  3.01427729e-04 
 1.95950000e-09  2.98841257e-04 
 1.96050000e-09  2.96293797e-04 
 1.96150000e-09  2.93793237e-04 
 1.96250000e-09  2.91329410e-04 
 1.96350000e-09  2.88910401e-04 
 1.96450000e-09  2.86526015e-04 
 1.96550000e-09  2.84184503e-04 
 1.96650000e-09  2.81875656e-04 
 1.96750000e-09  2.79607865e-04 
 1.96850000e-09  2.77370920e-04 
 1.96950000e-09  2.75173328e-04 
 1.97050000e-09  2.73004890e-04 
 1.97150000e-09  2.70874207e-04 
 1.97250000e-09  2.68771104e-04 
 1.97350000e-09  2.66704253e-04 
 1.97450000e-09  2.64663515e-04 
 1.97550000e-09  2.62657615e-04 
 1.97650000e-09  2.60676458e-04 
 1.97750000e-09  2.58728805e-04 
 1.97850000e-09  2.56804618e-04 
 1.97950000e-09  2.54912675e-04 
 1.98050000e-09  2.53043002e-04 
 1.98150000e-09  2.51204384e-04 
 1.98250000e-09  2.49386917e-04 
 1.98350000e-09  2.47599377e-04 
 1.98450000e-09  2.45831940e-04 
 1.98550000e-09  2.44093362e-04 
 1.98650000e-09  2.42373905e-04 
 1.98750000e-09  2.40682292e-04 
 1.98850000e-09  2.39008879e-04 
 1.98950000e-09  2.37362345e-04 
 1.99050000e-09  2.35733147e-04 
 1.99150000e-09  2.34129911e-04 
 1.99250000e-09  2.32543198e-04 
 1.99350000e-09  2.30981575e-04 
 1.99450000e-09  2.29435709e-04 
 1.99550000e-09  2.27914101e-04 
 1.99650000e-09  2.26407531e-04 
 1.99750000e-09  2.24924422e-04 
 1.99850000e-09  2.23455676e-04 
 1.99950000e-09  2.22009631e-04 
 2.00000000e-09  2.21290176e-04 
