 0.00000000e+00  2.66845816e-02 
 1.00000000e-14  2.66845816e-02 
 2.00000000e-14  2.66845816e-02 
 4.00000000e-14  2.66845816e-02 
 8.00000000e-14  2.66845816e-02 
 1.60000000e-13  2.66845816e-02 
 3.20000000e-13  2.66845816e-02 
 6.40000000e-13  2.66845816e-02 
 1.28000000e-12  2.66845816e-02 
 2.28000000e-12  2.66845816e-02 
 3.28000000e-12  2.66845816e-02 
 4.28000000e-12  2.66845816e-02 
 5.28000000e-12  2.66845816e-02 
 6.28000000e-12  2.66845816e-02 
 7.28000000e-12  2.66845816e-02 
 8.28000000e-12  2.66845816e-02 
 9.28000000e-12  2.66845816e-02 
 1.02800000e-11  2.66845816e-02 
 1.12800000e-11  2.66845816e-02 
 1.22800000e-11  2.66845816e-02 
 1.32800000e-11  2.66845816e-02 
 1.42800000e-11  2.66845816e-02 
 1.52800000e-11  2.66845816e-02 
 1.62800000e-11  2.66845816e-02 
 1.72800000e-11  2.66845816e-02 
 1.82800000e-11  2.66845816e-02 
 1.92800000e-11  2.66845816e-02 
 2.02800000e-11  2.66845816e-02 
 2.12800000e-11  2.66845816e-02 
 2.22800000e-11  2.66845816e-02 
 2.32800000e-11  2.66845816e-02 
 2.42800000e-11  2.66845816e-02 
 2.52800000e-11  2.66845816e-02 
 2.62800000e-11  2.66845816e-02 
 2.72800000e-11  2.66845816e-02 
 2.82800000e-11  2.66845816e-02 
 2.92800000e-11  2.66845816e-02 
 3.02800000e-11  2.66845816e-02 
 3.12800000e-11  2.66845816e-02 
 3.22800000e-11  2.66845816e-02 
 3.32800000e-11  2.66845816e-02 
 3.42800000e-11  2.66845816e-02 
 3.52800000e-11  2.66845816e-02 
 3.62800000e-11  2.66845816e-02 
 3.72800000e-11  2.66845816e-02 
 3.82800000e-11  2.66845816e-02 
 3.92800000e-11  2.66845816e-02 
 4.02800000e-11  2.66845816e-02 
 4.12800000e-11  2.66845816e-02 
 4.22800000e-11  2.66845816e-02 
 4.32800000e-11  2.66845816e-02 
 4.42800000e-11  2.66845816e-02 
 4.52800000e-11  2.66845816e-02 
 4.62800000e-11  2.66845816e-02 
 4.72800000e-11  2.66845816e-02 
 4.82800000e-11  2.66845816e-02 
 4.92800000e-11  2.66845816e-02 
 5.00000000e-11  2.66845816e-02 
 5.01000000e-11  2.66845816e-02 
 5.03000000e-11  2.66845816e-02 
 5.07000000e-11  2.66845816e-02 
 5.15000000e-11  2.66845816e-02 
 5.25000000e-11  2.66845816e-02 
 5.35000000e-11  2.66845816e-02 
 5.45000000e-11  2.66845816e-02 
 5.55000000e-11  2.66845816e-02 
 5.65000000e-11  2.66845816e-02 
 5.75000000e-11  2.66845816e-02 
 5.85000000e-11  2.66845816e-02 
 5.95000000e-11  2.66845816e-02 
 6.05000000e-11  2.66845816e-02 
 6.15000000e-11  2.66845816e-02 
 6.25000000e-11  2.66845816e-02 
 6.35000000e-11  2.66845816e-02 
 6.45000000e-11  2.66845816e-02 
 6.55000000e-11  2.66845816e-02 
 6.65000000e-11  2.66845816e-02 
 6.75000000e-11  2.66845816e-02 
 6.85000000e-11  2.66845816e-02 
 6.95000000e-11  2.66845816e-02 
 7.05000000e-11  2.66845816e-02 
 7.15000000e-11  2.66845816e-02 
 7.25000000e-11  2.66845816e-02 
 7.35000000e-11  2.66845816e-02 
 7.45000000e-11  2.66845816e-02 
 7.55000000e-11  2.66845816e-02 
 7.65000000e-11  2.66845816e-02 
 7.75000000e-11  2.66845816e-02 
 7.85000000e-11  2.66845816e-02 
 7.95000000e-11  2.66845816e-02 
 8.05000000e-11  2.66845816e-02 
 8.15000000e-11  2.66845816e-02 
 8.25000000e-11  2.66845816e-02 
 8.35000000e-11  2.66845816e-02 
 8.45000000e-11  2.66845816e-02 
 8.55000000e-11  2.66845816e-02 
 8.65000000e-11  2.66845816e-02 
 8.75000000e-11  2.66845816e-02 
 8.85000000e-11  2.66845816e-02 
 8.95000000e-11  2.66845816e-02 
 9.05000000e-11  2.66845816e-02 
 9.15000000e-11  2.66845816e-02 
 9.25000000e-11  2.66845816e-02 
 9.35000000e-11  2.66845816e-02 
 9.45000000e-11  2.66845816e-02 
 9.55000000e-11  2.66845816e-02 
 9.65000000e-11  2.66845816e-02 
 9.75000000e-11  2.66845816e-02 
 9.85000000e-11  2.66845816e-02 
 9.95000000e-11  2.66845816e-02 
 1.00500000e-10  2.66845816e-02 
 1.01500000e-10  2.66845816e-02 
 1.02500000e-10  2.66845816e-02 
 1.03500000e-10  2.66845816e-02 
 1.04500000e-10  2.66845816e-02 
 1.05500000e-10  2.66845816e-02 
 1.06500000e-10  2.66845816e-02 
 1.07500000e-10  2.66845816e-02 
 1.08500000e-10  2.66845816e-02 
 1.09500000e-10  2.66845816e-02 
 1.10500000e-10  2.66845816e-02 
 1.11500000e-10  2.66845816e-02 
 1.12500000e-10  2.66845816e-02 
 1.13500000e-10  2.66845816e-02 
 1.14500000e-10  2.66845816e-02 
 1.15500000e-10  2.66845816e-02 
 1.16500000e-10  2.66845816e-02 
 1.17500000e-10  2.66845816e-02 
 1.18500000e-10  2.66845816e-02 
 1.19500000e-10  2.66845816e-02 
 1.20500000e-10  2.66845816e-02 
 1.21500000e-10  2.66845816e-02 
 1.22500000e-10  2.66845816e-02 
 1.23500000e-10  2.66845816e-02 
 1.24500000e-10  2.66845816e-02 
 1.25500000e-10  2.66845816e-02 
 1.26500000e-10  2.66845816e-02 
 1.27500000e-10  2.66845816e-02 
 1.28500000e-10  2.66845816e-02 
 1.29500000e-10  2.66845816e-02 
 1.30500000e-10  2.66845816e-02 
 1.31500000e-10  2.66845816e-02 
 1.32500000e-10  2.66845816e-02 
 1.33500000e-10  2.66845816e-02 
 1.34500000e-10  2.66845816e-02 
 1.35500000e-10  2.66845816e-02 
 1.36500000e-10  2.66845816e-02 
 1.37500000e-10  2.66845816e-02 
 1.38500000e-10  2.66845816e-02 
 1.39500000e-10  2.66845816e-02 
 1.40500000e-10  2.66845816e-02 
 1.41500000e-10  2.66845816e-02 
 1.42500000e-10  2.66845816e-02 
 1.43500000e-10  2.66845816e-02 
 1.44500000e-10  2.66845816e-02 
 1.45500000e-10  2.66845816e-02 
 1.46500000e-10  2.66845816e-02 
 1.47500000e-10  2.66845816e-02 
 1.48500000e-10  2.66845816e-02 
 1.49500000e-10  2.66845816e-02 
 1.50500000e-10  2.66845816e-02 
 1.51500000e-10  2.66845816e-02 
 1.52500000e-10  2.66845816e-02 
 1.53500000e-10  2.66845816e-02 
 1.54500000e-10  2.66845816e-02 
 1.55500000e-10  2.66845816e-02 
 1.56500000e-10  2.66845816e-02 
 1.57500000e-10  2.66845816e-02 
 1.58500000e-10  2.66845816e-02 
 1.59500000e-10  2.66845816e-02 
 1.60500000e-10  2.66845816e-02 
 1.61500000e-10  2.66845816e-02 
 1.62500000e-10  2.66845816e-02 
 1.63500000e-10  2.66845816e-02 
 1.64500000e-10  2.66845816e-02 
 1.65500000e-10  2.66845816e-02 
 1.66500000e-10  2.66845816e-02 
 1.67500000e-10  2.66845816e-02 
 1.68500000e-10  2.66845816e-02 
 1.69500000e-10  2.66845816e-02 
 1.70500000e-10  2.66845816e-02 
 1.71500000e-10  2.66845816e-02 
 1.72500000e-10  2.66845816e-02 
 1.73500000e-10  2.66845816e-02 
 1.74500000e-10  2.66845816e-02 
 1.75500000e-10  2.66845816e-02 
 1.76500000e-10  2.66845816e-02 
 1.77500000e-10  2.66845816e-02 
 1.78500000e-10  2.66845816e-02 
 1.79500000e-10  2.66845816e-02 
 1.80500000e-10  2.66845816e-02 
 1.81500000e-10  2.66845816e-02 
 1.82500000e-10  2.66845816e-02 
 1.83500000e-10  2.66845816e-02 
 1.84500000e-10  2.66845816e-02 
 1.85500000e-10  2.66845816e-02 
 1.86500000e-10  2.66845816e-02 
 1.87500000e-10  2.66845816e-02 
 1.88500000e-10  2.66845816e-02 
 1.89500000e-10  2.66845816e-02 
 1.90500000e-10  2.66845816e-02 
 1.91500000e-10  2.66845816e-02 
 1.92500000e-10  2.66845816e-02 
 1.93500000e-10  2.66845816e-02 
 1.94500000e-10  2.66845816e-02 
 1.95500000e-10  2.66845816e-02 
 1.96500000e-10  2.66845816e-02 
 1.97500000e-10  2.66845816e-02 
 1.98500000e-10  2.66845816e-02 
 1.99500000e-10  2.66845816e-02 
 2.00000000e-10  2.66845816e-02 
 2.00100000e-10  2.72167781e-02 
 2.00300000e-10  2.78672455e-02 
 2.00700000e-10  2.85770193e-02 
 2.01500000e-10  2.96178667e-02 
 2.02500000e-10  3.01794048e-02 
 2.03500000e-10  3.03775675e-02 
 2.04500000e-10  3.02831483e-02 
 2.05500000e-10  3.01224149e-02 
 2.06500000e-10  2.98667340e-02 
 2.07500000e-10  2.96365506e-02 
 2.08500000e-10  2.93799099e-02 
 2.09500000e-10  2.91705364e-02 
 2.10500000e-10  2.89574621e-02 
 2.11500000e-10  2.87912250e-02 
 2.12500000e-10  2.86279847e-02 
 2.13500000e-10  2.85048956e-02 
 2.14500000e-10  2.83860720e-02 
 2.15500000e-10  2.82999548e-02 
 2.16500000e-10  2.82172292e-02 
 2.17500000e-10  2.81601168e-02 
 2.18500000e-10  2.81044449e-02 
 2.19500000e-10  2.80676492e-02 
 2.20500000e-10  2.80294359e-02 
 2.21500000e-10  2.80034357e-02 
 2.22500000e-10  2.79723952e-02 
 2.23500000e-10  2.79472091e-02 
 2.24500000e-10  2.79136675e-02 
 2.25500000e-10  2.78816153e-02 
 2.26500000e-10  2.78405141e-02 
 2.27500000e-10  2.77996993e-02 
 2.28500000e-10  2.77495777e-02 
 2.29500000e-10  2.76947406e-02 
 2.30500000e-10  2.76229021e-02 
 2.31500000e-10  2.75362070e-02 
 2.32500000e-10  2.74262428e-02 
 2.33500000e-10  2.73000207e-02 
 2.34500000e-10  2.71568398e-02 
 2.35500000e-10  2.70098349e-02 
 2.36500000e-10  2.68647452e-02 
 2.37500000e-10  2.67372889e-02 
 2.38500000e-10  2.66313412e-02 
 2.39500000e-10  2.65500794e-02 
 2.40500000e-10  2.64779905e-02 
 2.41500000e-10  2.64005206e-02 
 2.42500000e-10  2.62936889e-02 
 2.43500000e-10  2.61385571e-02 
 2.44500000e-10  2.59114000e-02 
 2.45500000e-10  2.55998562e-02 
 2.46500000e-10  2.51987149e-02 
 2.47500000e-10  2.47247456e-02 
 2.48500000e-10  2.42035780e-02 
 2.49500000e-10  2.36720026e-02 
 2.50000000e-10  2.34108441e-02 
 2.50100000e-10  2.32511237e-02 
 2.50300000e-10  2.29963174e-02 
 2.50700000e-10  2.26970985e-02 
 2.51500000e-10  2.22123801e-02 
 2.52500000e-10  2.16682466e-02 
 2.53500000e-10  2.12216365e-02 
 2.54500000e-10  2.08593003e-02 
 2.55500000e-10  2.05897750e-02 
 2.56500000e-10  2.03871126e-02 
 2.57500000e-10  2.02523507e-02 
 2.58500000e-10  2.01611280e-02 
 2.59500000e-10  2.01141772e-02 
 2.60500000e-10  2.00927723e-02 
 2.61500000e-10  2.00989241e-02 
 2.62500000e-10  2.01192071e-02 
 2.63500000e-10  2.01565179e-02 
 2.64500000e-10  2.02014201e-02 
 2.65500000e-10  2.02570707e-02 
 2.66500000e-10  2.03168038e-02 
 2.67500000e-10  2.03836149e-02 
 2.68500000e-10  2.04527312e-02 
 2.69500000e-10  2.05267859e-02 
 2.70500000e-10  2.06023068e-02 
 2.71500000e-10  2.06815069e-02 
 2.72500000e-10  2.07618227e-02 
 2.73500000e-10  2.08450632e-02 
 2.74500000e-10  2.09293359e-02 
 2.75500000e-10  2.10160582e-02 
 2.76500000e-10  2.11037671e-02 
 2.77500000e-10  2.11936290e-02 
 2.78500000e-10  2.12845092e-02 
 2.79500000e-10  2.13772793e-02 
 2.80500000e-10  2.14709344e-02 
 2.81500000e-10  2.15657816e-02 
 2.82500000e-10  2.16677919e-02 
 2.83500000e-10  2.17672349e-02 
 2.84500000e-10  2.18685703e-02 
 2.85500000e-10  2.19697051e-02 
 2.86500000e-10  2.20739425e-02 
 2.87500000e-10  2.21788725e-02 
 2.88500000e-10  2.22868089e-02 
 2.89500000e-10  2.23957544e-02 
 2.90500000e-10  2.25074967e-02 
 2.91500000e-10  2.26204541e-02 
 2.92500000e-10  2.27360532e-02 
 2.93500000e-10  2.28530446e-02 
 2.94500000e-10  2.29725869e-02 
 2.95500000e-10  2.30936853e-02 
 2.96500000e-10  2.32172937e-02 
 2.97500000e-10  2.33426120e-02 
 2.98500000e-10  2.34704364e-02 
 2.99500000e-10  2.36001162e-02 
 3.00500000e-10  2.37323238e-02 
 3.01500000e-10  2.38665226e-02 
 3.02500000e-10  2.40032824e-02 
 3.03500000e-10  2.41425132e-02 
 3.04500000e-10  2.42843483e-02 
 3.05500000e-10  2.44280196e-02 
 3.06500000e-10  2.45745216e-02 
 3.07500000e-10  2.47233185e-02 
 3.08500000e-10  2.48751363e-02 
 3.09500000e-10  2.50294178e-02 
 3.10500000e-10  2.51867949e-02 
 3.11500000e-10  2.53467773e-02 
 3.12500000e-10  2.55099342e-02 
 3.13500000e-10  2.56758523e-02 
 3.14500000e-10  2.58450456e-02 
 3.15500000e-10  2.60171709e-02 
 3.16500000e-10  2.61926932e-02 
 3.17500000e-10  2.63713297e-02 
 3.18500000e-10  2.65535032e-02 
 3.19500000e-10  2.67389823e-02 
 3.20500000e-10  2.69281553e-02 
 3.21500000e-10  2.71208348e-02 
 3.22500000e-10  2.73173813e-02 
 3.23500000e-10  2.75176456e-02 
 3.24500000e-10  2.77219664e-02 
 3.25500000e-10  2.79302281e-02 
 3.26500000e-10  2.81427529e-02 
 3.27500000e-10  2.83594553e-02 
 3.28500000e-10  2.85806456e-02 
 3.29500000e-10  2.88062656e-02 
 3.30500000e-10  2.90366178e-02 
 3.31500000e-10  2.92716692e-02 
 3.32500000e-10  2.95117180e-02 
 3.33500000e-10  2.97567551e-02 
 3.34500000e-10  3.00070776e-02 
 3.35500000e-10  3.02626996e-02 
 3.36500000e-10  3.05239197e-02 
 3.37500000e-10  3.07907749e-02 
 3.38500000e-10  3.10635684e-02 
 3.39500000e-10  3.13423599e-02 
 3.40500000e-10  3.16274598e-02 
 3.41500000e-10  3.19189511e-02 
 3.42500000e-10  3.22171540e-02 
 3.43500000e-10  3.25221757e-02 
 3.44500000e-10  3.28343490e-02 
 3.45500000e-10  3.31538066e-02 
 3.46500000e-10  3.34808967e-02 
 3.47500000e-10  3.38157789e-02 
 3.48500000e-10  3.41588201e-02 
 3.49500000e-10  3.45102091e-02 
 3.50500000e-10  3.48703345e-02 
 3.51500000e-10  3.52394168e-02 
 3.52500000e-10  3.56178703e-02 
 3.53500000e-10  3.60059502e-02 
 3.54500000e-10  3.64041003e-02 
 3.55500000e-10  3.68126143e-02 
 3.56500000e-10  3.72319704e-02 
 3.57500000e-10  3.76625049e-02 
 3.58500000e-10  3.81047358e-02 
 3.59500000e-10  3.85590471e-02 
 3.60500000e-10  3.90260024e-02 
 3.61500000e-10  3.95060397e-02 
 3.62500000e-10  3.99997753e-02 
 3.63500000e-10  4.05077081e-02 
 3.64500000e-10  4.10305152e-02 
 3.65500000e-10  4.15687651e-02 
 3.66500000e-10  4.21232048e-02 
 3.67500000e-10  4.26944823e-02 
 3.68500000e-10  4.32834262e-02 
 3.69500000e-10  4.38907754e-02 
 3.70500000e-10  4.45174533e-02 
 3.71500000e-10  4.51643030e-02 
 3.72500000e-10  4.58323580e-02 
 3.73500000e-10  4.65225841e-02 
 3.74500000e-10  4.72361424e-02 
 3.75500000e-10  4.79741408e-02 
 3.76500000e-10  4.87378901e-02 
 3.77500000e-10  4.95286641e-02 
 3.78500000e-10  5.03479500e-02 
 3.79500000e-10  5.11972158e-02 
 3.80500000e-10  5.20781569e-02 
 3.81500000e-10  5.29924702e-02 
 3.82500000e-10  5.39420979e-02 
 3.83500000e-10  5.49290076e-02 
 3.84500000e-10  5.59554350e-02 
 3.85500000e-10  5.70236702e-02 
 3.86500000e-10  5.81362991e-02 
 3.87500000e-10  5.92959974e-02 
 3.88500000e-10  6.05057718e-02 
 3.89500000e-10  6.17687615e-02 
 3.90500000e-10  6.30884810e-02 
 3.91500000e-10  6.44686303e-02 
 3.92500000e-10  6.59133407e-02 
 3.93500000e-10  6.74269949e-02 
 3.94500000e-10  6.90144782e-02 
 3.95500000e-10  7.06810110e-02 
 3.96500000e-10  7.24324073e-02 
 3.97500000e-10  7.42749231e-02 
 3.98500000e-10  7.62155265e-02 
 3.99500000e-10  7.82617651e-02 
 4.00500000e-10  8.04220539e-02 
 4.01500000e-10  8.27055668e-02 
 4.02500000e-10  8.51225491e-02 
 4.03500000e-10  8.76842407e-02 
 4.04500000e-10  9.04032198e-02 
 4.05500000e-10  9.32933658e-02 
 4.06500000e-10  9.63702400e-02 
 4.07500000e-10  9.96510880e-02 
 4.08500000e-10  1.03155249e-01 
 4.09500000e-10  1.06904176e-01 
 4.10500000e-10  1.10921822e-01 
 4.11500000e-10  1.15234578e-01 
 4.12500000e-10  1.19871485e-01 
 4.13500000e-10  1.24863858e-01 
 4.14500000e-10  1.30244996e-01 
 4.15500000e-10  1.36049128e-01 
 4.16500000e-10  1.42310325e-01 
 4.17500000e-10  1.49060666e-01 
 4.18500000e-10  1.56328624e-01 
 4.19500000e-10  1.64137232e-01 
 4.20500000e-10  1.72503113e-01 
 4.21500000e-10  1.81435878e-01 
 4.22500000e-10  1.90938667e-01 
 4.23500000e-10  2.01008929e-01 
 4.24500000e-10  2.11639869e-01 
 4.25500000e-10  2.22821539e-01 
 4.26500000e-10  2.34542093e-01 
 4.27500000e-10  2.46788425e-01 
 4.28500000e-10  2.59546875e-01 
 4.29500000e-10  2.72803378e-01 
 4.30500000e-10  2.86543923e-01 
 4.31500000e-10  3.00754402e-01 
 4.32500000e-10  3.15420897e-01 
 4.33500000e-10  3.30529456e-01 
 4.34500000e-10  3.46066301e-01 
 4.35500000e-10  3.62017574e-01 
 4.36500000e-10  3.78369493e-01 
 4.37500000e-10  3.95108092e-01 
 4.38500000e-10  4.12219361e-01 
 4.39500000e-10  4.29689001e-01 
 4.40500000e-10  4.47502592e-01 
 4.41500000e-10  4.65645423e-01 
 4.42500000e-10  4.84102746e-01 
 4.43500000e-10  5.02859727e-01 
 4.44500000e-10  5.21901818e-01 
 4.45500000e-10  5.41214814e-01 
 4.46500000e-10  5.60785265e-01 
 4.47500000e-10  5.80600527e-01 
 4.48500000e-10  6.00649092e-01 
 4.49500000e-10  6.20920508e-01 
 4.50000000e-10  6.31137568e-01 
 4.50100000e-10  6.33188028e-01 
 4.50300000e-10  6.37293754e-01 
 4.50700000e-10  6.45529921e-01 
 4.51500000e-10  6.62098929e-01 
 4.52500000e-10  6.82987510e-01 
 4.53500000e-10  7.04067481e-01 
 4.54500000e-10  7.25332477e-01 
 4.55500000e-10  7.46775862e-01 
 4.56500000e-10  7.68390359e-01 
 4.57500000e-10  7.90167248e-01 
 4.58500000e-10  8.12095885e-01 
 4.59500000e-10  8.34162819e-01 
 4.60500000e-10  8.56351314e-01 
 4.61500000e-10  8.78640565e-01 
 4.62500000e-10  9.01005357e-01 
 4.63500000e-10  9.23415457e-01 
 4.64500000e-10  9.45835391e-01 
 4.65500000e-10  9.68223948e-01 
 4.66500000e-10  9.90534041e-01 
 4.67500000e-10  1.01271247e+00 
 4.68500000e-10  1.03470037e+00 
 4.69500000e-10  1.05643417e+00 
 4.70500000e-10  1.07784751e+00 
 4.71500000e-10  1.09887381e+00 
 4.72500000e-10  1.11944972e+00 
 4.73500000e-10  1.13951860e+00 
 4.74500000e-10  1.15903392e+00 
 4.75500000e-10  1.17796169e+00 
 4.76500000e-10  1.19628181e+00 
 4.77500000e-10  1.21398696e+00 
 4.78500000e-10  1.23108103e+00 
 4.79500000e-10  1.24757670e+00 
 4.80500000e-10  1.26349278e+00 
 4.81500000e-10  1.27885172e+00 
 4.82500000e-10  1.29367786e+00 
 4.83500000e-10  1.30799601e+00 
 4.84500000e-10  1.32183067e+00 
 4.85500000e-10  1.33520538e+00 
 4.86500000e-10  1.34814250e+00 
 4.87500000e-10  1.36066297e+00 
 4.88500000e-10  1.37278642e+00 
 4.89500000e-10  1.38453105e+00 
 4.90500000e-10  1.39591379e+00 
 4.91500000e-10  1.40695034e+00 
 4.92500000e-10  1.41765529e+00 
 4.93500000e-10  1.42804219e+00 
 4.94500000e-10  1.43812367e+00 
 4.95500000e-10  1.44791147e+00 
 4.96500000e-10  1.45741660e+00 
 4.97500000e-10  1.46664935e+00 
 4.98500000e-10  1.47561940e+00 
 4.99500000e-10  1.48433583e+00 
 5.00000000e-10  1.48860145e+00 
 5.00100000e-10  1.48944615e+00 
 5.00300000e-10  1.49113070e+00 
 5.00700000e-10  1.49447124e+00 
 5.01500000e-10  1.50104010e+00 
 5.02500000e-10  1.50904555e+00 
 5.03500000e-10  1.51682912e+00 
 5.04500000e-10  1.52439781e+00 
 5.05500000e-10  1.53175831e+00 
 5.06500000e-10  1.53891702e+00 
 5.07500000e-10  1.54588010e+00 
 5.08500000e-10  1.55265348e+00 
 5.09500000e-10  1.55924290e+00 
 5.10500000e-10  1.56565387e+00 
 5.11500000e-10  1.57189177e+00 
 5.12500000e-10  1.57796178e+00 
 5.13500000e-10  1.58386895e+00 
 5.14500000e-10  1.58961817e+00 
 5.15500000e-10  1.59521417e+00 
 5.16500000e-10  1.60066157e+00 
 5.17500000e-10  1.60596481e+00 
 5.18500000e-10  1.61112819e+00 
 5.19500000e-10  1.61615586e+00 
 5.20500000e-10  1.62105179e+00 
 5.21500000e-10  1.62581980e+00 
 5.22500000e-10  1.63046355e+00 
 5.23500000e-10  1.63498652e+00 
 5.24500000e-10  1.63939202e+00 
 5.25500000e-10  1.64368324e+00 
 5.26500000e-10  1.64786319e+00 
 5.27500000e-10  1.65193478e+00 
 5.28500000e-10  1.65590076e+00 
 5.29500000e-10  1.65976379e+00 
 5.30500000e-10  1.66352644e+00 
 5.31500000e-10  1.66719118e+00 
 5.32500000e-10  1.67076040e+00 
 5.33500000e-10  1.67423644e+00 
 5.34500000e-10  1.67762155e+00 
 5.35500000e-10  1.68091796e+00 
 5.36500000e-10  1.68412782e+00 
 5.37500000e-10  1.68725324e+00 
 5.38500000e-10  1.69029629e+00 
 5.39500000e-10  1.69325901e+00 
 5.40500000e-10  1.69614337e+00 
 5.41500000e-10  1.69895134e+00 
 5.42500000e-10  1.70168482e+00 
 5.43500000e-10  1.70433890e+00 
 5.44500000e-10  1.70691693e+00 
 5.45500000e-10  1.70942700e+00 
 5.46500000e-10  1.71187092e+00 
 5.47500000e-10  1.71425054e+00 
 5.48500000e-10  1.71656726e+00 
 5.49500000e-10  1.71882295e+00 
 5.50000000e-10  1.71992824e+00 
 5.50100000e-10  1.72014725e+00 
 5.50300000e-10  1.72058410e+00 
 5.50700000e-10  1.72145080e+00 
 5.51500000e-10  1.72315667e+00 
 5.52500000e-10  1.72523836e+00 
 5.53500000e-10  1.72726514e+00 
 5.54500000e-10  1.72923849e+00 
 5.55500000e-10  1.73115989e+00 
 5.56500000e-10  1.73303074e+00 
 5.57500000e-10  1.73485246e+00 
 5.58500000e-10  1.73662641e+00 
 5.59500000e-10  1.73835392e+00 
 5.60500000e-10  1.74003628e+00 
 5.61500000e-10  1.74167476e+00 
 5.62500000e-10  1.74327059e+00 
 5.63500000e-10  1.74482496e+00 
 5.64500000e-10  1.74633902e+00 
 5.65500000e-10  1.74781390e+00 
 5.66500000e-10  1.74925070e+00 
 5.67500000e-10  1.75065046e+00 
 5.68500000e-10  1.75201421e+00 
 5.69500000e-10  1.75334293e+00 
 5.70500000e-10  1.75463757e+00 
 5.71500000e-10  1.75589907e+00 
 5.72500000e-10  1.75712832e+00 
 5.73500000e-10  1.75832616e+00 
 5.74500000e-10  1.75949343e+00 
 5.75500000e-10  1.76063093e+00 
 5.76500000e-10  1.76173944e+00 
 5.77500000e-10  1.76281970e+00 
 5.78500000e-10  1.76387243e+00 
 5.79500000e-10  1.76489832e+00 
 5.80500000e-10  1.76589804e+00 
 5.81500000e-10  1.76687223e+00 
 5.82500000e-10  1.76782152e+00 
 5.83500000e-10  1.76874650e+00 
 5.84500000e-10  1.76964775e+00 
 5.85500000e-10  1.77052584e+00 
 5.86500000e-10  1.77138129e+00 
 5.87500000e-10  1.77221463e+00 
 5.88500000e-10  1.77302636e+00 
 5.89500000e-10  1.77381697e+00 
 5.90500000e-10  1.77458693e+00 
 5.91500000e-10  1.77533670e+00 
 5.92500000e-10  1.77606673e+00 
 5.93500000e-10  1.77677745e+00 
 5.94500000e-10  1.77746928e+00 
 5.95500000e-10  1.77814265e+00 
 5.96500000e-10  1.77879794e+00 
 5.97500000e-10  1.77943557e+00 
 5.98500000e-10  1.78005591e+00 
 5.99500000e-10  1.78065935e+00 
 6.00500000e-10  1.78124628e+00 
 6.01500000e-10  1.78181705e+00 
 6.02500000e-10  1.78237205e+00 
 6.03500000e-10  1.78291163e+00 
 6.04500000e-10  1.78343616e+00 
 6.05500000e-10  1.78394600e+00 
 6.06500000e-10  1.78444149e+00 
 6.07500000e-10  1.78492300e+00 
 6.08500000e-10  1.78539088e+00 
 6.09500000e-10  1.78584549e+00 
 6.10500000e-10  1.78628716e+00 
 6.11500000e-10  1.78671626e+00 
 6.12500000e-10  1.78713312e+00 
 6.13500000e-10  1.78753811e+00 
 6.14500000e-10  1.78793156e+00 
 6.15500000e-10  1.78831382e+00 
 6.16500000e-10  1.78868524e+00 
 6.17500000e-10  1.78904614e+00 
 6.18500000e-10  1.78939687e+00 
 6.19500000e-10  1.78973776e+00 
 6.20500000e-10  1.79006912e+00 
 6.21500000e-10  1.79039126e+00 
 6.22500000e-10  1.79070447e+00 
 6.23500000e-10  1.79100904e+00 
 6.24500000e-10  1.79130522e+00 
 6.25500000e-10  1.79159327e+00 
 6.26500000e-10  1.79187339e+00 
 6.27500000e-10  1.79214579e+00 
 6.28500000e-10  1.79241065e+00 
 6.29500000e-10  1.79266814e+00 
 6.30500000e-10  1.79291838e+00 
 6.31500000e-10  1.79316150e+00 
 6.32500000e-10  1.79339762e+00 
 6.33500000e-10  1.79362685e+00 
 6.34500000e-10  1.79384927e+00 
 6.35500000e-10  1.79406499e+00 
 6.36500000e-10  1.79427409e+00 
 6.37500000e-10  1.79447667e+00 
 6.38500000e-10  1.79467283e+00 
 6.39500000e-10  1.79486266e+00 
 6.40500000e-10  1.79504629e+00 
 6.41500000e-10  1.79522382e+00 
 6.42500000e-10  1.79539537e+00 
 6.43500000e-10  1.79556106e+00 
 6.44500000e-10  1.79572102e+00 
 6.45500000e-10  1.79587538e+00 
 6.46500000e-10  1.79602429e+00 
 6.47500000e-10  1.79616787e+00 
 6.48500000e-10  1.79630627e+00 
 6.49500000e-10  1.79643964e+00 
 6.50500000e-10  1.79656813e+00 
 6.51500000e-10  1.79669188e+00 
 6.52500000e-10  1.79681103e+00 
 6.53500000e-10  1.79692575e+00 
 6.54500000e-10  1.79703616e+00 
 6.55500000e-10  1.79714242e+00 
 6.56500000e-10  1.79724467e+00 
 6.57500000e-10  1.79734304e+00 
 6.58500000e-10  1.79743769e+00 
 6.59500000e-10  1.79752873e+00 
 6.60500000e-10  1.79761631e+00 
 6.61500000e-10  1.79770055e+00 
 6.62500000e-10  1.79778158e+00 
 6.63500000e-10  1.79785952e+00 
 6.64500000e-10  1.79793449e+00 
 6.65500000e-10  1.79800660e+00 
 6.66500000e-10  1.79807597e+00 
 6.67500000e-10  1.79814271e+00 
 6.68500000e-10  1.79820692e+00 
 6.69500000e-10  1.79826869e+00 
 6.70500000e-10  1.79832814e+00 
 6.71500000e-10  1.79838534e+00 
 6.72500000e-10  1.79844040e+00 
 6.73500000e-10  1.79849340e+00 
 6.74500000e-10  1.79854441e+00 
 6.75500000e-10  1.79859353e+00 
 6.76500000e-10  1.79864083e+00 
 6.77500000e-10  1.79868638e+00 
 6.78500000e-10  1.79873026e+00 
 6.79500000e-10  1.79877252e+00 
 6.80500000e-10  1.79881324e+00 
 6.81500000e-10  1.79885248e+00 
 6.82500000e-10  1.79889030e+00 
 6.83500000e-10  1.79892675e+00 
 6.84500000e-10  1.79896189e+00 
 6.85500000e-10  1.79899578e+00 
 6.86500000e-10  1.79902846e+00 
 6.87500000e-10  1.79905997e+00 
 6.88500000e-10  1.79909038e+00 
 6.89500000e-10  1.79911971e+00 
 6.90500000e-10  1.79914802e+00 
 6.91500000e-10  1.79917534e+00 
 6.92500000e-10  1.79920171e+00 
 6.93500000e-10  1.79922717e+00 
 6.94500000e-10  1.79925175e+00 
 6.95500000e-10  1.79927548e+00 
 6.96500000e-10  1.79929841e+00 
 6.97500000e-10  1.79932055e+00 
 6.98500000e-10  1.79934194e+00 
 6.99500000e-10  1.79936261e+00 
 7.00000000e-10  1.79937268e+00 
 7.00100000e-10  1.79958780e+00 
 7.00300000e-10  1.79981987e+00 
 7.00700000e-10  1.80013343e+00 
 7.01500000e-10  1.80107677e+00 
 7.02500000e-10  1.80256903e+00 
 7.03500000e-10  1.80442292e+00 
 7.04500000e-10  1.80646621e+00 
 7.05500000e-10  1.80871526e+00 
 7.06500000e-10  1.81104806e+00 
 7.07500000e-10  1.81349435e+00 
 7.08500000e-10  1.81596715e+00 
 7.09500000e-10  1.81850021e+00 
 7.10500000e-10  1.82103071e+00 
 7.11500000e-10  1.82359163e+00 
 7.12500000e-10  1.82613673e+00 
 7.13500000e-10  1.82869621e+00 
 7.14500000e-10  1.83123542e+00 
 7.15500000e-10  1.83378151e+00 
 7.16500000e-10  1.83630847e+00 
 7.17500000e-10  1.83882516e+00 
 7.18500000e-10  1.84133122e+00 
 7.19500000e-10  1.84384655e+00 
 7.20500000e-10  1.84636530e+00 
 7.21500000e-10  1.84890997e+00 
 7.22500000e-10  1.85147984e+00 
 7.23500000e-10  1.85409922e+00 
 7.24500000e-10  1.85677014e+00 
 7.25500000e-10  1.85951284e+00 
 7.26500000e-10  1.86232440e+00 
 7.27500000e-10  1.86521477e+00 
 7.28500000e-10  1.86817231e+00 
 7.29500000e-10  1.87115154e+00 
 7.30500000e-10  1.87416742e+00 
 7.31500000e-10  1.87722042e+00 
 7.32500000e-10  1.88029558e+00 
 7.33500000e-10  1.88339044e+00 
 7.34500000e-10  1.88649774e+00 
 7.35500000e-10  1.88962038e+00 
 7.36500000e-10  1.89276030e+00 
 7.37500000e-10  1.89592975e+00 
 7.38500000e-10  1.89914167e+00 
 7.39500000e-10  1.90242039e+00 
 7.40500000e-10  1.90579266e+00 
 7.41500000e-10  1.90930007e+00 
 7.42500000e-10  1.91299298e+00 
 7.43500000e-10  1.91694839e+00 
 7.44500000e-10  1.92126090e+00 
 7.45500000e-10  1.92625258e+00 
 7.46500000e-10  1.93190747e+00 
 7.47500000e-10  1.93820528e+00 
 7.48500000e-10  1.94524388e+00 
 7.49500000e-10  1.95310651e+00 
 7.50000000e-10  1.95739078e+00 
 7.50100000e-10  1.95865384e+00 
 7.50300000e-10  1.96083123e+00 
 7.50700000e-10  1.96494072e+00 
 7.51500000e-10  1.97329603e+00 
 7.52500000e-10  1.98355390e+00 
 7.53500000e-10  1.99331421e+00 
 7.54500000e-10  2.00134004e+00 
 7.55500000e-10  2.00602003e+00 
 7.56500000e-10  2.00526565e+00 
 7.57500000e-10  1.99777440e+00 
 7.58500000e-10  1.98294566e+00 
 7.59500000e-10  1.96212905e+00 
 7.60500000e-10  1.93590003e+00 
 7.61500000e-10  1.90401948e+00 
 7.62500000e-10  1.86682108e+00 
 7.63500000e-10  1.82479329e+00 
 7.64500000e-10  1.77820010e+00 
 7.65500000e-10  1.72736820e+00 
 7.66500000e-10  1.67248748e+00 
 7.67500000e-10  1.61377631e+00 
 7.68500000e-10  1.55119407e+00 
 7.69500000e-10  1.48478271e+00 
 7.70500000e-10  1.41453134e+00 
 7.71500000e-10  1.34007476e+00 
 7.72500000e-10  1.26083066e+00 
 7.73500000e-10  1.17634007e+00 
 7.74500000e-10  1.08671122e+00 
 7.75500000e-10  9.92848030e-01 
 7.76500000e-10  8.95849727e-01 
 7.77500000e-10  7.96704506e-01 
 7.78500000e-10  6.96345398e-01 
 7.79500000e-10  5.96083688e-01 
 7.80500000e-10  4.98446844e-01 
 7.81500000e-10  4.07743610e-01 
 7.82500000e-10  3.27239127e-01 
 7.83500000e-10  2.58458387e-01 
 7.84500000e-10  2.01965726e-01 
 7.85500000e-10  1.56850639e-01 
 7.86500000e-10  1.21537893e-01 
 7.87500000e-10  9.43043141e-02 
 7.88500000e-10  7.35357162e-02 
 7.89500000e-10  5.77856070e-02 
 7.90500000e-10  4.59014652e-02 
 7.91500000e-10  3.69012142e-02 
 7.92500000e-10  3.01237454e-02 
 7.93500000e-10  2.49678570e-02 
 7.94500000e-10  2.10299398e-02 
 7.95500000e-10  1.79698222e-02 
 7.96500000e-10  1.55784405e-02 
 7.97500000e-10  1.36644995e-02 
 7.98500000e-10  1.21257140e-02 
 7.99500000e-10  1.08519320e-02 
 8.00500000e-10  9.79705581e-03 
 8.01500000e-10  8.89458314e-03 
 8.02500000e-10  8.12717637e-03 
 8.03500000e-10  7.45172538e-03 
 8.04500000e-10  6.86524205e-03 
 8.05500000e-10  6.33745421e-03 
 8.06500000e-10  5.87229300e-03 
 8.07500000e-10  5.44682809e-03 
 8.08500000e-10  5.06811840e-03 
 8.09500000e-10  4.71770229e-03 
 8.10500000e-10  4.40385098e-03 
 8.11500000e-10  4.11104551e-03 
 8.12500000e-10  3.84781305e-03 
 8.13500000e-10  3.60074094e-03 
 8.14500000e-10  3.37814420e-03 
 8.15500000e-10  3.16823452e-03 
 8.16500000e-10  2.97889476e-03 
 8.17500000e-10  2.79966330e-03 
 8.18500000e-10  2.63789704e-03 
 8.19500000e-10  2.48426150e-03 
 8.20500000e-10  2.34555797e-03 
 8.21500000e-10  2.21343400e-03 
 8.22500000e-10  2.09413812e-03 
 8.23500000e-10  1.98018670e-03 
 8.24500000e-10  1.87729470e-03 
 8.25500000e-10  1.77875433e-03 
 8.26500000e-10  1.68977394e-03 
 8.27500000e-10  1.60434247e-03 
 8.28500000e-10  1.52719203e-03 
 8.29500000e-10  1.45293946e-03 
 8.30500000e-10  1.38587198e-03 
 8.31500000e-10  1.32117362e-03 
 8.32500000e-10  1.26271774e-03 
 8.33500000e-10  1.20620156e-03 
 8.34500000e-10  1.15511461e-03 
 8.35500000e-10  1.10561903e-03 
 8.36500000e-10  1.06084908e-03 
 8.37500000e-10  1.01738849e-03 
 8.38500000e-10  9.78043347e-04 
 8.39500000e-10  9.39779944e-04 
 8.40500000e-10  9.05101575e-04 
 8.41500000e-10  8.71321935e-04 
 8.42500000e-10  8.40665291e-04 
 8.43500000e-10  8.10760957e-04 
 8.44500000e-10  7.83576323e-04 
 8.45500000e-10  7.57027577e-04 
 8.46500000e-10  7.32845832e-04 
 8.47500000e-10  7.09208111e-04 
 8.48500000e-10  6.87628375e-04 
 8.49500000e-10  6.66520859e-04 
 8.50500000e-10  6.47200113e-04 
 8.51500000e-10  6.28296132e-04 
 8.52500000e-10  6.10940485e-04 
 8.53500000e-10  5.93959425e-04 
 8.54500000e-10  5.78316750e-04 
 8.55500000e-10  5.63017218e-04 
 8.56500000e-10  5.48870935e-04 
 8.57500000e-10  5.35044983e-04 
 8.58500000e-10  5.22208795e-04 
 8.59500000e-10  5.09677024e-04 
 8.60500000e-10  4.97990471e-04 
 8.61500000e-10  4.86597881e-04 
 8.62500000e-10  4.75922557e-04 
 8.63500000e-10  4.65535026e-04 
 8.64500000e-10  4.55751381e-04 
 8.65500000e-10  4.46252668e-04 
 8.66500000e-10  4.37257284e-04 
 8.67500000e-10  4.28546483e-04 
 8.68500000e-10  4.20249763e-04 
 8.69500000e-10  4.12239134e-04 
 8.70500000e-10  4.04563323e-04 
 8.71500000e-10  3.97176444e-04 
 8.72500000e-10  3.90053961e-04 
 8.73500000e-10  3.83224146e-04 
 8.74500000e-10  3.76596147e-04 
 8.75500000e-10  3.70265102e-04 
 8.76500000e-10  3.64080258e-04 
 8.77500000e-10  3.58196927e-04 
 8.78500000e-10  3.52410384e-04 
 8.79500000e-10  3.46929964e-04 
 8.80500000e-10  3.41502446e-04 
 8.81500000e-10  3.36385542e-04 
 8.82500000e-10  3.31282594e-04 
 8.83500000e-10  3.26494496e-04 
 8.84500000e-10  3.21685824e-04 
 8.85500000e-10  3.17195883e-04 
 8.86500000e-10  3.12654799e-04 
 8.87500000e-10  3.08435898e-04 
 8.88500000e-10  3.04138833e-04 
 8.89500000e-10  3.00166924e-04 
 8.90500000e-10  2.96093023e-04 
 8.91500000e-10  2.92346733e-04 
 8.92500000e-10  2.88477494e-04 
 8.93500000e-10  2.84937787e-04 
 8.94500000e-10  2.81256757e-04 
 8.95500000e-10  2.77906636e-04 
 8.96500000e-10  2.74399151e-04 
 8.97500000e-10  2.71223409e-04 
 8.98500000e-10  2.67876363e-04 
 8.99500000e-10  2.64861360e-04 
 9.00500000e-10  2.61663014e-04 
 9.01500000e-10  2.58796490e-04 
 9.02500000e-10  2.55736299e-04 
 9.03500000e-10  2.53007207e-04 
 9.04500000e-10  2.50075675e-04 
 9.05500000e-10  2.47474041e-04 
 9.06500000e-10  2.44662598e-04 
 9.07500000e-10  2.42179393e-04 
 9.08500000e-10  2.39480278e-04 
 9.09500000e-10  2.37107314e-04 
 9.10500000e-10  2.34513488e-04 
 9.11500000e-10  2.32243320e-04 
 9.12500000e-10  2.29748377e-04 
 9.13500000e-10  2.27574225e-04 
 9.14500000e-10  2.25172322e-04 
 9.15500000e-10  2.23087994e-04 
 9.16500000e-10  2.20773790e-04 
 9.17500000e-10  2.18773624e-04 
 9.18500000e-10  2.16542222e-04 
 9.19500000e-10  2.14621026e-04 
 9.20500000e-10  2.12467927e-04 
 9.21500000e-10  2.10620934e-04 
 9.22500000e-10  2.08541995e-04 
 9.23500000e-10  2.06764819e-04 
 9.24500000e-10  2.04756215e-04 
 9.25500000e-10  2.03044812e-04 
 9.26500000e-10  2.01103004e-04 
 9.27500000e-10  1.99453641e-04 
 9.28500000e-10  1.97575350e-04 
 9.29500000e-10  1.95984574e-04 
 9.30500000e-10  1.94166752e-04 
 9.31500000e-10  1.92631363e-04 
 9.32500000e-10  1.90871172e-04 
 9.33500000e-10  1.89388202e-04 
 9.34500000e-10  1.87682997e-04 
 9.35500000e-10  1.86249687e-04 
 9.36500000e-10  1.84596995e-04 
 9.37500000e-10  1.83210778e-04 
 9.38500000e-10  1.81608284e-04 
 9.39500000e-10  1.80266768e-04 
 9.40500000e-10  1.78712302e-04 
 9.41500000e-10  1.77413255e-04 
 9.42500000e-10  1.75904778e-04 
 9.43500000e-10  1.74646115e-04 
 9.44500000e-10  1.73181711e-04 
 9.45500000e-10  1.71961481e-04 
 9.46500000e-10  1.70539343e-04 
 9.47500000e-10  1.69355719e-04 
 9.48500000e-10  1.67974143e-04 
 9.49500000e-10  1.66825413e-04 
 9.50000000e-10  1.66099812e-04 
 9.50100000e-10  1.66026297e-04 
 9.50300000e-10  1.65782755e-04 
 9.50700000e-10  1.65288303e-04 
 9.51500000e-10  1.64317176e-04 
 9.52500000e-10  1.63111809e-04 
 9.53500000e-10  1.61929567e-04 
 9.54500000e-10  1.60757732e-04 
 9.55500000e-10  1.59608289e-04 
 9.56500000e-10  1.58468626e-04 
 9.57500000e-10  1.57350649e-04 
 9.58500000e-10  1.56241869e-04 
 9.59500000e-10  1.55154096e-04 
 9.60500000e-10  1.54074976e-04 
 9.61500000e-10  1.53016210e-04 
 9.62500000e-10  1.51965592e-04 
 9.63500000e-10  1.50934699e-04 
 9.64500000e-10  1.49911485e-04 
 9.65500000e-10  1.48907391e-04 
 9.66500000e-10  1.47910539e-04 
 9.67500000e-10  1.46932223e-04 
 9.68500000e-10  1.45960743e-04 
 9.69500000e-10  1.45007237e-04 
 9.70500000e-10  1.44060188e-04 
 9.71500000e-10  1.43130571e-04 
 9.72500000e-10  1.42207061e-04 
 9.73500000e-10  1.41300457e-04 
 9.74500000e-10  1.40399633e-04 
 9.75500000e-10  1.39515209e-04 
 9.76500000e-10  1.38636261e-04 
 9.77500000e-10  1.37773224e-04 
 9.78500000e-10  1.36915380e-04 
 9.79500000e-10  1.36072974e-04 
 9.80500000e-10  1.35235496e-04 
 9.81500000e-10  1.34413000e-04 
 9.82500000e-10  1.33595186e-04 
 9.83500000e-10  1.32791910e-04 
 9.84500000e-10  1.31993089e-04 
 9.85500000e-10  1.31208378e-04 
 9.86500000e-10  1.30427909e-04 
 9.87500000e-10  1.29661135e-04 
 9.88500000e-10  1.28898404e-04 
 9.89500000e-10  1.28148969e-04 
 9.90500000e-10  1.27403391e-04 
 9.91500000e-10  1.26670720e-04 
 9.92500000e-10  1.25941733e-04 
 9.93500000e-10  1.25225279e-04 
 9.94500000e-10  1.24512348e-04 
 9.95500000e-10  1.23811585e-04 
 9.96500000e-10  1.23114195e-04 
 9.97500000e-10  1.22428621e-04 
 9.98500000e-10  1.21746281e-04 
 9.99500000e-10  1.21075414e-04 
 1.00000000e-09  1.20739629e-04 
 1.00010000e-09  1.20674011e-04 
 1.00030000e-09  1.20541241e-04 
 1.00070000e-09  1.20276334e-04 
 1.00150000e-09  1.19750055e-04 
 1.00250000e-09  1.19098365e-04 
 1.00350000e-09  1.18453640e-04 
 1.00450000e-09  1.17815580e-04 
 1.00550000e-09  1.17184278e-04 
 1.00650000e-09  1.16559439e-04 
 1.00750000e-09  1.15941154e-04 
 1.00850000e-09  1.15329136e-04 
 1.00950000e-09  1.14723479e-04 
 1.01050000e-09  1.14123898e-04 
 1.01150000e-09  1.13530493e-04 
 1.01250000e-09  1.12942980e-04 
 1.01350000e-09  1.12361464e-04 
 1.01450000e-09  1.11785666e-04 
 1.01550000e-09  1.11215692e-04 
 1.01650000e-09  1.10651267e-04 
 1.01750000e-09  1.10092499e-04 
 1.01850000e-09  1.09539119e-04 
 1.01950000e-09  1.08991235e-04 
 1.02050000e-09  1.08448584e-04 
 1.02150000e-09  1.07911275e-04 
 1.02250000e-09  1.07379049e-04 
 1.02350000e-09  1.06852017e-04 
 1.02450000e-09  1.06329923e-04 
 1.02550000e-09  1.05812879e-04 
 1.02650000e-09  1.05300635e-04 
 1.02750000e-09  1.04793303e-04 
 1.02850000e-09  1.04290639e-04 
 1.02950000e-09  1.03792759e-04 
 1.03050000e-09  1.03299413e-04 
 1.03150000e-09  1.02810715e-04 
 1.03250000e-09  1.02326429e-04 
 1.03350000e-09  1.01846668e-04 
 1.03450000e-09  1.01371202e-04 
 1.03550000e-09  1.00900140e-04 
 1.03650000e-09  1.00433258e-04 
 1.03750000e-09  9.99706638e-05 
 1.03850000e-09  9.95121394e-05 
 1.03950000e-09  9.90577906e-05 
 1.04050000e-09  9.86074045e-05 
 1.04150000e-09  9.81610856e-05 
 1.04250000e-09  9.77186264e-05 
 1.04350000e-09  9.72801295e-05 
 1.04450000e-09  9.68453927e-05 
 1.04550000e-09  9.64145169e-05 
 1.04650000e-09  9.59873051e-05 
 1.04750000e-09  9.55638558e-05 
 1.04850000e-09  9.51439780e-05 
 1.04950000e-09  9.47277677e-05 
 1.05000000e-09  9.45209430e-05 
 1.05010000e-09  9.44796688e-05 
 1.05030000e-09  9.43972905e-05 
 1.05070000e-09  9.42329281e-05 
 1.05150000e-09  9.39058618e-05 
 1.05250000e-09  9.35001509e-05 
 1.05350000e-09  9.30978454e-05 
 1.05450000e-09  9.26989261e-05 
 1.05550000e-09  9.23033306e-05 
 1.05650000e-09  9.19110390e-05 
 1.05750000e-09  9.15219913e-05 
 1.05850000e-09  9.11361669e-05 
 1.05950000e-09  9.07535088e-05 
 1.06050000e-09  9.03739952e-05 
 1.06150000e-09  8.99975727e-05 
 1.06250000e-09  8.96242183e-05 
 1.06350000e-09  8.92538823e-05 
 1.06450000e-09  8.88865406e-05 
 1.06550000e-09  8.85221466e-05 
 1.06650000e-09  8.81606751e-05 
 1.06750000e-09  8.78020830e-05 
 1.06850000e-09  8.74463440e-05 
 1.06950000e-09  8.70934177e-05 
 1.07050000e-09  8.67432778e-05 
 1.07150000e-09  8.63958860e-05 
 1.07250000e-09  8.60512154e-05 
 1.07350000e-09  8.57092303e-05 
 1.07450000e-09  8.53699035e-05 
 1.07550000e-09  8.50332014e-05 
 1.07650000e-09  8.46990966e-05 
 1.07750000e-09  8.43675575e-05 
 1.07850000e-09  8.40385566e-05 
 1.07950000e-09  8.37120638e-05 
 1.08050000e-09  8.33880520e-05 
 1.08150000e-09  8.30664926e-05 
 1.08250000e-09  8.27473588e-05 
 1.08350000e-09  8.24306231e-05 
 1.08450000e-09  8.21162590e-05 
 1.08550000e-09  8.18042407e-05 
 1.08650000e-09  8.14945415e-05 
 1.08750000e-09  8.11871367e-05 
 1.08850000e-09  8.08820003e-05 
 1.08950000e-09  8.05791088e-05 
 1.09050000e-09  8.02784364e-05 
 1.09150000e-09  7.99799606e-05 
 1.09250000e-09  7.96836560e-05 
 1.09350000e-09  7.93895010e-05 
 1.09450000e-09  7.90974708e-05 
 1.09550000e-09  7.88075445e-05 
 1.09650000e-09  7.85196979e-05 
 1.09750000e-09  7.82339107e-05 
 1.09850000e-09  7.79501593e-05 
 1.09950000e-09  7.76684242e-05 
 1.10050000e-09  7.73886821e-05 
 1.10150000e-09  7.71109144e-05 
 1.10250000e-09  7.68350982e-05 
 1.10350000e-09  7.65612155e-05 
 1.10450000e-09  7.62892440e-05 
 1.10550000e-09  7.60191661e-05 
 1.10650000e-09  7.57509601e-05 
 1.10750000e-09  7.54846091e-05 
 1.10850000e-09  7.52200920e-05 
 1.10950000e-09  7.49573922e-05 
 1.11050000e-09  7.46964891e-05 
 1.11150000e-09  7.44373666e-05 
 1.11250000e-09  7.41800044e-05 
 1.11350000e-09  7.39243871e-05 
 1.11450000e-09  7.36704952e-05 
 1.11550000e-09  7.34183134e-05 
 1.11650000e-09  7.31678225e-05 
 1.11750000e-09  7.29190083e-05 
 1.11850000e-09  7.26718515e-05 
 1.11950000e-09  7.24263380e-05 
 1.12050000e-09  7.21824497e-05 
 1.12150000e-09  7.19401724e-05 
 1.12250000e-09  7.16994885e-05 
 1.12350000e-09  7.14603847e-05 
 1.12450000e-09  7.12228434e-05 
 1.12550000e-09  7.09868517e-05 
 1.12650000e-09  7.07523922e-05 
 1.12750000e-09  7.05194525e-05 
 1.12850000e-09  7.02880159e-05 
 1.12950000e-09  7.00580700e-05 
 1.13050000e-09  6.98295988e-05 
 1.13150000e-09  6.96025899e-05 
 1.13250000e-09  6.93770277e-05 
 1.13350000e-09  6.91529004e-05 
 1.13450000e-09  6.89301927e-05 
 1.13550000e-09  6.87088931e-05 
 1.13650000e-09  6.84889864e-05 
 1.13750000e-09  6.82704617e-05 
 1.13850000e-09  6.80533040e-05 
 1.13950000e-09  6.78375026e-05 
 1.14050000e-09  6.76230431e-05 
 1.14150000e-09  6.74099151e-05 
 1.14250000e-09  6.71981043e-05 
 1.14350000e-09  6.69876005e-05 
 1.14450000e-09  6.67783901e-05 
 1.14550000e-09  6.65704628e-05 
 1.14650000e-09  6.63638055e-05 
 1.14750000e-09  6.61584083e-05 
 1.14850000e-09  6.59542580e-05 
 1.14950000e-09  6.57513451e-05 
 1.15050000e-09  6.55496568e-05 
 1.15150000e-09  6.53491838e-05 
 1.15250000e-09  6.51499137e-05 
 1.15350000e-09  6.49518375e-05 
 1.15450000e-09  6.47549427e-05 
 1.15550000e-09  6.45592206e-05 
 1.15650000e-09  6.43646593e-05 
 1.15750000e-09  6.41712499e-05 
 1.15850000e-09  6.39789809e-05 
 1.15950000e-09  6.37878438e-05 
 1.16050000e-09  6.35978274e-05 
 1.16150000e-09  6.34089234e-05 
 1.16250000e-09  6.32211204e-05 
 1.16350000e-09  6.30344105e-05 
 1.16450000e-09  6.28487829e-05 
 1.16550000e-09  6.26642296e-05 
 1.16650000e-09  6.24807400e-05 
 1.16750000e-09  6.22983064e-05 
 1.16850000e-09  6.21169184e-05 
 1.16950000e-09  6.19365684e-05 
 1.17050000e-09  6.17572463e-05 
 1.17150000e-09  6.15789447e-05 
 1.17250000e-09  6.14016536e-05 
 1.17350000e-09  6.12253659e-05 
 1.17450000e-09  6.10500719e-05 
 1.17550000e-09  6.08757646e-05 
 1.17650000e-09  6.07024344e-05 
 1.17750000e-09  6.05300743e-05 
 1.17850000e-09  6.03586751e-05 
 1.17950000e-09  6.01882301e-05 
 1.18050000e-09  6.00187302e-05 
 1.18150000e-09  5.98501690e-05 
 1.18250000e-09  5.96825371e-05 
 1.18350000e-09  5.95158285e-05 
 1.18450000e-09  5.93500345e-05 
 1.18550000e-09  5.91851486e-05 
 1.18650000e-09  5.90211623e-05 
 1.18750000e-09  5.88580694e-05 
 1.18850000e-09  5.86958616e-05 
 1.18950000e-09  5.85345330e-05 
 1.19050000e-09  5.83740751e-05 
 1.19150000e-09  5.82144823e-05 
 1.19250000e-09  5.80557465e-05 
 1.19350000e-09  5.78978618e-05 
 1.19450000e-09  5.77408205e-05 
 1.19550000e-09  5.75846170e-05 
 1.19650000e-09  5.74292436e-05 
 1.19750000e-09  5.72746948e-05 
 1.19850000e-09  5.71209629e-05 
 1.19950000e-09  5.69680425e-05 
 1.20000000e-09  5.68918834e-05 
 1.20010000e-09  5.37413267e-04 
 1.20030000e-09  1.16162170e-03 
 1.20070000e-09  1.89060968e-03 
 1.20150000e-09  2.93539851e-03 
 1.20250000e-09  3.53568952e-03 
 1.20350000e-09  3.78580013e-03 
 1.20450000e-09  3.75547345e-03 
 1.20550000e-09  3.66621140e-03 
 1.20650000e-09  3.48067766e-03 
 1.20750000e-09  3.32457214e-03 
 1.20850000e-09  3.13403043e-03 
 1.20950000e-09  2.99303279e-03 
 1.21050000e-09  2.83734935e-03 
 1.21150000e-09  2.72965087e-03 
 1.21250000e-09  2.61275806e-03 
 1.21350000e-09  2.53638959e-03 
 1.21450000e-09  2.45164711e-03 
 1.21550000e-09  2.39930084e-03 
 1.21650000e-09  2.33848951e-03 
 1.21750000e-09  2.30365206e-03 
 1.21850000e-09  2.26124516e-03 
 1.21950000e-09  2.24136387e-03 
 1.22050000e-09  2.21727206e-03 
 1.22150000e-09  2.21614470e-03 
 1.22250000e-09  2.21715025e-03 
 1.22350000e-09  2.24492710e-03 
 1.22450000e-09  2.28294533e-03 
 1.22550000e-09  2.35286941e-03 
 1.22650000e-09  2.44072252e-03 
 1.22750000e-09  2.56403556e-03 
 1.22850000e-09  2.70766307e-03 
 1.22950000e-09  2.88107811e-03 
 1.23050000e-09  3.06520538e-03 
 1.23150000e-09  3.26489818e-03 
 1.23250000e-09  3.46272969e-03 
 1.23350000e-09  3.66415812e-03 
 1.23450000e-09  3.85599155e-03 
 1.23550000e-09  4.04548277e-03 
 1.23650000e-09  4.22324051e-03 
 1.23750000e-09  4.39753126e-03 
 1.23850000e-09  4.56228988e-03 
 1.23950000e-09  4.72796052e-03 
 1.24050000e-09  4.89385433e-03 
 1.24150000e-09  5.07832500e-03 
 1.24250000e-09  5.29120200e-03 
 1.24350000e-09  5.55883094e-03 
 1.24450000e-09  5.89867262e-03 
 1.24550000e-09  6.33859024e-03 
 1.24650000e-09  6.88867538e-03 
 1.24750000e-09  7.55647800e-03 
 1.24850000e-09  8.32381955e-03 
 1.24950000e-09  9.16816067e-03 
 1.25000000e-09  9.60600174e-03 
 1.25010000e-09  9.86664812e-03 
 1.25030000e-09  1.01097096e-02 
 1.25070000e-09  1.05083950e-02 
 1.25150000e-09  1.14124037e-02 
 1.25250000e-09  1.22672878e-02 
 1.25350000e-09  1.30882981e-02 
 1.25450000e-09  1.37787196e-02 
 1.25550000e-09  1.44856018e-02 
 1.25650000e-09  1.51005300e-02 
 1.25750000e-09  1.57239063e-02 
 1.25850000e-09  1.62652333e-02 
 1.25950000e-09  1.68023996e-02 
 1.26050000e-09  1.72654923e-02 
 1.26150000e-09  1.77177092e-02 
 1.26250000e-09  1.81056407e-02 
 1.26350000e-09  1.84811784e-02 
 1.26450000e-09  1.88032556e-02 
 1.26550000e-09  1.91142776e-02 
 1.26650000e-09  1.93821577e-02 
 1.26750000e-09  1.96414462e-02 
 1.26850000e-09  1.98666346e-02 
 1.26950000e-09  2.00858264e-02 
 1.27050000e-09  2.02784408e-02 
 1.27150000e-09  2.04673508e-02 
 1.27250000e-09  2.06357387e-02 
 1.27350000e-09  2.08022537e-02 
 1.27450000e-09  2.09529836e-02 
 1.27550000e-09  2.11031191e-02 
 1.27650000e-09  2.12408518e-02 
 1.27750000e-09  2.13816450e-02 
 1.27850000e-09  2.15147928e-02 
 1.27950000e-09  2.16464616e-02 
 1.28050000e-09  2.17712912e-02 
 1.28150000e-09  2.18975233e-02 
 1.28250000e-09  2.20194885e-02 
 1.28350000e-09  2.21435757e-02 
 1.28450000e-09  2.22647462e-02 
 1.28550000e-09  2.23883463e-02 
 1.28650000e-09  2.25099941e-02 
 1.28750000e-09  2.26342573e-02 
 1.28850000e-09  2.27573313e-02 
 1.28950000e-09  2.28831505e-02 
 1.29050000e-09  2.30084046e-02 
 1.29150000e-09  2.31365001e-02 
 1.29250000e-09  2.32645491e-02 
 1.29350000e-09  2.33955144e-02 
 1.29450000e-09  2.35268699e-02 
 1.29550000e-09  2.36612035e-02 
 1.29650000e-09  2.37962994e-02 
 1.29750000e-09  2.39344264e-02 
 1.29850000e-09  2.40736314e-02 
 1.29950000e-09  2.42159624e-02 
 1.30050000e-09  2.43604004e-02 
 1.30150000e-09  2.45068127e-02 
 1.30250000e-09  2.46555292e-02 
 1.30350000e-09  2.48067758e-02 
 1.30450000e-09  2.49606449e-02 
 1.30550000e-09  2.51172346e-02 
 1.30650000e-09  2.52765749e-02 
 1.30750000e-09  2.54387917e-02 
 1.30850000e-09  2.56038681e-02 
 1.30950000e-09  2.57719890e-02 
 1.31050000e-09  2.59430928e-02 
 1.31150000e-09  2.61174212e-02 
 1.31250000e-09  2.62948741e-02 
 1.31350000e-09  2.64757391e-02 
 1.31450000e-09  2.66598879e-02 
 1.31550000e-09  2.68476423e-02 
 1.31650000e-09  2.70388561e-02 
 1.31750000e-09  2.72338757e-02 
 1.31850000e-09  2.74325464e-02 
 1.31950000e-09  2.76352316e-02 
 1.32050000e-09  2.78417761e-02 
 1.32150000e-09  2.80525541e-02 
 1.32250000e-09  2.82674166e-02 
 1.32350000e-09  2.84867447e-02 
 1.32450000e-09  2.87104003e-02 
 1.32550000e-09  2.89387692e-02 
 1.32650000e-09  2.91717278e-02 
 1.32750000e-09  2.94096649e-02 
 1.32850000e-09  2.96524748e-02 
 1.32950000e-09  2.99005487e-02 
 1.33050000e-09  3.01538012e-02 
 1.33150000e-09  3.04126259e-02 
 1.33250000e-09  3.06769598e-02 
 1.33350000e-09  3.09471996e-02 
 1.33450000e-09  3.12233068e-02 
 1.33550000e-09  3.15056820e-02 
 1.33650000e-09  3.17943127e-02 
 1.33750000e-09  3.20896055e-02 
 1.33850000e-09  3.23915756e-02 
 1.33950000e-09  3.27006373e-02 
 1.34050000e-09  3.30168352e-02 
 1.34150000e-09  3.33405939e-02 
 1.34250000e-09  3.36719894e-02 
 1.34350000e-09  3.40114590e-02 
 1.34450000e-09  3.43591126e-02 
 1.34550000e-09  3.47154033e-02 
 1.34650000e-09  3.50804773e-02 
 1.34750000e-09  3.54548070e-02 
 1.34850000e-09  3.58385780e-02 
 1.34950000e-09  3.62322861e-02 
 1.35050000e-09  3.66361596e-02 
 1.35150000e-09  3.70507225e-02 
 1.35250000e-09  3.74762496e-02 
 1.35350000e-09  3.79132984e-02 
 1.35450000e-09  3.83621953e-02 
 1.35550000e-09  3.88235369e-02 
 1.35650000e-09  3.92977071e-02 
 1.35750000e-09  3.97853487e-02 
 1.35850000e-09  4.02869094e-02 
 1.35950000e-09  4.08030864e-02 
 1.36050000e-09  4.13343991e-02 
 1.36150000e-09  4.18816085e-02 
 1.36250000e-09  4.24453151e-02 
 1.36350000e-09  4.30263543e-02 
 1.36450000e-09  4.36254191e-02 
 1.36550000e-09  4.42434322e-02 
 1.36650000e-09  4.48811922e-02 
 1.36750000e-09  4.55397241e-02 
 1.36850000e-09  4.62199478e-02 
 1.36950000e-09  4.69230087e-02 
 1.37050000e-09  4.76499670e-02 
 1.37150000e-09  4.84021096e-02 
 1.37250000e-09  4.91806596e-02 
 1.37350000e-09  4.99870709e-02 
 1.37450000e-09  5.08227569e-02 
 1.37550000e-09  5.16893689e-02 
 1.37650000e-09  5.25885437e-02 
 1.37750000e-09  5.35221670e-02 
 1.37850000e-09  5.44921389e-02 
 1.37950000e-09  5.55006244e-02 
 1.38050000e-09  5.65498361e-02 
 1.38150000e-09  5.76422724e-02 
 1.38250000e-09  5.87805186e-02 
 1.38350000e-09  5.99674741e-02 
 1.38450000e-09  6.12061706e-02 
 1.38550000e-09  6.24999918e-02 
 1.38650000e-09  6.38525079e-02 
 1.38750000e-09  6.52676904e-02 
 1.38850000e-09  6.67497639e-02 
 1.38950000e-09  6.83034178e-02 
 1.39050000e-09  6.99336774e-02 
 1.39150000e-09  7.16461155e-02 
 1.39250000e-09  7.34467450e-02 
 1.39350000e-09  7.53422346e-02 
 1.39450000e-09  7.73398259e-02 
 1.39550000e-09  7.94475594e-02 
 1.39650000e-09  8.16742200e-02 
 1.39750000e-09  8.40295805e-02 
 1.39850000e-09  8.65243819e-02 
 1.39950000e-09  8.91706027e-02 
 1.40050000e-09  9.19814807e-02 
 1.40150000e-09  9.49718148e-02 
 1.40250000e-09  9.81580311e-02 
 1.40350000e-09  1.01558516e-01 
 1.40450000e-09  1.05193708e-01 
 1.40550000e-09  1.09086428e-01 
 1.40650000e-09  1.13261921e-01 
 1.40750000e-09  1.17748061e-01 
 1.40850000e-09  1.22575140e-01 
 1.40950000e-09  1.27775671e-01 
 1.41050000e-09  1.33383569e-01 
 1.41150000e-09  1.39433204e-01 
 1.41250000e-09  1.45957766e-01 
 1.41350000e-09  1.52987638e-01 
 1.41450000e-09  1.60548499e-01 
 1.41550000e-09  1.68660049e-01 
 1.41650000e-09  1.77335082e-01 
 1.41750000e-09  1.86579660e-01 
 1.41850000e-09  1.96393666e-01 
 1.41950000e-09  2.06772136e-01 
 1.42050000e-09  2.17706392e-01 
 1.42150000e-09  2.29185394e-01 
 1.42250000e-09  2.41196493e-01 
 1.42350000e-09  2.53726274e-01 
 1.42450000e-09  2.66760805e-01 
 1.42550000e-09  2.80286077e-01 
 1.42650000e-09  2.94287972e-01 
 1.42750000e-09  3.08752547e-01 
 1.42850000e-09  3.23665757e-01 
 1.42950000e-09  3.39013795e-01 
 1.43050000e-09  3.54782767e-01 
 1.43150000e-09  3.70958902e-01 
 1.43250000e-09  3.87528247e-01 
 1.43350000e-09  4.04476844e-01 
 1.43450000e-09  4.21790450e-01 
 1.43550000e-09  4.39454721e-01 
 1.43650000e-09  4.57454996e-01 
 1.43750000e-09  4.75776547e-01 
 1.43850000e-09  4.94404490e-01 
 1.43950000e-09  5.13324142e-01 
 1.44050000e-09  5.32521054e-01 
 1.44150000e-09  5.51981429e-01 
 1.44250000e-09  5.71692185e-01 
 1.44350000e-09  5.91641311e-01 
 1.44450000e-09  6.11817829e-01 
 1.44550000e-09  6.32211990e-01 
 1.44650000e-09  6.52815090e-01 
 1.44750000e-09  6.73619470e-01 
 1.44850000e-09  6.94618166e-01 
 1.44950000e-09  7.15804714e-01 
 1.45000000e-09  7.26467168e-01 
 1.45010000e-09  7.28605189e-01 
 1.45030000e-09  7.32886406e-01 
 1.45070000e-09  7.41469416e-01 
 1.45150000e-09  7.58717473e-01 
 1.45250000e-09  7.80426154e-01 
 1.45350000e-09  8.02291646e-01 
 1.45450000e-09  8.24301676e-01 
 1.45550000e-09  8.46441180e-01 
 1.45650000e-09  8.68691100e-01 
 1.45750000e-09  8.91028335e-01 
 1.45850000e-09  9.13424821e-01 
 1.45950000e-09  9.35847532e-01 
 1.46050000e-09  9.58257750e-01 
 1.46150000e-09  9.80611076e-01 
 1.46250000e-09  1.00285693e+00 
 1.46350000e-09  1.02493895e+00 
 1.46450000e-09  1.04679538e+00 
 1.46550000e-09  1.06836085e+00 
 1.46650000e-09  1.08956845e+00 
 1.46750000e-09  1.11035302e+00 
 1.46850000e-09  1.13065445e+00 
 1.46950000e-09  1.15042135e+00 
 1.47050000e-09  1.16961395e+00 
 1.47150000e-09  1.18820603e+00 
 1.47250000e-09  1.20618469e+00 
 1.47350000e-09  1.22354914e+00 
 1.47450000e-09  1.24030856e+00 
 1.47550000e-09  1.25647937e+00 
 1.47650000e-09  1.27208267e+00 
 1.47750000e-09  1.28714219e+00 
 1.47850000e-09  1.30168266e+00 
 1.47950000e-09  1.31572884e+00 
 1.48050000e-09  1.32930473e+00 
 1.48150000e-09  1.34243327e+00 
 1.48250000e-09  1.35513603e+00 
 1.48350000e-09  1.36743325e+00 
 1.48450000e-09  1.37934375e+00 
 1.48550000e-09  1.39088503e+00 
 1.48650000e-09  1.40207331e+00 
 1.48750000e-09  1.41292369e+00 
 1.48850000e-09  1.42345014e+00 
 1.48950000e-09  1.43366571e+00 
 1.49050000e-09  1.44358252e+00 
 1.49150000e-09  1.45321190e+00 
 1.49250000e-09  1.46256444e+00 
 1.49350000e-09  1.47165009e+00 
 1.49450000e-09  1.48047818e+00 
 1.49550000e-09  1.48905752e+00 
 1.49650000e-09  1.49739643e+00 
 1.49750000e-09  1.50550281e+00 
 1.49850000e-09  1.51338413e+00 
 1.49950000e-09  1.52104755e+00 
 1.50000000e-09  1.52479951e+00 
 1.50010000e-09  1.52554262e+00 
 1.50030000e-09  1.52702469e+00 
 1.50070000e-09  1.52996417e+00 
 1.50150000e-09  1.53574616e+00 
 1.50250000e-09  1.54279568e+00 
 1.50350000e-09  1.54965292e+00 
 1.50450000e-09  1.55632367e+00 
 1.50550000e-09  1.56281357e+00 
 1.50650000e-09  1.56912802e+00 
 1.50750000e-09  1.57527231e+00 
 1.50850000e-09  1.58125152e+00 
 1.50950000e-09  1.58707064e+00 
 1.51050000e-09  1.59273445e+00 
 1.51150000e-09  1.59824763e+00 
 1.51250000e-09  1.60361468e+00 
 1.51350000e-09  1.60883999e+00 
 1.51450000e-09  1.61392776e+00 
 1.51550000e-09  1.61888205e+00 
 1.51650000e-09  1.62370675e+00 
 1.51750000e-09  1.62840560e+00 
 1.51850000e-09  1.63298213e+00 
 1.51950000e-09  1.63743976e+00 
 1.52050000e-09  1.64178173e+00 
 1.52150000e-09  1.64601112e+00 
 1.52250000e-09  1.65013088e+00 
 1.52350000e-09  1.65414384e+00 
 1.52450000e-09  1.65805270e+00 
 1.52550000e-09  1.66186007e+00 
 1.52650000e-09  1.66556845e+00 
 1.52750000e-09  1.66918027e+00 
 1.52850000e-09  1.67269790e+00 
 1.52950000e-09  1.67612361e+00 
 1.53050000e-09  1.67945964e+00 
 1.53150000e-09  1.68270818e+00 
 1.53250000e-09  1.68587134e+00 
 1.53350000e-09  1.68895122e+00 
 1.53450000e-09  1.69194986e+00 
 1.53550000e-09  1.69486926e+00 
 1.53650000e-09  1.69771137e+00 
 1.53750000e-09  1.70047814e+00 
 1.53850000e-09  1.70316662e+00 
 1.53950000e-09  1.70577637e+00 
 1.54050000e-09  1.70831707e+00 
 1.54150000e-09  1.71079097e+00 
 1.54250000e-09  1.71319958e+00 
 1.54350000e-09  1.71554468e+00 
 1.54450000e-09  1.71782773e+00 
 1.54550000e-09  1.72005057e+00 
 1.54650000e-09  1.72221451e+00 
 1.54750000e-09  1.72432140e+00 
 1.54850000e-09  1.72637248e+00 
 1.54950000e-09  1.72836955e+00 
 1.55000000e-09  1.72934808e+00 
 1.55010000e-09  1.72954200e+00 
 1.55030000e-09  1.72992877e+00 
 1.55070000e-09  1.73069612e+00 
 1.55150000e-09  1.73220651e+00 
 1.55250000e-09  1.73404977e+00 
 1.55350000e-09  1.73584460e+00 
 1.55450000e-09  1.73759233e+00 
 1.55550000e-09  1.73929429e+00 
 1.55650000e-09  1.74095176e+00 
 1.55750000e-09  1.74256599e+00 
 1.55850000e-09  1.74413819e+00 
 1.55950000e-09  1.74566954e+00 
 1.56050000e-09  1.74716119e+00 
 1.56150000e-09  1.74861424e+00 
 1.56250000e-09  1.75002977e+00 
 1.56350000e-09  1.75140883e+00 
 1.56450000e-09  1.75275241e+00 
 1.56550000e-09  1.75406150e+00 
 1.56650000e-09  1.75533703e+00 
 1.56750000e-09  1.75657992e+00 
 1.56850000e-09  1.75779104e+00 
 1.56950000e-09  1.75897124e+00 
 1.57050000e-09  1.76012133e+00 
 1.57150000e-09  1.76124213e+00 
 1.57250000e-09  1.76233436e+00 
 1.57350000e-09  1.76339877e+00 
 1.57450000e-09  1.76443608e+00 
 1.57550000e-09  1.76544695e+00 
 1.57650000e-09  1.76643204e+00 
 1.57750000e-09  1.76739200e+00 
 1.57850000e-09  1.76832743e+00 
 1.57950000e-09  1.76923892e+00 
 1.58050000e-09  1.77012704e+00 
 1.58150000e-09  1.77099234e+00 
 1.58250000e-09  1.77183534e+00 
 1.58350000e-09  1.77265656e+00 
 1.58450000e-09  1.77345649e+00 
 1.58550000e-09  1.77423561e+00 
 1.58650000e-09  1.77499439e+00 
 1.58750000e-09  1.77573327e+00 
 1.58850000e-09  1.77645270e+00 
 1.58950000e-09  1.77715310e+00 
 1.59050000e-09  1.77783489e+00 
 1.59150000e-09  1.77849846e+00 
 1.59250000e-09  1.77914424e+00 
 1.59350000e-09  1.77977259e+00 
 1.59450000e-09  1.78038390e+00 
 1.59550000e-09  1.78097856e+00 
 1.59650000e-09  1.78155692e+00 
 1.59750000e-09  1.78211937e+00 
 1.59850000e-09  1.78266625e+00 
 1.59950000e-09  1.78319794e+00 
 1.60050000e-09  1.78371478e+00 
 1.60150000e-09  1.78421712e+00 
 1.60250000e-09  1.78470533e+00 
 1.60350000e-09  1.78517974e+00 
 1.60450000e-09  1.78564071e+00 
 1.60550000e-09  1.78608858e+00 
 1.60650000e-09  1.78652371e+00 
 1.60750000e-09  1.78694642e+00 
 1.60850000e-09  1.78735708e+00 
 1.60950000e-09  1.78775601e+00 
 1.61050000e-09  1.78814357e+00 
 1.61150000e-09  1.78852010e+00 
 1.61250000e-09  1.78888593e+00 
 1.61350000e-09  1.78924140e+00 
 1.61450000e-09  1.78958683e+00 
 1.61550000e-09  1.78992256e+00 
 1.61650000e-09  1.79024890e+00 
 1.61750000e-09  1.79056615e+00 
 1.61850000e-09  1.79087460e+00 
 1.61950000e-09  1.79117453e+00 
 1.62050000e-09  1.79146621e+00 
 1.62150000e-09  1.79174986e+00 
 1.62250000e-09  1.79202571e+00 
 1.62350000e-09  1.79229396e+00 
 1.62450000e-09  1.79255477e+00 
 1.62550000e-09  1.79280831e+00 
 1.62650000e-09  1.79305472e+00 
 1.62750000e-09  1.79329412e+00 
 1.62850000e-09  1.79352662e+00 
 1.62950000e-09  1.79375232e+00 
 1.63050000e-09  1.79397132e+00 
 1.63150000e-09  1.79418370e+00 
 1.63250000e-09  1.79438956e+00 
 1.63350000e-09  1.79458900e+00 
 1.63450000e-09  1.79478210e+00 
 1.63550000e-09  1.79496897e+00 
 1.63650000e-09  1.79514970e+00 
 1.63750000e-09  1.79532441e+00 
 1.63850000e-09  1.79549321e+00 
 1.63950000e-09  1.79565623e+00 
 1.64050000e-09  1.79581359e+00 
 1.64150000e-09  1.79596542e+00 
 1.64250000e-09  1.79611186e+00 
 1.64350000e-09  1.79625306e+00 
 1.64450000e-09  1.79638914e+00 
 1.64550000e-09  1.79652025e+00 
 1.64650000e-09  1.79664654e+00 
 1.64750000e-09  1.79676815e+00 
 1.64850000e-09  1.79688522e+00 
 1.64950000e-09  1.79699791e+00 
 1.65050000e-09  1.79710636e+00 
 1.65150000e-09  1.79721070e+00 
 1.65250000e-09  1.79731108e+00 
 1.65350000e-09  1.79740765e+00 
 1.65450000e-09  1.79750052e+00 
 1.65550000e-09  1.79758985e+00 
 1.65650000e-09  1.79767576e+00 
 1.65750000e-09  1.79775837e+00 
 1.65850000e-09  1.79783782e+00 
 1.65950000e-09  1.79791422e+00 
 1.66050000e-09  1.79798769e+00 
 1.66150000e-09  1.79805835e+00 
 1.66250000e-09  1.79812630e+00 
 1.66350000e-09  1.79819166e+00 
 1.66450000e-09  1.79825453e+00 
 1.66550000e-09  1.79831500e+00 
 1.66650000e-09  1.79837317e+00 
 1.66750000e-09  1.79842914e+00 
 1.66850000e-09  1.79848300e+00 
 1.66950000e-09  1.79853482e+00 
 1.67050000e-09  1.79858470e+00 
 1.67150000e-09  1.79863271e+00 
 1.67250000e-09  1.79867893e+00 
 1.67350000e-09  1.79872343e+00 
 1.67450000e-09  1.79876629e+00 
 1.67550000e-09  1.79880756e+00 
 1.67650000e-09  1.79884732e+00 
 1.67750000e-09  1.79888562e+00 
 1.67850000e-09  1.79892252e+00 
 1.67950000e-09  1.79895808e+00 
 1.68050000e-09  1.79899236e+00 
 1.68150000e-09  1.79902541e+00 
 1.68250000e-09  1.79905727e+00 
 1.68350000e-09  1.79908799e+00 
 1.68450000e-09  1.79911762e+00 
 1.68550000e-09  1.79914621e+00 
 1.68650000e-09  1.79917378e+00 
 1.68750000e-09  1.79920039e+00 
 1.68850000e-09  1.79922606e+00 
 1.68950000e-09  1.79925085e+00 
 1.69050000e-09  1.79927477e+00 
 1.69150000e-09  1.79929787e+00 
 1.69250000e-09  1.79932017e+00 
 1.69350000e-09  1.79934171e+00 
 1.69450000e-09  1.79936252e+00 
 1.69550000e-09  1.79938261e+00 
 1.69650000e-09  1.79940203e+00 
 1.69750000e-09  1.79942080e+00 
 1.69850000e-09  1.79943893e+00 
 1.69950000e-09  1.79945646e+00 
 1.70000000e-09  1.79946500e+00 
 1.70010000e-09  1.79968081e+00 
 1.70030000e-09  1.79991172e+00 
 1.70070000e-09  1.80022325e+00 
 1.70150000e-09  1.80116453e+00 
 1.70250000e-09  1.80265441e+00 
 1.70350000e-09  1.80450523e+00 
 1.70450000e-09  1.80654661e+00 
 1.70550000e-09  1.80879251e+00 
 1.70650000e-09  1.81112365e+00 
 1.70750000e-09  1.81356684e+00 
 1.70850000e-09  1.81603811e+00 
 1.70950000e-09  1.81856820e+00 
 1.71050000e-09  1.82109726e+00 
 1.71150000e-09  1.82365540e+00 
 1.71250000e-09  1.82619915e+00 
 1.71350000e-09  1.82875604e+00 
 1.71450000e-09  1.83129400e+00 
 1.71550000e-09  1.83383770e+00 
 1.71650000e-09  1.83636194e+00 
 1.71750000e-09  1.83887609e+00 
 1.71850000e-09  1.84138100e+00 
 1.71950000e-09  1.84389473e+00 
 1.72050000e-09  1.84641261e+00 
 1.72150000e-09  1.84895583e+00 
 1.72250000e-09  1.85152495e+00 
 1.72350000e-09  1.85414300e+00 
 1.72450000e-09  1.85681320e+00 
 1.72550000e-09  1.85955461e+00 
 1.72650000e-09  1.86236545e+00 
 1.72750000e-09  1.86525456e+00 
 1.72850000e-09  1.86821134e+00 
 1.72950000e-09  1.87119005e+00 
 1.73050000e-09  1.87420483e+00 
 1.73150000e-09  1.87725675e+00 
 1.73250000e-09  1.88033095e+00 
 1.73350000e-09  1.88342468e+00 
 1.73450000e-09  1.88653104e+00 
 1.73550000e-09  1.88965255e+00 
 1.73650000e-09  1.89279153e+00 
 1.73750000e-09  1.89595980e+00 
 1.73850000e-09  1.89917068e+00 
 1.73950000e-09  1.90244807e+00 
 1.74050000e-09  1.90581902e+00 
 1.74150000e-09  1.90932467e+00 
 1.74250000e-09  1.91301558e+00 
 1.74350000e-09  1.91696819e+00 
 1.74450000e-09  1.92127728e+00 
 1.74550000e-09  1.92626385e+00 
 1.74650000e-09  1.93191392e+00 
 1.74750000e-09  1.93820691e+00 
 1.74850000e-09  1.94524041e+00 
 1.74950000e-09  1.95309754e+00 
 1.75000000e-09  1.95737899e+00 
 1.75010000e-09  1.95864133e+00 
 1.75030000e-09  1.96081738e+00 
 1.75070000e-09  1.96492444e+00 
 1.75150000e-09  1.97327576e+00 
 1.75250000e-09  1.98353171e+00 
 1.75350000e-09  1.99329670e+00 
 1.75450000e-09  2.00133919e+00 
 1.75550000e-09  2.00605234e+00 
 1.75650000e-09  2.00534623e+00 
 1.75750000e-09  1.99791167e+00 
 1.75850000e-09  1.98314104e+00 
 1.75950000e-09  1.96236367e+00 
 1.76050000e-09  1.93618064e+00 
 1.76150000e-09  1.90434613e+00 
 1.76250000e-09  1.86718860e+00 
 1.76350000e-09  1.82520022e+00 
 1.76450000e-09  1.77864349e+00 
 1.76550000e-09  1.72784661e+00 
 1.76650000e-09  1.67299906e+00 
 1.76750000e-09  1.61432025e+00 
 1.76850000e-09  1.55177195e+00 
 1.76950000e-09  1.48539268e+00 
 1.77050000e-09  1.41517576e+00 
 1.77150000e-09  1.34075837e+00 
 1.77250000e-09  1.26155853e+00 
 1.77350000e-09  1.17711498e+00 
 1.77450000e-09  1.08752818e+00 
 1.77550000e-09  9.93697567e-01 
 1.77650000e-09  8.96722372e-01 
 1.77750000e-09  7.97592306e-01 
 1.77850000e-09  6.97239161e-01 
 1.77950000e-09  5.96968404e-01 
 1.78050000e-09  4.99290464e-01 
 1.78150000e-09  4.08507889e-01 
 1.78250000e-09  3.27904602e-01 
 1.78350000e-09  2.59015440e-01 
 1.78450000e-09  2.02415292e-01 
 1.78550000e-09  1.57205337e-01 
 1.78650000e-09  1.21812862e-01 
 1.78750000e-09  9.45152500e-02 
 1.78850000e-09  7.36958470e-02 
 1.78950000e-09  5.79068716e-02 
 1.79050000e-09  4.59930542e-02 
 1.79150000e-09  3.69703674e-02 
 1.79250000e-09  3.01759261e-02 
 1.79350000e-09  2.50078227e-02 
 1.79450000e-09  2.10605676e-02 
 1.79550000e-09  1.79938717e-02 
 1.79650000e-09  1.55973010e-02 
 1.79750000e-09  1.36798019e-02 
 1.79850000e-09  1.21380385e-02 
 1.79950000e-09  1.08623059e-02 
 1.80050000e-09  9.80563726e-03 
 1.80150000e-09  8.90205873e-03 
 1.80250000e-09  8.13350061e-03 
 1.80350000e-09  7.45739880e-03 
 1.80450000e-09  6.87012231e-03 
 1.80550000e-09  6.34193473e-03 
 1.80650000e-09  5.87618953e-03 
 1.80750000e-09  5.45046856e-03 
 1.80850000e-09  5.07130437e-03 
 1.80950000e-09  4.72071833e-03 
 1.81050000e-09  4.40649826e-03 
 1.81150000e-09  4.11357733e-03 
 1.81250000e-09  3.85003677e-03 
 1.81350000e-09  3.60288555e-03 
 1.81450000e-09  3.38002622e-03 
 1.81550000e-09  3.17006283e-03 
 1.81650000e-09  2.98049623e-03 
 1.81750000e-09  2.80122951e-03 
 1.81850000e-09  2.63926544e-03 
 1.81950000e-09  2.48560840e-03 
 1.82050000e-09  2.34673119e-03 
 1.82150000e-09  2.21459613e-03 
 1.82250000e-09  2.09514695e-03 
 1.82350000e-09  1.98119242e-03 
 1.82450000e-09  1.87816454e-03 
 1.82550000e-09  1.77962715e-03 
 1.82650000e-09  1.69052586e-03 
 1.82750000e-09  1.60510201e-03 
 1.82850000e-09  1.52784366e-03 
 1.82950000e-09  1.45360221e-03 
 1.83050000e-09  1.38643811e-03 
 1.83150000e-09  1.32175347e-03 
 1.83250000e-09  1.26321085e-03 
 1.83350000e-09  1.20671027e-03 
 1.83450000e-09  1.15554525e-03 
 1.83550000e-09  1.10606654e-03 
 1.83650000e-09  1.06122616e-03 
 1.83750000e-09  1.01778327e-03 
 1.83850000e-09  9.78374447e-04 
 1.83950000e-09  9.40129193e-04 
 1.84050000e-09  9.05393121e-04 
 1.84150000e-09  8.71631796e-04 
 1.84250000e-09  8.40922756e-04 
 1.84350000e-09  8.11036675e-04 
 1.84450000e-09  7.83804374e-04 
 1.84550000e-09  7.57273640e-04 
 1.84650000e-09  7.33048451e-04 
 1.84750000e-09  7.09428364e-04 
 1.84850000e-09  6.87808964e-04 
 1.84950000e-09  6.66718603e-04 
 1.85050000e-09  6.47361585e-04 
 1.85150000e-09  6.28474202e-04 
 1.85250000e-09  6.11085335e-04 
 1.85350000e-09  5.94120263e-04 
 1.85450000e-09  5.78447118e-04 
 1.85550000e-09  5.63162929e-04 
 1.85650000e-09  5.48988659e-04 
 1.85750000e-09  5.35177384e-04 
 1.85850000e-09  5.22315458e-04 
 1.85950000e-09  5.09797687e-04 
 1.86050000e-09  4.98087433e-04 
 1.86150000e-09  4.86708167e-04 
 1.86250000e-09  4.76010993e-04 
 1.86350000e-09  4.65636117e-04 
 1.86450000e-09  4.55832306e-04 
 1.86550000e-09  4.46345591e-04 
 1.86650000e-09  4.37331575e-04 
 1.86750000e-09  4.28632133e-04 
 1.86850000e-09  4.20318178e-04 
 1.86950000e-09  4.12318289e-04 
 1.87050000e-09  4.04626523e-04 
 1.87150000e-09  3.97249787e-04 
 1.87250000e-09  3.90112518e-04 
 1.87350000e-09  3.83292274e-04 
 1.87450000e-09  3.76650558e-04 
 1.87550000e-09  3.70328539e-04 
 1.87650000e-09  3.64130958e-04 
 1.87750000e-09  3.58256133e-04 
 1.87850000e-09  3.52457752e-04 
 1.87950000e-09  3.46985344e-04 
 1.88050000e-09  3.41546814e-04 
 1.88150000e-09  3.36437455e-04 
 1.88250000e-09  3.31324253e-04 
 1.88350000e-09  3.26543258e-04 
 1.88450000e-09  3.21725029e-04 
 1.88550000e-09  3.17241776e-04 
 1.88650000e-09  3.12691775e-04 
 1.88750000e-09  3.08479170e-04 
 1.88850000e-09  3.04173780e-04 
 1.88950000e-09  3.00207799e-04 
 1.89050000e-09  2.96126114e-04 
 1.89150000e-09  2.92385410e-04 
 1.89250000e-09  2.88508886e-04 
 1.89350000e-09  2.84974442e-04 
 1.89450000e-09  2.81286587e-04 
 1.89550000e-09  2.77941429e-04 
 1.89650000e-09  2.74427542e-04 
 1.89750000e-09  2.71256483e-04 
 1.89850000e-09  2.67903425e-04 
 1.89950000e-09  2.64892845e-04 
 1.90050000e-09  2.61688844e-04 
 1.90150000e-09  2.58826501e-04 
 1.90250000e-09  2.55760985e-04 
 1.90350000e-09  2.53035850e-04 
 1.90450000e-09  2.50099297e-04 
 1.90550000e-09  2.47501411e-04 
 1.90650000e-09  2.44685226e-04 
 1.90750000e-09  2.42205577e-04 
 1.90850000e-09  2.39501978e-04 
 1.90950000e-09  2.37132392e-04 
 1.91050000e-09  2.34534317e-04 
 1.91150000e-09  2.32267364e-04 
 1.91250000e-09  2.29768389e-04 
 1.91350000e-09  2.27597301e-04 
 1.91450000e-09  2.25191565e-04 
 1.91550000e-09  2.23110163e-04 
 1.91650000e-09  2.20792308e-04 
 1.91750000e-09  2.18794941e-04 
 1.91850000e-09  2.16560055e-04 
 1.91950000e-09  2.14641542e-04 
 1.92050000e-09  2.12485112e-04 
 1.92150000e-09  2.10640696e-04 
 1.92250000e-09  2.08558566e-04 
 1.92350000e-09  2.06783871e-04 
 1.92450000e-09  2.04772203e-04 
 1.92550000e-09  2.03063194e-04 
 1.92650000e-09  2.01118440e-04 
 1.92750000e-09  1.99471391e-04 
 1.92850000e-09  1.97590260e-04 
 1.92950000e-09  1.96001726e-04 
 1.93050000e-09  1.94181159e-04 
 1.93150000e-09  1.92647949e-04 
 1.93250000e-09  1.90885102e-04 
 1.93350000e-09  1.89404252e-04 
 1.93450000e-09  1.87696469e-04 
 1.93550000e-09  1.86265229e-04 
 1.93650000e-09  1.84610031e-04 
 1.93750000e-09  1.83225838e-04 
 1.93850000e-09  1.81620903e-04 
 1.93950000e-09  1.80281370e-04 
 1.94050000e-09  1.78724521e-04 
 1.94150000e-09  1.77427422e-04 
 1.94250000e-09  1.75916614e-04 
 1.94350000e-09  1.74659867e-04 
 1.94450000e-09  1.73193179e-04 
 1.94550000e-09  1.71974838e-04 
 1.94650000e-09  1.70550458e-04 
 1.94750000e-09  1.69368701e-04 
 1.94850000e-09  1.67984920e-04 
 1.94950000e-09  1.66838037e-04 
 1.95000000e-09  1.66110351e-04 
 1.95010000e-09  1.66037806e-04 
 1.95030000e-09  1.65794244e-04 
 1.95070000e-09  1.65299719e-04 
 1.95150000e-09  1.64328466e-04 
 1.95250000e-09  1.63122936e-04 
 1.95350000e-09  1.61940539e-04 
 1.95450000e-09  1.60768550e-04 
 1.95550000e-09  1.59618955e-04 
 1.95650000e-09  1.58479148e-04 
 1.95750000e-09  1.57361023e-04 
 1.95850000e-09  1.56252106e-04 
 1.95950000e-09  1.55164189e-04 
 1.96050000e-09  1.54084940e-04 
 1.96150000e-09  1.53026034e-04 
 1.96250000e-09  1.51975293e-04 
 1.96350000e-09  1.50944264e-04 
 1.96450000e-09  1.49920934e-04 
 1.96550000e-09  1.48916707e-04 
 1.96650000e-09  1.47919744e-04 
 1.96750000e-09  1.46941299e-04 
 1.96850000e-09  1.45969714e-04 
 1.96950000e-09  1.45016082e-04 
 1.97050000e-09  1.44068934e-04 
 1.97150000e-09  1.43139195e-04 
 1.97250000e-09  1.42215590e-04 
 1.97350000e-09  1.41308866e-04 
 1.97450000e-09  1.40407952e-04 
 1.97550000e-09  1.39523412e-04 
 1.97650000e-09  1.38644379e-04 
 1.97750000e-09  1.37781228e-04 
 1.97850000e-09  1.36923303e-04 
 1.97950000e-09  1.36080786e-04 
 1.98050000e-09  1.35243231e-04 
 1.98150000e-09  1.34420627e-04 
 1.98250000e-09  1.33602739e-04 
 1.98350000e-09  1.32799359e-04 
 1.98450000e-09  1.32000467e-04 
 1.98550000e-09  1.31215655e-04 
 1.98650000e-09  1.30435117e-04 
 1.98750000e-09  1.29668245e-04 
 1.98850000e-09  1.28905449e-04 
 1.98950000e-09  1.28155918e-04 
 1.99050000e-09  1.27410278e-04 
 1.99150000e-09  1.26677513e-04 
 1.99250000e-09  1.25948467e-04 
 1.99350000e-09  1.25231921e-04 
 1.99450000e-09  1.24518933e-04 
 1.99550000e-09  1.23818081e-04 
 1.99650000e-09  1.23120637e-04 
 1.99750000e-09  1.22434977e-04 
 1.99850000e-09  1.21752584e-04 
 1.99950000e-09  1.21081633e-04 
 2.00000000e-09  1.20745831e-04 
