 0.00000000e+00  2.66845816e-02 
 1.00000000e-14  2.66845816e-02 
 2.00000000e-14  2.66845816e-02 
 4.00000000e-14  2.66845816e-02 
 8.00000000e-14  2.66845816e-02 
 1.60000000e-13  2.66845816e-02 
 3.20000000e-13  2.66845816e-02 
 6.40000000e-13  2.66845816e-02 
 1.28000000e-12  2.66845816e-02 
 2.28000000e-12  2.66845816e-02 
 3.28000000e-12  2.66845816e-02 
 4.28000000e-12  2.66845816e-02 
 5.28000000e-12  2.66845816e-02 
 6.28000000e-12  2.66845816e-02 
 7.28000000e-12  2.66845816e-02 
 8.28000000e-12  2.66845816e-02 
 9.28000000e-12  2.66845816e-02 
 1.02800000e-11  2.66845816e-02 
 1.12800000e-11  2.66845816e-02 
 1.22800000e-11  2.66845816e-02 
 1.32800000e-11  2.66845816e-02 
 1.42800000e-11  2.66845816e-02 
 1.52800000e-11  2.66845816e-02 
 1.62800000e-11  2.66845816e-02 
 1.72800000e-11  2.66845816e-02 
 1.82800000e-11  2.66845816e-02 
 1.92800000e-11  2.66845816e-02 
 2.02800000e-11  2.66845816e-02 
 2.12800000e-11  2.66845816e-02 
 2.22800000e-11  2.66845816e-02 
 2.32800000e-11  2.66845816e-02 
 2.42800000e-11  2.66845816e-02 
 2.52800000e-11  2.66845816e-02 
 2.62800000e-11  2.66845816e-02 
 2.72800000e-11  2.66845816e-02 
 2.82800000e-11  2.66845816e-02 
 2.92800000e-11  2.66845816e-02 
 3.02800000e-11  2.66845816e-02 
 3.12800000e-11  2.66845816e-02 
 3.22800000e-11  2.66845816e-02 
 3.32800000e-11  2.66845816e-02 
 3.42800000e-11  2.66845816e-02 
 3.52800000e-11  2.66845816e-02 
 3.62800000e-11  2.66845816e-02 
 3.72800000e-11  2.66845816e-02 
 3.82800000e-11  2.66845816e-02 
 3.92800000e-11  2.66845816e-02 
 4.02800000e-11  2.66845816e-02 
 4.12800000e-11  2.66845816e-02 
 4.22800000e-11  2.66845816e-02 
 4.32800000e-11  2.66845816e-02 
 4.42800000e-11  2.66845816e-02 
 4.52800000e-11  2.66845816e-02 
 4.62800000e-11  2.66845816e-02 
 4.72800000e-11  2.66845816e-02 
 4.82800000e-11  2.66845816e-02 
 4.92800000e-11  2.66845816e-02 
 5.00000000e-11  2.66845816e-02 
 5.01000000e-11  2.66845816e-02 
 5.03000000e-11  2.66845816e-02 
 5.07000000e-11  2.66845816e-02 
 5.15000000e-11  2.66845816e-02 
 5.25000000e-11  2.66845816e-02 
 5.35000000e-11  2.66845816e-02 
 5.45000000e-11  2.66845816e-02 
 5.55000000e-11  2.66845816e-02 
 5.65000000e-11  2.66845816e-02 
 5.75000000e-11  2.66845816e-02 
 5.85000000e-11  2.66845816e-02 
 5.95000000e-11  2.66845816e-02 
 6.05000000e-11  2.66845816e-02 
 6.15000000e-11  2.66845816e-02 
 6.25000000e-11  2.66845816e-02 
 6.35000000e-11  2.66845816e-02 
 6.45000000e-11  2.66845816e-02 
 6.55000000e-11  2.66845816e-02 
 6.65000000e-11  2.66845816e-02 
 6.75000000e-11  2.66845816e-02 
 6.85000000e-11  2.66845816e-02 
 6.95000000e-11  2.66845816e-02 
 7.05000000e-11  2.66845816e-02 
 7.15000000e-11  2.66845816e-02 
 7.25000000e-11  2.66845816e-02 
 7.35000000e-11  2.66845816e-02 
 7.45000000e-11  2.66845816e-02 
 7.55000000e-11  2.66845816e-02 
 7.65000000e-11  2.66845816e-02 
 7.75000000e-11  2.66845816e-02 
 7.85000000e-11  2.66845816e-02 
 7.95000000e-11  2.66845816e-02 
 8.05000000e-11  2.66845816e-02 
 8.15000000e-11  2.66845816e-02 
 8.25000000e-11  2.66845816e-02 
 8.35000000e-11  2.66845816e-02 
 8.45000000e-11  2.66845816e-02 
 8.55000000e-11  2.66845816e-02 
 8.65000000e-11  2.66845816e-02 
 8.75000000e-11  2.66845816e-02 
 8.85000000e-11  2.66845816e-02 
 8.95000000e-11  2.66845816e-02 
 9.05000000e-11  2.66845816e-02 
 9.15000000e-11  2.66845816e-02 
 9.25000000e-11  2.66845816e-02 
 9.35000000e-11  2.66845816e-02 
 9.45000000e-11  2.66845816e-02 
 9.55000000e-11  2.66845816e-02 
 9.65000000e-11  2.66845816e-02 
 9.75000000e-11  2.66845816e-02 
 9.85000000e-11  2.66845816e-02 
 9.95000000e-11  2.66845816e-02 
 1.00500000e-10  2.66845816e-02 
 1.01500000e-10  2.66845816e-02 
 1.02500000e-10  2.66845816e-02 
 1.03500000e-10  2.66845816e-02 
 1.04500000e-10  2.66845816e-02 
 1.05500000e-10  2.66845816e-02 
 1.06500000e-10  2.66845816e-02 
 1.07500000e-10  2.66845816e-02 
 1.08500000e-10  2.66845816e-02 
 1.09500000e-10  2.66845816e-02 
 1.10500000e-10  2.66845816e-02 
 1.11500000e-10  2.66845816e-02 
 1.12500000e-10  2.66845816e-02 
 1.13500000e-10  2.66845816e-02 
 1.14500000e-10  2.66845816e-02 
 1.15500000e-10  2.66845816e-02 
 1.16500000e-10  2.66845816e-02 
 1.17500000e-10  2.66845816e-02 
 1.18500000e-10  2.66845816e-02 
 1.19500000e-10  2.66845816e-02 
 1.20500000e-10  2.66845816e-02 
 1.21500000e-10  2.66845816e-02 
 1.22500000e-10  2.66845816e-02 
 1.23500000e-10  2.66845816e-02 
 1.24500000e-10  2.66845816e-02 
 1.25500000e-10  2.66845816e-02 
 1.26500000e-10  2.66845816e-02 
 1.27500000e-10  2.66845816e-02 
 1.28500000e-10  2.66845816e-02 
 1.29500000e-10  2.66845816e-02 
 1.30500000e-10  2.66845816e-02 
 1.31500000e-10  2.66845816e-02 
 1.32500000e-10  2.66845816e-02 
 1.33500000e-10  2.66845816e-02 
 1.34500000e-10  2.66845816e-02 
 1.35500000e-10  2.66845816e-02 
 1.36500000e-10  2.66845816e-02 
 1.37500000e-10  2.66845816e-02 
 1.38500000e-10  2.66845816e-02 
 1.39500000e-10  2.66845816e-02 
 1.40500000e-10  2.66845816e-02 
 1.41500000e-10  2.66845816e-02 
 1.42500000e-10  2.66845816e-02 
 1.43500000e-10  2.66845816e-02 
 1.44500000e-10  2.66845816e-02 
 1.45500000e-10  2.66845816e-02 
 1.46500000e-10  2.66845816e-02 
 1.47500000e-10  2.66845816e-02 
 1.48500000e-10  2.66845816e-02 
 1.49500000e-10  2.66845816e-02 
 1.50500000e-10  2.66845816e-02 
 1.51500000e-10  2.66845816e-02 
 1.52500000e-10  2.66845816e-02 
 1.53500000e-10  2.66845816e-02 
 1.54500000e-10  2.66845816e-02 
 1.55500000e-10  2.66845816e-02 
 1.56500000e-10  2.66845816e-02 
 1.57500000e-10  2.66845816e-02 
 1.58500000e-10  2.66845816e-02 
 1.59500000e-10  2.66845816e-02 
 1.60500000e-10  2.66845816e-02 
 1.61500000e-10  2.66845816e-02 
 1.62500000e-10  2.66845816e-02 
 1.63500000e-10  2.66845816e-02 
 1.64500000e-10  2.66845816e-02 
 1.65500000e-10  2.66845816e-02 
 1.66500000e-10  2.66845816e-02 
 1.67500000e-10  2.66845816e-02 
 1.68500000e-10  2.66845816e-02 
 1.69500000e-10  2.66845816e-02 
 1.70500000e-10  2.66845816e-02 
 1.71500000e-10  2.66845816e-02 
 1.72500000e-10  2.66845816e-02 
 1.73500000e-10  2.66845816e-02 
 1.74500000e-10  2.66845816e-02 
 1.75500000e-10  2.66845816e-02 
 1.76500000e-10  2.66845816e-02 
 1.77500000e-10  2.66845816e-02 
 1.78500000e-10  2.66845816e-02 
 1.79500000e-10  2.66845816e-02 
 1.80500000e-10  2.66845816e-02 
 1.81500000e-10  2.66845816e-02 
 1.82500000e-10  2.66845816e-02 
 1.83500000e-10  2.66845816e-02 
 1.84500000e-10  2.66845816e-02 
 1.85500000e-10  2.66845816e-02 
 1.86500000e-10  2.66845816e-02 
 1.87500000e-10  2.66845816e-02 
 1.88500000e-10  2.66845816e-02 
 1.89500000e-10  2.66845816e-02 
 1.90500000e-10  2.66845816e-02 
 1.91500000e-10  2.66845816e-02 
 1.92500000e-10  2.66845816e-02 
 1.93500000e-10  2.66845816e-02 
 1.94500000e-10  2.66845816e-02 
 1.95500000e-10  2.66845816e-02 
 1.96500000e-10  2.66845816e-02 
 1.97500000e-10  2.66845816e-02 
 1.98500000e-10  2.66845816e-02 
 1.99500000e-10  2.66845816e-02 
 2.00000000e-10  2.66845816e-02 
 2.00100000e-10  2.72167738e-02 
 2.00300000e-10  2.78671907e-02 
 2.00700000e-10  2.85768876e-02 
 2.01500000e-10  2.96177619e-02 
 2.02500000e-10  3.01792306e-02 
 2.03500000e-10  3.03774299e-02 
 2.04500000e-10  3.02829852e-02 
 2.05500000e-10  3.01222833e-02 
 2.06500000e-10  2.98665993e-02 
 2.07500000e-10  2.96364353e-02 
 2.08500000e-10  2.93798025e-02 
 2.09500000e-10  2.91704368e-02 
 2.10500000e-10  2.89573751e-02 
 2.11500000e-10  2.87911368e-02 
 2.12500000e-10  2.86279105e-02 
 2.13500000e-10  2.85048147e-02 
 2.14500000e-10  2.83860055e-02 
 2.15500000e-10  2.82998801e-02 
 2.16500000e-10  2.82171704e-02 
 2.17500000e-10  2.81600532e-02 
 2.18500000e-10  2.81044024e-02 
 2.19500000e-10  2.80676124e-02 
 2.20500000e-10  2.80294339e-02 
 2.21500000e-10  2.80034617e-02 
 2.22500000e-10  2.79724825e-02 
 2.23500000e-10  2.79473599e-02 
 2.24500000e-10  2.79139203e-02 
 2.25500000e-10  2.78819893e-02 
 2.26500000e-10  2.78410713e-02 
 2.27500000e-10  2.78005091e-02 
 2.28500000e-10  2.77507883e-02 
 2.29500000e-10  2.76965644e-02 
 2.30500000e-10  2.76257333e-02 
 2.31500000e-10  2.75406849e-02 
 2.32500000e-10  2.74334943e-02 
 2.33500000e-10  2.73119161e-02 
 2.34500000e-10  2.71765740e-02 
 2.35500000e-10  2.70422466e-02 
 2.36500000e-10  2.69169634e-02 
 2.37500000e-10  2.68184120e-02 
 2.38500000e-10  2.67514650e-02 
 2.39500000e-10  2.67188876e-02 
 2.40500000e-10  2.66996427e-02 
 2.41500000e-10  2.66595497e-02 
 2.42500000e-10  2.65352653e-02 
 2.43500000e-10  2.62531325e-02 
 2.44500000e-10  2.57402669e-02 
 2.45500000e-10  2.49800240e-02 
 2.46500000e-10  2.40231059e-02 
 2.47500000e-10  2.29721985e-02 
 2.48500000e-10  2.19265697e-02 
 2.49500000e-10  2.09638663e-02 
 2.50000000e-10  2.05260701e-02 
 2.50100000e-10  2.03378470e-02 
 2.50300000e-10  2.00222631e-02 
 2.50700000e-10  1.96045686e-02 
 2.51500000e-10  1.89192083e-02 
 2.52500000e-10  1.81941096e-02 
 2.53500000e-10  1.76389598e-02 
 2.54500000e-10  1.72228680e-02 
 2.55500000e-10  1.69402615e-02 
 2.56500000e-10  1.67503267e-02 
 2.57500000e-10  1.66461650e-02 
 2.58500000e-10  1.65957507e-02 
 2.59500000e-10  1.65970982e-02 
 2.60500000e-10  1.66279964e-02 
 2.61500000e-10  1.66901595e-02 
 2.62500000e-10  1.67685043e-02 
 2.63500000e-10  1.68662957e-02 
 2.64500000e-10  1.69721908e-02 
 2.65500000e-10  1.70994279e-02 
 2.66500000e-10  1.72257219e-02 
 2.67500000e-10  1.73645051e-02 
 2.68500000e-10  1.75060956e-02 
 2.69500000e-10  1.76594587e-02 
 2.70500000e-10  1.78161191e-02 
 2.71500000e-10  1.79829530e-02 
 2.72500000e-10  1.81547192e-02 
 2.73500000e-10  1.83342796e-02 
 2.74500000e-10  1.85190639e-02 
 2.75500000e-10  1.87120267e-02 
 2.76500000e-10  1.89111087e-02 
 2.77500000e-10  1.91184164e-02 
 2.78500000e-10  1.93324734e-02 
 2.79500000e-10  1.95550019e-02 
 2.80500000e-10  1.97849901e-02 
 2.81500000e-10  2.00239091e-02 
 2.82500000e-10  2.02710911e-02 
 2.83500000e-10  2.05278333e-02 
 2.84500000e-10  2.07937341e-02 
 2.85500000e-10  2.10699810e-02 
 2.86500000e-10  2.13563761e-02 
 2.87500000e-10  2.16540449e-02 
 2.88500000e-10  2.19629869e-02 
 2.89500000e-10  2.22842939e-02 
 2.90500000e-10  2.26181420e-02 
 2.91500000e-10  2.29656272e-02 
 2.92500000e-10  2.33270973e-02 
 2.93500000e-10  2.37036867e-02 
 2.94500000e-10  2.40959179e-02 
 2.95500000e-10  2.45049980e-02 
 2.96500000e-10  2.49316355e-02 
 2.97500000e-10  2.53771467e-02 
 2.98500000e-10  2.58424459e-02 
 2.99500000e-10  2.63289992e-02 
 3.00500000e-10  2.68379564e-02 
 3.01500000e-10  2.73709817e-02 
 3.02500000e-10  2.79295019e-02 
 3.03500000e-10  2.85154375e-02 
 3.04500000e-10  2.91305484e-02 
 3.05500000e-10  2.97770852e-02 
 3.06500000e-10  3.04572162e-02 
 3.07500000e-10  3.11736156e-02 
 3.08500000e-10  3.19289610e-02 
 3.09500000e-10  3.27264722e-02 
 3.10500000e-10  3.35694709e-02 
 3.11500000e-10  3.44618829e-02 
 3.12500000e-10  3.54078547e-02 
 3.13500000e-10  3.64122313e-02 
 3.14500000e-10  3.74802280e-02 
 3.15500000e-10  3.86178947e-02 
 3.16500000e-10  3.98318438e-02 
 3.17500000e-10  4.11297151e-02 
 3.18500000e-10  4.25199631e-02 
 3.19500000e-10  4.40123365e-02 
 3.20500000e-10  4.56177331e-02 
 3.21500000e-10  4.73487110e-02 
 3.22500000e-10  4.92194224e-02 
 3.23500000e-10  5.12461761e-02 
 3.24500000e-10  5.34474667e-02 
 3.25500000e-10  5.58446114e-02 
 3.26500000e-10  5.84618953e-02 
 3.27500000e-10  6.13273076e-02 
 3.28500000e-10  6.44728236e-02 
 3.29500000e-10  6.79352556e-02 
 3.30500000e-10  7.17566552e-02 
 3.31500000e-10  7.59851937e-02 
 3.32500000e-10  8.06754216e-02 
 3.33500000e-10  8.58885260e-02 
 3.34500000e-10  9.16910176e-02 
 3.35500000e-10  9.81516866e-02 
 3.36500000e-10  1.05334736e-01 
 3.37500000e-10  1.13289869e-01 
 3.38500000e-10  1.22040549e-01 
 3.39500000e-10  1.31575959e-01 
 3.40500000e-10  1.41850889e-01 
 3.41500000e-10  1.52795591e-01 
 3.42500000e-10  1.64330365e-01 
 3.43500000e-10  1.76378900e-01 
 3.44500000e-10  1.88875769e-01 
 3.45500000e-10  2.01769135e-01 
 3.46500000e-10  2.15019816e-01 
 3.47500000e-10  2.28599510e-01 
 3.48500000e-10  2.42488268e-01 
 3.49500000e-10  2.56672541e-01 
 3.50500000e-10  2.71143312e-01 
 3.51500000e-10  2.85894838e-01 
 3.52500000e-10  3.00923525e-01 
 3.53500000e-10  3.16227214e-01 
 3.54500000e-10  3.31804527e-01 
 3.55500000e-10  3.47654471e-01 
 3.56500000e-10  3.63776058e-01 
 3.57500000e-10  3.80168094e-01 
 3.58500000e-10  3.96828964e-01 
 3.59500000e-10  4.13756551e-01 
 3.60500000e-10  4.30948147e-01 
 3.61500000e-10  4.48400468e-01 
 3.62500000e-10  4.66109665e-01 
 3.63500000e-10  4.84071421e-01 
 3.64500000e-10  5.02281010e-01 
 3.65500000e-10  5.20733410e-01 
 3.66500000e-10  5.39423337e-01 
 3.67500000e-10  5.58345294e-01 
 3.68500000e-10  5.77493520e-01 
 3.69500000e-10  5.96861985e-01 
 3.70500000e-10  6.16444319e-01 
 3.71500000e-10  6.36233917e-01 
 3.72500000e-10  6.56223980e-01 
 3.73500000e-10  6.76407677e-01 
 3.74500000e-10  6.96778249e-01 
 3.75500000e-10  7.17329138e-01 
 3.76500000e-10  7.38053942e-01 
 3.77500000e-10  7.58946337e-01 
 3.78500000e-10  7.79999785e-01 
 3.79500000e-10  8.01207200e-01 
 3.80500000e-10  8.22560412e-01 
 3.81500000e-10  8.44049643e-01 
 3.82500000e-10  8.65662853e-01 
 3.83500000e-10  8.87385183e-01 
 3.84500000e-10  9.09198323e-01 
 3.85500000e-10  9.31080015e-01 
 3.86500000e-10  9.53003482e-01 
 3.87500000e-10  9.74936945e-01 
 3.88500000e-10  9.96843044e-01 
 3.89500000e-10  1.01867838e+00 
 3.90500000e-10  1.04039323e+00 
 3.91500000e-10  1.06193180e+00 
 3.92500000e-10  1.08323316e+00 
 3.93500000e-10  1.10423318e+00 
 3.94500000e-10  1.12486728e+00 
 3.95500000e-10  1.14507390e+00 
 3.96500000e-10  1.16479823e+00 
 3.97500000e-10  1.18399564e+00 
 3.98500000e-10  1.20263406e+00 
 3.99500000e-10  1.22069498e+00 
 4.00500000e-10  1.23817226e+00 
 4.01500000e-10  1.25506997e+00 
 4.02500000e-10  1.27140005e+00 
 4.03500000e-10  1.28717939e+00 
 4.04500000e-10  1.30242760e+00 
 4.05500000e-10  1.31716532e+00 
 4.06500000e-10  1.33141314e+00 
 4.07500000e-10  1.34519104e+00 
 4.08500000e-10  1.35851810e+00 
 4.09500000e-10  1.37141250e+00 
 4.10500000e-10  1.38389142e+00 
 4.11500000e-10  1.39597120e+00 
 4.12500000e-10  1.40766733e+00 
 4.13500000e-10  1.41899454e+00 
 4.14500000e-10  1.42996681e+00 
 4.15500000e-10  1.44059749e+00 
 4.16500000e-10  1.45089925e+00 
 4.17500000e-10  1.46088418e+00 
 4.18500000e-10  1.47056382e+00 
 4.19500000e-10  1.47994914e+00 
 4.20500000e-10  1.48905063e+00 
 4.21500000e-10  1.49787829e+00 
 4.22500000e-10  1.50644167e+00 
 4.23500000e-10  1.51474988e+00 
 4.24500000e-10  1.52281163e+00 
 4.25500000e-10  1.53063526e+00 
 4.26500000e-10  1.53822871e+00 
 4.27500000e-10  1.54559961e+00 
 4.28500000e-10  1.55275523e+00 
 4.29500000e-10  1.55970258e+00 
 4.30500000e-10  1.56644833e+00 
 4.31500000e-10  1.57299892e+00 
 4.32500000e-10  1.57936049e+00 
 4.33500000e-10  1.58553898e+00 
 4.34500000e-10  1.59154007e+00 
 4.35500000e-10  1.59736924e+00 
 4.36500000e-10  1.60303174e+00 
 4.37500000e-10  1.60853267e+00 
 4.38500000e-10  1.61387689e+00 
 4.39500000e-10  1.61906915e+00 
 4.40500000e-10  1.62411397e+00 
 4.41500000e-10  1.62901576e+00 
 4.42500000e-10  1.63377876e+00 
 4.43500000e-10  1.63840708e+00 
 4.44500000e-10  1.64290467e+00 
 4.45500000e-10  1.64727538e+00 
 4.46500000e-10  1.65152292e+00 
 4.47500000e-10  1.65565092e+00 
 4.48500000e-10  1.65966279e+00 
 4.49500000e-10  1.66356193e+00 
 4.50000000e-10  1.66547015e+00 
 4.50100000e-10  1.66584801e+00 
 4.50300000e-10  1.66660158e+00 
 4.50700000e-10  1.66809591e+00 
 4.51500000e-10  1.67103415e+00 
 4.52500000e-10  1.67461428e+00 
 4.53500000e-10  1.67809414e+00 
 4.54500000e-10  1.68147660e+00 
 4.55500000e-10  1.68476446e+00 
 4.56500000e-10  1.68796043e+00 
 4.57500000e-10  1.69106712e+00 
 4.58500000e-10  1.69408710e+00 
 4.59500000e-10  1.69702284e+00 
 4.60500000e-10  1.69987672e+00 
 4.61500000e-10  1.70265108e+00 
 4.62500000e-10  1.70534818e+00 
 4.63500000e-10  1.70797020e+00 
 4.64500000e-10  1.71051927e+00 
 4.65500000e-10  1.71299746e+00 
 4.66500000e-10  1.71540677e+00 
 4.67500000e-10  1.71774913e+00 
 4.68500000e-10  1.72002645e+00 
 4.69500000e-10  1.72224054e+00 
 4.70500000e-10  1.72439319e+00 
 4.71500000e-10  1.72648613e+00 
 4.72500000e-10  1.72852102e+00 
 4.73500000e-10  1.73049950e+00 
 4.74500000e-10  1.73242316e+00 
 4.75500000e-10  1.73429351e+00 
 4.76500000e-10  1.73611206e+00 
 4.77500000e-10  1.73788026e+00 
 4.78500000e-10  1.73959950e+00 
 4.79500000e-10  1.74127115e+00 
 4.80500000e-10  1.74289654e+00 
 4.81500000e-10  1.74447697e+00 
 4.82500000e-10  1.74601367e+00 
 4.83500000e-10  1.74750787e+00 
 4.84500000e-10  1.74896075e+00 
 4.85500000e-10  1.75037346e+00 
 4.86500000e-10  1.75174711e+00 
 4.87500000e-10  1.75308278e+00 
 4.88500000e-10  1.75438154e+00 
 4.89500000e-10  1.75564440e+00 
 4.90500000e-10  1.75687235e+00 
 4.91500000e-10  1.75806637e+00 
 4.92500000e-10  1.75922740e+00 
 4.93500000e-10  1.76035634e+00 
 4.94500000e-10  1.76145408e+00 
 4.95500000e-10  1.76252150e+00 
 4.96500000e-10  1.76355942e+00 
 4.97500000e-10  1.76456866e+00 
 4.98500000e-10  1.76555001e+00 
 4.99500000e-10  1.76650425e+00 
 5.00000000e-10  1.76697141e+00 
 5.00100000e-10  1.76706393e+00 
 5.00300000e-10  1.76724845e+00 
 5.00700000e-10  1.76761440e+00 
 5.01500000e-10  1.76833414e+00 
 5.02500000e-10  1.76921145e+00 
 5.03500000e-10  1.77006450e+00 
 5.04500000e-10  1.77089399e+00 
 5.05500000e-10  1.77170054e+00 
 5.06500000e-10  1.77248481e+00 
 5.07500000e-10  1.77324740e+00 
 5.08500000e-10  1.77398891e+00 
 5.09500000e-10  1.77470992e+00 
 5.10500000e-10  1.77541099e+00 
 5.11500000e-10  1.77609268e+00 
 5.12500000e-10  1.77675551e+00 
 5.13500000e-10  1.77740002e+00 
 5.14500000e-10  1.77802670e+00 
 5.15500000e-10  1.77863605e+00 
 5.16500000e-10  1.77922855e+00 
 5.17500000e-10  1.77980465e+00 
 5.18500000e-10  1.78036482e+00 
 5.19500000e-10  1.78090949e+00 
 5.20500000e-10  1.78143908e+00 
 5.21500000e-10  1.78195403e+00 
 5.22500000e-10  1.78245472e+00 
 5.23500000e-10  1.78294155e+00 
 5.24500000e-10  1.78341491e+00 
 5.25500000e-10  1.78387516e+00 
 5.26500000e-10  1.78432267e+00 
 5.27500000e-10  1.78475779e+00 
 5.28500000e-10  1.78518086e+00 
 5.29500000e-10  1.78559221e+00 
 5.30500000e-10  1.78599217e+00 
 5.31500000e-10  1.78638105e+00 
 5.32500000e-10  1.78675915e+00 
 5.33500000e-10  1.78712679e+00 
 5.34500000e-10  1.78748423e+00 
 5.35500000e-10  1.78783177e+00 
 5.36500000e-10  1.78816967e+00 
 5.37500000e-10  1.78849822e+00 
 5.38500000e-10  1.78881765e+00 
 5.39500000e-10  1.78912823e+00 
 5.40500000e-10  1.78943020e+00 
 5.41500000e-10  1.78972380e+00 
 5.42500000e-10  1.79000925e+00 
 5.43500000e-10  1.79028679e+00 
 5.44500000e-10  1.79055663e+00 
 5.45500000e-10  1.79081899e+00 
 5.46500000e-10  1.79107407e+00 
 5.47500000e-10  1.79132207e+00 
 5.48500000e-10  1.79156319e+00 
 5.49500000e-10  1.79179762e+00 
 5.50000000e-10  1.79191238e+00 
 5.50100000e-10  1.79193511e+00 
 5.50300000e-10  1.79198044e+00 
 5.50700000e-10  1.79207033e+00 
 5.51500000e-10  1.79224710e+00 
 5.52500000e-10  1.79246256e+00 
 5.53500000e-10  1.79267203e+00 
 5.54500000e-10  1.79287569e+00 
 5.55500000e-10  1.79307370e+00 
 5.56500000e-10  1.79326620e+00 
 5.57500000e-10  1.79345337e+00 
 5.58500000e-10  1.79363534e+00 
 5.59500000e-10  1.79381225e+00 
 5.60500000e-10  1.79398426e+00 
 5.61500000e-10  1.79415148e+00 
 5.62500000e-10  1.79431406e+00 
 5.63500000e-10  1.79447213e+00 
 5.64500000e-10  1.79462581e+00 
 5.65500000e-10  1.79477521e+00 
 5.66500000e-10  1.79492047e+00 
 5.67500000e-10  1.79506169e+00 
 5.68500000e-10  1.79519899e+00 
 5.69500000e-10  1.79533248e+00 
 5.70500000e-10  1.79546225e+00 
 5.71500000e-10  1.79558842e+00 
 5.72500000e-10  1.79571109e+00 
 5.73500000e-10  1.79583034e+00 
 5.74500000e-10  1.79594628e+00 
 5.75500000e-10  1.79605900e+00 
 5.76500000e-10  1.79616859e+00 
 5.77500000e-10  1.79627513e+00 
 5.78500000e-10  1.79637870e+00 
 5.79500000e-10  1.79647940e+00 
 5.80500000e-10  1.79657730e+00 
 5.81500000e-10  1.79667248e+00 
 5.82500000e-10  1.79676502e+00 
 5.83500000e-10  1.79685498e+00 
 5.84500000e-10  1.79694244e+00 
 5.85500000e-10  1.79702747e+00 
 5.86500000e-10  1.79711013e+00 
 5.87500000e-10  1.79719050e+00 
 5.88500000e-10  1.79726863e+00 
 5.89500000e-10  1.79734459e+00 
 5.90500000e-10  1.79741844e+00 
 5.91500000e-10  1.79749023e+00 
 5.92500000e-10  1.79756003e+00 
 5.93500000e-10  1.79762789e+00 
 5.94500000e-10  1.79769386e+00 
 5.95500000e-10  1.79775800e+00 
 5.96500000e-10  1.79782035e+00 
 5.97500000e-10  1.79788097e+00 
 5.98500000e-10  1.79793990e+00 
 5.99500000e-10  1.79799719e+00 
 6.00500000e-10  1.79805289e+00 
 6.01500000e-10  1.79810704e+00 
 6.02500000e-10  1.79815969e+00 
 6.03500000e-10  1.79821087e+00 
 6.04500000e-10  1.79826062e+00 
 6.05500000e-10  1.79830900e+00 
 6.06500000e-10  1.79835602e+00 
 6.07500000e-10  1.79840174e+00 
 6.08500000e-10  1.79844619e+00 
 6.09500000e-10  1.79848940e+00 
 6.10500000e-10  1.79853141e+00 
 6.11500000e-10  1.79857225e+00 
 6.12500000e-10  1.79861196e+00 
 6.13500000e-10  1.79865056e+00 
 6.14500000e-10  1.79868808e+00 
 6.15500000e-10  1.79872456e+00 
 6.16500000e-10  1.79876003e+00 
 6.17500000e-10  1.79879451e+00 
 6.18500000e-10  1.79882803e+00 
 6.19500000e-10  1.79886062e+00 
 6.20500000e-10  1.79889230e+00 
 6.21500000e-10  1.79892310e+00 
 6.22500000e-10  1.79895305e+00 
 6.23500000e-10  1.79898216e+00 
 6.24500000e-10  1.79901046e+00 
 6.25500000e-10  1.79903797e+00 
 6.26500000e-10  1.79906472e+00 
 6.27500000e-10  1.79909072e+00 
 6.28500000e-10  1.79911600e+00 
 6.29500000e-10  1.79914058e+00 
 6.30500000e-10  1.79916447e+00 
 6.31500000e-10  1.79918770e+00 
 6.32500000e-10  1.79921028e+00 
 6.33500000e-10  1.79923223e+00 
 6.34500000e-10  1.79925358e+00 
 6.35500000e-10  1.79927433e+00 
 6.36500000e-10  1.79929450e+00 
 6.37500000e-10  1.79931411e+00 
 6.38500000e-10  1.79933317e+00 
 6.39500000e-10  1.79935171e+00 
 6.40500000e-10  1.79936972e+00 
 6.41500000e-10  1.79938724e+00 
 6.42500000e-10  1.79940427e+00 
 6.43500000e-10  1.79942083e+00 
 6.44500000e-10  1.79943692e+00 
 6.45500000e-10  1.79945257e+00 
 6.46500000e-10  1.79946778e+00 
 6.47500000e-10  1.79948257e+00 
 6.48500000e-10  1.79949695e+00 
 6.49500000e-10  1.79951093e+00 
 6.50500000e-10  1.79952451e+00 
 6.51500000e-10  1.79953772e+00 
 6.52500000e-10  1.79955057e+00 
 6.53500000e-10  1.79956305e+00 
 6.54500000e-10  1.79957519e+00 
 6.55500000e-10  1.79958699e+00 
 6.56500000e-10  1.79959846e+00 
 6.57500000e-10  1.79960962e+00 
 6.58500000e-10  1.79962046e+00 
 6.59500000e-10  1.79963100e+00 
 6.60500000e-10  1.79964125e+00 
 6.61500000e-10  1.79965121e+00 
 6.62500000e-10  1.79966089e+00 
 6.63500000e-10  1.79967031e+00 
 6.64500000e-10  1.79967946e+00 
 6.65500000e-10  1.79968836e+00 
 6.66500000e-10  1.79969701e+00 
 6.67500000e-10  1.79970542e+00 
 6.68500000e-10  1.79971360e+00 
 6.69500000e-10  1.79972155e+00 
 6.70500000e-10  1.79972928e+00 
 6.71500000e-10  1.79973679e+00 
 6.72500000e-10  1.79974410e+00 
 6.73500000e-10  1.79975120e+00 
 6.74500000e-10  1.79975810e+00 
 6.75500000e-10  1.79976481e+00 
 6.76500000e-10  1.79977133e+00 
 6.77500000e-10  1.79977768e+00 
 6.78500000e-10  1.79978384e+00 
 6.79500000e-10  1.79978984e+00 
 6.80500000e-10  1.79979567e+00 
 6.81500000e-10  1.79980133e+00 
 6.82500000e-10  1.79980684e+00 
 6.83500000e-10  1.79981220e+00 
 6.84500000e-10  1.79981740e+00 
 6.85500000e-10  1.79982246e+00 
 6.86500000e-10  1.79982738e+00 
 6.87500000e-10  1.79983217e+00 
 6.88500000e-10  1.79983682e+00 
 6.89500000e-10  1.79984134e+00 
 6.90500000e-10  1.79984573e+00 
 6.91500000e-10  1.79985001e+00 
 6.92500000e-10  1.79985416e+00 
 6.93500000e-10  1.79985820e+00 
 6.94500000e-10  1.79986213e+00 
 6.95500000e-10  1.79986594e+00 
 6.96500000e-10  1.79986965e+00 
 6.97500000e-10  1.79987326e+00 
 6.98500000e-10  1.79987677e+00 
 6.99500000e-10  1.79988018e+00 
 7.00000000e-10  1.79988185e+00 
 7.00100000e-10  1.80009746e+00 
 7.00300000e-10  1.80031816e+00 
 7.00700000e-10  1.80062041e+00 
 7.01500000e-10  1.80153433e+00 
 7.02500000e-10  1.80299326e+00 
 7.03500000e-10  1.80481665e+00 
 7.04500000e-10  1.80683795e+00 
 7.05500000e-10  1.80906774e+00 
 7.06500000e-10  1.81138758e+00 
 7.07500000e-10  1.81382169e+00 
 7.08500000e-10  1.81628657e+00 
 7.09500000e-10  1.81881158e+00 
 7.10500000e-10  1.82133719e+00 
 7.11500000e-10  1.82389295e+00 
 7.12500000e-10  1.82643558e+00 
 7.13500000e-10  1.82899252e+00 
 7.14500000e-10  1.83152840e+00 
 7.15500000e-10  1.83407031e+00 
 7.16500000e-10  1.83658927e+00 
 7.17500000e-10  1.83911604e+00 
 7.18500000e-10  1.84163135e+00 
 7.19500000e-10  1.84415993e+00 
 7.20500000e-10  1.84669007e+00 
 7.21500000e-10  1.84924662e+00 
 7.22500000e-10  1.85182447e+00 
 7.23500000e-10  1.85444883e+00 
 7.24500000e-10  1.85711765e+00 
 7.25500000e-10  1.85985159e+00 
 7.26500000e-10  1.86264435e+00 
 7.27500000e-10  1.86550664e+00 
 7.28500000e-10  1.86841325e+00 
 7.29500000e-10  1.87134882e+00 
 7.30500000e-10  1.87431922e+00 
 7.31500000e-10  1.87731886e+00 
 7.32500000e-10  1.88033535e+00 
 7.33500000e-10  1.88336638e+00 
 7.34500000e-10  1.88640338e+00 
 7.35500000e-10  1.88944909e+00 
 7.36500000e-10  1.89250173e+00 
 7.37500000e-10  1.89557089e+00 
 7.38500000e-10  1.89866287e+00 
 7.39500000e-10  1.90179462e+00 
 7.40500000e-10  1.90498008e+00 
 7.41500000e-10  1.90824322e+00 
 7.42500000e-10  1.91160252e+00 
 7.43500000e-10  1.91509244e+00 
 7.44500000e-10  1.91874865e+00 
 7.45500000e-10  1.92266642e+00 
 7.46500000e-10  1.92704303e+00 
 7.47500000e-10  1.93184289e+00 
 7.48500000e-10  1.93719165e+00 
 7.49500000e-10  1.94332904e+00 
 7.50000000e-10  1.94675856e+00 
 7.50100000e-10  1.94781657e+00 
 7.50300000e-10  1.94962803e+00 
 7.50700000e-10  1.95304961e+00 
 7.51500000e-10  1.96018402e+00 
 7.52500000e-10  1.96934512e+00 
 7.53500000e-10  1.97884617e+00 
 7.54500000e-10  1.98817226e+00 
 7.55500000e-10  1.99672403e+00 
 7.56500000e-10  2.00303163e+00 
 7.57500000e-10  2.00536045e+00 
 7.58500000e-10  2.00186232e+00 
 7.59500000e-10  1.99159005e+00 
 7.60500000e-10  1.97426499e+00 
 7.61500000e-10  1.95207574e+00 
 7.62500000e-10  1.92421979e+00 
 7.63500000e-10  1.89078681e+00 
 7.64500000e-10  1.85236025e+00 
 7.65500000e-10  1.80920441e+00 
 7.66500000e-10  1.76164713e+00 
 7.67500000e-10  1.70992258e+00 
 7.68500000e-10  1.65423763e+00 
 7.69500000e-10  1.59475089e+00 
 7.70500000e-10  1.53133125e+00 
 7.71500000e-10  1.46415282e+00 
 7.72500000e-10  1.39305081e+00 
 7.73500000e-10  1.31758165e+00 
 7.74500000e-10  1.23716985e+00 
 7.75500000e-10  1.15145370e+00 
 7.76500000e-10  1.06079073e+00 
 7.77500000e-10  9.66191103e-01 
 7.78500000e-10  8.68734416e-01 
 7.79500000e-10  7.69361292e-01 
 7.80500000e-10  6.69060666e-01 
 7.81500000e-10  5.69331480e-01 
 7.82500000e-10  4.73240698e-01 
 7.83500000e-10  3.85148126e-01 
 7.84500000e-10  3.07739837e-01 
 7.85500000e-10  2.42293621e-01 
 7.86500000e-10  1.89009677e-01 
 7.87500000e-10  1.46736430e-01 
 7.88500000e-10  1.13767483e-01 
 7.89500000e-10  8.83951231e-02 
 7.90500000e-10  6.90783811e-02 
 7.91500000e-10  5.44279338e-02 
 7.92500000e-10  4.33691680e-02 
 7.93500000e-10  3.50015926e-02 
 7.94500000e-10  2.86907290e-02 
 7.95500000e-10  2.38800089e-02 
 7.96500000e-10  2.01952846e-02 
 7.97500000e-10  1.73226462e-02 
 7.98500000e-10  1.50692856e-02 
 7.99500000e-10  1.32585688e-02 
 8.00500000e-10  1.17966108e-02 
 8.01500000e-10  1.05812614e-02 
 8.02500000e-10  9.57085345e-03 
 8.03500000e-10  8.70295907e-03 
 8.04500000e-10  7.96267787e-03 
 8.05500000e-10  7.30881615e-03 
 8.06500000e-10  6.73993839e-03 
 8.07500000e-10  6.22643594e-03 
 8.08500000e-10  5.77346042e-03 
 8.09500000e-10  5.35798229e-03 
 8.10500000e-10  4.98821746e-03 
 8.11500000e-10  4.64511169e-03 
 8.12500000e-10  4.33815148e-03 
 8.13500000e-10  4.05088494e-03 
 8.14500000e-10  3.79316059e-03 
 8.15500000e-10  3.55038454e-03 
 8.16500000e-10  3.33231075e-03 
 8.17500000e-10  3.12578069e-03 
 8.18500000e-10  2.94022842e-03 
 8.19500000e-10  2.76367444e-03 
 8.20500000e-10  2.60512648e-03 
 8.21500000e-10  2.45361544e-03 
 8.22500000e-10  2.31767800e-03 
 8.23500000e-10  2.18723475e-03 
 8.24500000e-10  2.07033893e-03 
 8.25500000e-10  1.95770762e-03 
 8.26500000e-10  1.85691545e-03 
 8.27500000e-10  1.75939977e-03 
 8.28500000e-10  1.67227054e-03 
 8.29500000e-10  1.58762049e-03 
 8.30500000e-10  1.51211369e-03 
 8.31500000e-10  1.43844159e-03 
 8.32500000e-10  1.37284351e-03 
 8.33500000e-10  1.30855932e-03 
 8.34500000e-10  1.25142578e-03 
 8.35500000e-10  1.19518606e-03 
 8.36500000e-10  1.14529672e-03 
 8.37500000e-10  1.09596352e-03 
 8.38500000e-10  1.05228491e-03 
 8.39500000e-10  1.00889233e-03 
 8.40500000e-10  9.70547582e-04 
 8.41500000e-10  9.32274191e-04 
 8.42500000e-10  8.98518033e-04 
 8.43500000e-10  8.64664103e-04 
 8.44500000e-10  8.34862148e-04 
 8.45500000e-10  8.04830668e-04 
 8.46500000e-10  7.78442139e-04 
 8.47500000e-10  7.51722974e-04 
 8.48500000e-10  7.28286263e-04 
 8.49500000e-10  7.04442875e-04 
 8.50500000e-10  6.83563431e-04 
 8.51500000e-10  6.62221731e-04 
 8.52500000e-10  6.43561884e-04 
 8.53500000e-10  6.24400844e-04 
 8.54500000e-10  6.07671234e-04 
 8.55500000e-10  5.90414971e-04 
 8.56500000e-10  5.75367321e-04 
 8.57500000e-10  5.59778410e-04 
 8.58500000e-10  5.46199417e-04 
 8.59500000e-10  5.32073233e-04 
 8.60500000e-10  5.19779405e-04 
 8.61500000e-10  5.06939334e-04 
 8.62500000e-10  4.95772608e-04 
 8.63500000e-10  4.84065979e-04 
 8.64500000e-10  4.73890015e-04 
 8.65500000e-10  4.63184652e-04 
 8.66500000e-10  4.53881680e-04 
 8.67500000e-10  4.44062964e-04 
 8.68500000e-10  4.35531110e-04 
 8.69500000e-10  4.26499487e-04 
 8.70500000e-10  4.18650489e-04 
 8.71500000e-10  4.10319339e-04 
 8.72500000e-10  4.03076614e-04 
 8.73500000e-10  3.95370441e-04 
 8.74500000e-10  3.88667429e-04 
 8.75500000e-10  3.81520312e-04 
 8.76500000e-10  3.75299069e-04 
 8.77500000e-10  3.68653338e-04 
 8.78500000e-10  3.62863330e-04 
 8.79500000e-10  3.56668439e-04 
 8.80500000e-10  3.51265518e-04 
 8.81500000e-10  3.45477072e-04 
 8.82500000e-10  3.40422594e-04 
 8.83500000e-10  3.35001526e-04 
 8.84500000e-10  3.30261597e-04 
 8.85500000e-10  3.25173454e-04 
 8.86500000e-10  3.20718289e-04 
 8.87500000e-10  3.15932621e-04 
 8.88500000e-10  3.11735990e-04 
 8.89500000e-10  3.07225829e-04 
 8.90500000e-10  3.03264582e-04 
 8.91500000e-10  2.99005985e-04 
 8.92500000e-10  2.95259648e-04 
 8.93500000e-10  2.91231316e-04 
 8.94500000e-10  2.87681736e-04 
 8.95500000e-10  2.83864674e-04 
 8.96500000e-10  2.80495721e-04 
 8.97500000e-10  2.76872951e-04 
 8.98500000e-10  2.73670259e-04 
 8.99500000e-10  2.70226571e-04 
 9.00500000e-10  2.67177313e-04 
 9.01500000e-10  2.63899047e-04 
 9.02500000e-10  2.60991741e-04 
 9.03500000e-10  2.57866604e-04 
 9.04500000e-10  2.55090948e-04 
 9.05500000e-10  2.52107849e-04 
 9.06500000e-10  2.49454575e-04 
 9.07500000e-10  2.46603483e-04 
 9.08500000e-10  2.44064235e-04 
 9.09500000e-10  2.41336060e-04 
 9.10500000e-10  2.38903281e-04 
 9.11500000e-10  2.36289766e-04 
 9.12500000e-10  2.33956609e-04 
 9.13500000e-10  2.31450235e-04 
 9.14500000e-10  2.29210478e-04 
 9.15500000e-10  2.26804387e-04 
 9.16500000e-10  2.24652360e-04 
 9.17500000e-10  2.22340281e-04 
 9.18500000e-10  2.20270810e-04 
 9.19500000e-10  2.18046996e-04 
 9.20500000e-10  2.16055344e-04 
 9.21500000e-10  2.13914520e-04 
 9.22500000e-10  2.11996339e-04 
 9.23500000e-10  2.09933653e-04 
 9.24500000e-10  2.08084948e-04 
 9.25500000e-10  2.06095927e-04 
 9.26500000e-10  2.04313014e-04 
 9.27500000e-10  2.02393529e-04 
 9.28500000e-10  2.00673003e-04 
 9.29500000e-10  1.98819235e-04 
 9.30500000e-10  1.97157948e-04 
 9.31500000e-10  1.95366358e-04 
 9.32500000e-10  1.93761387e-04 
 9.33500000e-10  1.92028691e-04 
 9.34500000e-10  1.90477321e-04 
 9.35500000e-10  1.88800467e-04 
 9.36500000e-10  1.87300169e-04 
 9.37500000e-10  1.85676315e-04 
 9.38500000e-10  1.84224729e-04 
 9.39500000e-10  1.82651226e-04 
 9.40500000e-10  1.81246148e-04 
 9.41500000e-10  1.79720523e-04 
 9.42500000e-10  1.78359888e-04 
 9.43500000e-10  1.76879831e-04 
 9.44500000e-10  1.75561704e-04 
 9.45500000e-10  1.74125051e-04 
 9.46500000e-10  1.72847613e-04 
 9.47500000e-10  1.71452337e-04 
 9.48500000e-10  1.70213880e-04 
 9.49500000e-10  1.68858079e-04 
 9.50000000e-10  1.68289037e-04 
 9.50100000e-10  1.68128565e-04 
 9.50300000e-10  1.67875437e-04 
 9.50700000e-10  1.67371538e-04 
 9.51500000e-10  1.66372711e-04 
 9.52500000e-10  1.65139994e-04 
 9.53500000e-10  1.63925229e-04 
 9.54500000e-10  1.62727241e-04 
 9.55500000e-10  1.61546616e-04 
 9.56500000e-10  1.60381929e-04 
 9.57500000e-10  1.59234037e-04 
 9.58500000e-10  1.58101296e-04 
 9.59500000e-10  1.56984808e-04 
 9.60500000e-10  1.55882730e-04 
 9.61500000e-10  1.54796386e-04 
 9.62500000e-10  1.53723757e-04 
 9.63500000e-10  1.52666364e-04 
 9.64500000e-10  1.51622035e-04 
 9.65500000e-10  1.50592462e-04 
 9.66500000e-10  1.49575341e-04 
 9.67500000e-10  1.48572517e-04 
 9.68500000e-10  1.47581572e-04 
 9.69500000e-10  1.46604479e-04 
 9.70500000e-10  1.45638726e-04 
 9.71500000e-10  1.44686399e-04 
 9.72500000e-10  1.43744904e-04 
 9.73500000e-10  1.42816426e-04 
 9.74500000e-10  1.41898301e-04 
 9.75500000e-10  1.40992798e-04 
 9.76500000e-10  1.40097198e-04 
 9.77500000e-10  1.39213839e-04 
 9.78500000e-10  1.38339960e-04 
 9.79500000e-10  1.37477954e-04 
 9.80500000e-10  1.36625028e-04 
 9.81500000e-10  1.35783621e-04 
 9.82500000e-10  1.34950918e-04 
 9.83500000e-10  1.34129390e-04 
 9.84500000e-10  1.33316211e-04 
 9.85500000e-10  1.32513876e-04 
 9.86500000e-10  1.31719555e-04 
 9.87500000e-10  1.30935758e-04 
 9.88500000e-10  1.30159659e-04 
 9.89500000e-10  1.29393775e-04 
 9.90500000e-10  1.28635288e-04 
 9.91500000e-10  1.27886718e-04 
 9.92500000e-10  1.27145263e-04 
 9.93500000e-10  1.26413435e-04 
 9.94500000e-10  1.25688454e-04 
 9.95500000e-10  1.24972822e-04 
 9.96500000e-10  1.24263784e-04 
 9.97500000e-10  1.23563823e-04 
 9.98500000e-10  1.22870217e-04 
 9.99500000e-10  1.22185426e-04 
 1.00000000e-09  1.21844856e-04 
 1.00010000e-09  1.21777350e-04 
 1.00030000e-09  1.21642080e-04 
 1.00070000e-09  1.21372340e-04 
 1.00150000e-09  1.20836351e-04 
 1.00250000e-09  1.20172797e-04 
 1.00350000e-09  1.19516312e-04 
 1.00450000e-09  1.18866765e-04 
 1.00550000e-09  1.18224073e-04 
 1.00650000e-09  1.17588105e-04 
 1.00750000e-09  1.16958785e-04 
 1.00850000e-09  1.16335983e-04 
 1.00950000e-09  1.15719631e-04 
 1.01050000e-09  1.15109597e-04 
 1.01150000e-09  1.14505823e-04 
 1.01250000e-09  1.13908176e-04 
 1.01350000e-09  1.13316605e-04 
 1.01450000e-09  1.12730977e-04 
 1.01550000e-09  1.12151250e-04 
 1.01650000e-09  1.11577288e-04 
 1.01750000e-09  1.11009057e-04 
 1.01850000e-09  1.10446422e-04 
 1.01950000e-09  1.09889354e-04 
 1.02050000e-09  1.09337719e-04 
 1.02150000e-09  1.08791493e-04 
 1.02250000e-09  1.08250544e-04 
 1.02350000e-09  1.07714853e-04 
 1.02450000e-09  1.07184293e-04 
 1.02550000e-09  1.06658846e-04 
 1.02650000e-09  1.06138376e-04 
 1.02750000e-09  1.05622875e-04 
 1.02850000e-09  1.05112212e-04 
 1.02950000e-09  1.04606383e-04 
 1.03050000e-09  1.04105260e-04 
 1.03150000e-09  1.03608838e-04 
 1.03250000e-09  1.03116993e-04 
 1.03350000e-09  1.02629724e-04 
 1.03450000e-09  1.02146907e-04 
 1.03550000e-09  1.01668543e-04 
 1.03650000e-09  1.01194511e-04 
 1.03750000e-09  1.00724815e-04 
 1.03850000e-09  1.00259335e-04 
 1.03950000e-09  9.97980748e-05 
 1.04050000e-09  9.93409195e-05 
 1.04150000e-09  9.88878747e-05 
 1.04250000e-09  9.84388265e-05 
 1.04350000e-09  9.79937821e-05 
 1.04450000e-09  9.75526302e-05 
 1.04550000e-09  9.71153791e-05 
 1.04650000e-09  9.66819201e-05 
 1.04750000e-09  9.62522620e-05 
 1.04850000e-09  9.58262991e-05 
 1.04950000e-09  9.54040409e-05 
 1.05000000e-09  9.51942525e-05 
 1.05010000e-09  9.51523738e-05 
 1.05030000e-09  9.50688084e-05 
 1.05070000e-09  9.49020826e-05 
 1.05150000e-09  9.45703239e-05 
 1.05250000e-09  9.41588171e-05 
 1.05350000e-09  9.37507881e-05 
 1.05450000e-09  9.33462196e-05 
 1.05550000e-09  9.29450452e-05 
 1.05650000e-09  9.25472467e-05 
 1.05750000e-09  9.21527601e-05 
 1.05850000e-09  9.17615662e-05 
 1.05950000e-09  9.13736042e-05 
 1.06050000e-09  9.09888540e-05 
 1.06150000e-09  9.06072586e-05 
 1.06250000e-09  9.02287966e-05 
 1.06350000e-09  8.98534144e-05 
 1.06450000e-09  8.94810896e-05 
 1.06550000e-09  8.91117721e-05 
 1.06650000e-09  8.87454382e-05 
 1.06750000e-09  8.83820411e-05 
 1.06850000e-09  8.80215565e-05 
 1.06950000e-09  8.76639405e-05 
 1.07050000e-09  8.73091679e-05 
 1.07150000e-09  8.69571978e-05 
 1.07250000e-09  8.66080044e-05 
 1.07350000e-09  8.62615489e-05 
 1.07450000e-09  8.59178056e-05 
 1.07550000e-09  8.55767379e-05 
 1.07650000e-09  8.52383196e-05 
 1.07750000e-09  8.49025162e-05 
 1.07850000e-09  8.45693015e-05 
 1.07950000e-09  8.42386430e-05 
 1.08050000e-09  8.39105146e-05 
 1.08150000e-09  8.35848850e-05 
 1.08250000e-09  8.32617282e-05 
 1.08350000e-09  8.29410147e-05 
 1.08450000e-09  8.26227188e-05 
 1.08550000e-09  8.23068123e-05 
 1.08650000e-09  8.19932697e-05 
 1.08750000e-09  8.16820643e-05 
 1.08850000e-09  8.13731705e-05 
 1.08950000e-09  8.10665629e-05 
 1.09050000e-09  8.07622164e-05 
 1.09150000e-09  8.04601066e-05 
 1.09250000e-09  8.01602091e-05 
 1.09350000e-09  7.98624999e-05 
 1.09450000e-09  7.95669552e-05 
 1.09550000e-09  7.92735523e-05 
 1.09650000e-09  7.89822675e-05 
 1.09750000e-09  7.86930789e-05 
 1.09850000e-09  7.84059636e-05 
 1.09950000e-09  7.81209003e-05 
 1.10050000e-09  7.78378665e-05 
 1.10150000e-09  7.75568416e-05 
 1.10250000e-09  7.72778037e-05 
 1.10350000e-09  7.70007330e-05 
 1.10450000e-09  7.67256079e-05 
 1.10550000e-09  7.64524092e-05 
 1.10650000e-09  7.61811159e-05 
 1.10750000e-09  7.59117096e-05 
 1.10850000e-09  7.56441694e-05 
 1.10950000e-09  7.53784777e-05 
 1.11050000e-09  7.51146142e-05 
 1.11150000e-09  7.48525615e-05 
 1.11250000e-09  7.45923000e-05 
 1.11350000e-09  7.43338129e-05 
 1.11450000e-09  7.40770810e-05 
 1.11550000e-09  7.38220880e-05 
 1.11650000e-09  7.35688151e-05 
 1.11750000e-09  7.33172463e-05 
 1.11850000e-09  7.30673635e-05 
 1.11950000e-09  7.28191511e-05 
 1.12050000e-09  7.25725913e-05 
 1.12150000e-09  7.23276692e-05 
 1.12250000e-09  7.20843676e-05 
 1.12350000e-09  7.18426715e-05 
 1.12450000e-09  7.16025640e-05 
 1.12550000e-09  7.13640311e-05 
 1.12650000e-09  7.11270561e-05 
 1.12750000e-09  7.08916251e-05 
 1.12850000e-09  7.06577222e-05 
 1.12950000e-09  7.04253338e-05 
 1.13050000e-09  7.01944441e-05 
 1.13150000e-09  6.99650400e-05 
 1.13250000e-09  6.97371062e-05 
 1.13350000e-09  6.95106299e-05 
 1.13450000e-09  6.92855962e-05 
 1.13550000e-09  6.90619926e-05 
 1.13650000e-09  6.88398043e-05 
 1.13750000e-09  6.86190192e-05 
 1.13850000e-09  6.83996232e-05 
 1.13950000e-09  6.81816044e-05 
 1.14050000e-09  6.79649489e-05 
 1.14150000e-09  6.77496452e-05 
 1.14250000e-09  6.75356796e-05 
 1.14350000e-09  6.73230408e-05 
 1.14450000e-09  6.71117156e-05 
 1.14550000e-09  6.69016931e-05 
 1.14650000e-09  6.66929601e-05 
 1.14750000e-09  6.64855062e-05 
 1.14850000e-09  6.62793186e-05 
 1.14950000e-09  6.60743869e-05 
 1.15050000e-09  6.58706988e-05 
 1.15150000e-09  6.56682440e-05 
 1.15250000e-09  6.54670103e-05 
 1.15350000e-09  6.52669879e-05 
 1.15450000e-09  6.50681652e-05 
 1.15550000e-09  6.48705323e-05 
 1.15650000e-09  6.46740776e-05 
 1.15750000e-09  6.44787916e-05 
 1.15850000e-09  6.42846633e-05 
 1.15950000e-09  6.40916832e-05 
 1.16050000e-09  6.38998404e-05 
 1.16150000e-09  6.37091258e-05 
 1.16250000e-09  6.35195289e-05 
 1.16350000e-09  6.33310407e-05 
 1.16450000e-09  6.31436507e-05 
 1.16550000e-09  6.29573502e-05 
 1.16650000e-09  6.27721290e-05 
 1.16750000e-09  6.25879787e-05 
 1.16850000e-09  6.24048891e-05 
 1.16950000e-09  6.22228521e-05 
 1.17050000e-09  6.20418578e-05 
 1.17150000e-09  6.18618984e-05 
 1.17250000e-09  6.16829643e-05 
 1.17350000e-09  6.15050472e-05 
 1.17450000e-09  6.13281380e-05 
 1.17550000e-09  6.11522291e-05 
 1.17650000e-09  6.09773113e-05 
 1.17750000e-09  6.08033769e-05 
 1.17850000e-09  6.06304169e-05 
 1.17950000e-09  6.04584242e-05 
 1.18050000e-09  6.02873898e-05 
 1.18150000e-09  6.01173067e-05 
 1.18250000e-09  5.99481661e-05 
 1.18350000e-09  5.97799611e-05 
 1.18450000e-09  5.96126833e-05 
 1.18550000e-09  5.94463258e-05 
 1.18650000e-09  5.92808803e-05 
 1.18750000e-09  5.91163401e-05 
 1.18850000e-09  5.89526971e-05 
 1.18950000e-09  5.87899450e-05 
 1.19050000e-09  5.86280757e-05 
 1.19150000e-09  5.84670828e-05 
 1.19250000e-09  5.83069583e-05 
 1.19350000e-09  5.81476963e-05 
 1.19450000e-09  5.79892890e-05 
 1.19550000e-09  5.78317304e-05 
 1.19650000e-09  5.76750129e-05 
 1.19750000e-09  5.75191308e-05 
 1.19850000e-09  5.73640766e-05 
 1.19950000e-09  5.72098444e-05 
 1.20000000e-09  5.71330333e-05 
 1.20010000e-09  5.37996051e-04 
 1.20030000e-09  1.16185529e-03 
 1.20070000e-09  1.89064167e-03 
 1.20150000e-09  2.93499734e-03 
 1.20250000e-09  3.53505149e-03 
 1.20350000e-09  3.78502137e-03 
 1.20450000e-09  3.75470000e-03 
 1.20550000e-09  3.66541920e-03 
 1.20650000e-09  3.47995348e-03 
 1.20750000e-09  3.32384744e-03 
 1.20850000e-09  3.13337466e-03 
 1.20950000e-09  2.99236423e-03 
 1.21050000e-09  2.83673281e-03 
 1.21150000e-09  2.72900319e-03 
 1.21250000e-09  2.61214313e-03 
 1.21350000e-09  2.53572513e-03 
 1.21450000e-09  2.45100722e-03 
 1.21550000e-09  2.39862227e-03 
 1.21650000e-09  2.33786074e-03 
 1.21750000e-09  2.30305198e-03 
 1.21850000e-09  2.26081210e-03 
 1.21950000e-09  2.24116486e-03 
 1.22050000e-09  2.21753986e-03 
 1.22150000e-09  2.21706304e-03 
 1.22250000e-09  2.21905155e-03 
 1.22350000e-09  2.24812171e-03 
 1.22450000e-09  2.28790308e-03 
 1.22550000e-09  2.36011114e-03 
 1.22650000e-09  2.45103855e-03 
 1.22750000e-09  2.57844952e-03 
 1.22850000e-09  2.72766761e-03 
 1.22950000e-09  2.90860271e-03 
 1.23050000e-09  3.10291052e-03 
 1.23150000e-09  3.31612166e-03 
 1.23250000e-09  3.53129527e-03 
 1.23350000e-09  3.75289709e-03 
 1.23450000e-09  3.96290838e-03 
 1.23550000e-09  4.15634593e-03 
 1.23650000e-09  4.30281250e-03 
 1.23750000e-09  4.38466725e-03 
 1.23850000e-09  4.37541266e-03 
 1.23950000e-09  4.28078901e-03 
 1.24050000e-09  4.11455862e-03 
 1.24150000e-09  3.92286912e-03 
 1.24250000e-09  3.74697850e-03 
 1.24350000e-09  3.64077948e-03 
 1.24450000e-09  3.64080307e-03 
 1.24550000e-09  3.78491596e-03 
 1.24650000e-09  4.08600071e-03 
 1.24750000e-09  4.54923778e-03 
 1.24850000e-09  5.15165297e-03 
 1.24950000e-09  5.86503041e-03 
 1.25000000e-09  6.24852660e-03 
 1.25010000e-09  6.50517220e-03 
 1.25030000e-09  6.73257977e-03 
 1.25070000e-09  7.09258757e-03 
 1.25150000e-09  7.92094842e-03 
 1.25250000e-09  8.69738838e-03 
 1.25350000e-09  9.46913598e-03 
 1.25450000e-09  1.01362939e-02 
 1.25550000e-09  1.08447095e-02 
 1.25650000e-09  1.14788874e-02 
 1.25750000e-09  1.21374742e-02 
 1.25850000e-09  1.27244308e-02 
 1.25950000e-09  1.33168430e-02 
 1.26050000e-09  1.38411116e-02 
 1.26150000e-09  1.43688016e-02 
 1.26250000e-09  1.48282365e-02 
 1.26350000e-09  1.52838490e-02 
 1.26450000e-09  1.56870176e-02 
 1.26550000e-09  1.60874240e-02 
 1.26650000e-09  1.64461352e-02 
 1.26750000e-09  1.68034965e-02 
 1.26850000e-09  1.71293330e-02 
 1.26950000e-09  1.74555232e-02 
 1.27050000e-09  1.77574469e-02 
 1.27150000e-09  1.80623684e-02 
 1.27250000e-09  1.83502339e-02 
 1.27350000e-09  1.86431011e-02 
 1.27450000e-09  1.89244496e-02 
 1.27550000e-09  1.92124715e-02 
 1.27650000e-09  1.94935505e-02 
 1.27750000e-09  1.97827918e-02 
 1.27850000e-09  2.00689234e-02 
 1.27950000e-09  2.03645722e-02 
 1.28050000e-09  2.06603748e-02 
 1.28150000e-09  2.09669705e-02 
 1.28250000e-09  2.12765679e-02 
 1.28350000e-09  2.15982163e-02 
 1.28450000e-09  2.19254338e-02 
 1.28550000e-09  2.22660012e-02 
 1.28650000e-09  2.26145416e-02 
 1.28750000e-09  2.29778288e-02 
 1.28850000e-09  2.33514320e-02 
 1.28950000e-09  2.37413329e-02 
 1.29050000e-09  2.41439246e-02 
 1.29150000e-09  2.45645769e-02 
 1.29250000e-09  2.50004153e-02 
 1.29350000e-09  2.54563520e-02 
 1.29450000e-09  2.59301806e-02 
 1.29550000e-09  2.64264927e-02 
 1.29650000e-09  2.69437104e-02 
 1.29750000e-09  2.74862310e-02 
 1.29850000e-09  2.80530899e-02 
 1.29950000e-09  2.86486133e-02 
 1.30050000e-09  2.92724591e-02 
 1.30150000e-09  2.99290099e-02 
 1.30250000e-09  3.06185836e-02 
 1.30350000e-09  3.13457582e-02 
 1.30450000e-09  3.21115815e-02 
 1.30550000e-09  3.29209883e-02 
 1.30650000e-09  3.37758670e-02 
 1.30750000e-09  3.46817039e-02 
 1.30850000e-09  3.56413908e-02 
 1.30950000e-09  3.66612108e-02 
 1.31050000e-09  3.77452903e-02 
 1.31150000e-09  3.89010249e-02 
 1.31250000e-09  4.01340988e-02 
 1.31350000e-09  4.14534354e-02 
 1.31450000e-09  4.28667214e-02 
 1.31550000e-09  4.43849601e-02 
 1.31650000e-09  4.60184503e-02 
 1.31750000e-09  4.77810117e-02 
 1.31850000e-09  4.96863828e-02 
 1.31950000e-09  5.17521840e-02 
 1.32050000e-09  5.39967084e-02 
 1.32150000e-09  5.64426862e-02 
 1.32250000e-09  5.91144521e-02 
 1.32350000e-09  6.20415716e-02 
 1.32450000e-09  6.52563718e-02 
 1.32550000e-09  6.87974726e-02 
 1.32650000e-09  7.27076240e-02 
 1.32750000e-09  7.70370598e-02 
 1.32850000e-09  8.18412874e-02 
 1.32950000e-09  8.71835055e-02 
 1.33050000e-09  9.31306496e-02 
 1.33150000e-09  9.97519008e-02 
 1.33250000e-09  1.07108820e-01 
 1.33350000e-09  1.15246942e-01 
 1.33450000e-09  1.24182213e-01 
 1.33550000e-09  1.33896442e-01 
 1.33650000e-09  1.44337400e-01 
 1.33750000e-09  1.55432356e-01 
 1.33850000e-09  1.67100904e-01 
 1.33950000e-09  1.79269184e-01 
 1.34050000e-09  1.91874218e-01 
 1.34150000e-09  2.04867558e-01 
 1.34250000e-09  2.18212177e-01 
 1.34350000e-09  2.31882260e-01 
 1.34450000e-09  2.45858988e-01 
 1.34550000e-09  2.60130387e-01 
 1.34650000e-09  2.74687835e-01 
 1.34750000e-09  2.89526577e-01 
 1.34850000e-09  3.04642981e-01 
 1.34950000e-09  3.20035530e-01 
 1.35050000e-09  3.35702574e-01 
 1.35150000e-09  3.51643560e-01 
 1.35250000e-09  3.67857099e-01 
 1.35350000e-09  3.84342315e-01 
 1.35450000e-09  4.01097135e-01 
 1.35550000e-09  4.18119696e-01 
 1.35650000e-09  4.35406818e-01 
 1.35750000e-09  4.52955454e-01 
 1.35850000e-09  4.70761316e-01 
 1.35950000e-09  4.88820337e-01 
 1.36050000e-09  5.07127413e-01 
 1.36150000e-09  5.25677810e-01 
 1.36250000e-09  5.44465932e-01 
 1.36350000e-09  5.63486605e-01 
 1.36450000e-09  5.82733820e-01 
 1.36550000e-09  6.02201901e-01 
 1.36650000e-09  6.21884300e-01 
 1.36750000e-09  6.41774806e-01 
 1.36850000e-09  6.61866506e-01 
 1.36950000e-09  6.82152968e-01 
 1.37050000e-09  7.02627310e-01 
 1.37150000e-09  7.23283275e-01 
 1.37250000e-09  7.44114194e-01 
 1.37350000e-09  7.65113809e-01 
 1.37450000e-09  7.86275034e-01 
 1.37550000e-09  8.07590473e-01 
 1.37650000e-09  8.29051001e-01 
 1.37750000e-09  8.50646058e-01 
 1.37850000e-09  8.72362171e-01 
 1.37950000e-09  8.94183186e-01 
 1.38050000e-09  9.16088869e-01 
 1.38150000e-09  9.38055156e-01 
 1.38250000e-09  9.60052835e-01 
 1.38350000e-09  9.82047765e-01 
 1.38450000e-09  1.00399961e+00 
 1.38550000e-09  1.02586210e+00 
 1.38650000e-09  1.04758227e+00 
 1.38750000e-09  1.06910166e+00 
 1.38850000e-09  1.09035700e+00 
 1.38950000e-09  1.11128316e+00 
 1.39050000e-09  1.13181569e+00 
 1.39150000e-09  1.15189508e+00 
 1.39250000e-09  1.17146986e+00 
 1.39350000e-09  1.19050035e+00 
 1.39450000e-09  1.20895994e+00 
 1.39550000e-09  1.22683551e+00 
 1.39650000e-09  1.24412533e+00 
 1.39750000e-09  1.26083748e+00 
 1.39850000e-09  1.27698639e+00 
 1.39950000e-09  1.29259077e+00 
 1.40050000e-09  1.30767098e+00 
 1.40150000e-09  1.32224815e+00 
 1.40250000e-09  1.33634277e+00 
 1.40350000e-09  1.34997466e+00 
 1.40450000e-09  1.36316246e+00 
 1.40550000e-09  1.37592397e+00 
 1.40650000e-09  1.38827582e+00 
 1.40750000e-09  1.40023399e+00 
 1.40850000e-09  1.41181344e+00 
 1.40950000e-09  1.42302860e+00 
 1.41050000e-09  1.43389299e+00 
 1.41150000e-09  1.44441973e+00 
 1.41250000e-09  1.45462110e+00 
 1.41350000e-09  1.46450904e+00 
 1.41450000e-09  1.47409475e+00 
 1.41550000e-09  1.48338910e+00 
 1.41650000e-09  1.49240232e+00 
 1.41750000e-09  1.50114433e+00 
 1.41850000e-09  1.50962445e+00 
 1.41950000e-09  1.51785176e+00 
 1.42050000e-09  1.52583477e+00 
 1.42150000e-09  1.53358180e+00 
 1.42250000e-09  1.54110063e+00 
 1.42350000e-09  1.54839888e+00 
 1.42450000e-09  1.55548369e+00 
 1.42550000e-09  1.56236205e+00 
 1.42650000e-09  1.56904052e+00 
 1.42750000e-09  1.57552553e+00 
 1.42850000e-09  1.58182314e+00 
 1.42950000e-09  1.58793927e+00 
 1.43050000e-09  1.59387951e+00 
 1.43150000e-09  1.59964936e+00 
 1.43250000e-09  1.60525396e+00 
 1.43350000e-09  1.61069844e+00 
 1.43450000e-09  1.61598757e+00 
 1.43550000e-09  1.62112610e+00 
 1.43650000e-09  1.62611848e+00 
 1.43750000e-09  1.63096915e+00 
 1.43850000e-09  1.63568224e+00 
 1.43950000e-09  1.64026190e+00 
 1.44050000e-09  1.64471201e+00 
 1.44150000e-09  1.64903642e+00 
 1.44250000e-09  1.65323876e+00 
 1.44350000e-09  1.65732266e+00 
 1.44450000e-09  1.66129151e+00 
 1.44550000e-09  1.66514872e+00 
 1.44650000e-09  1.66889746e+00 
 1.44750000e-09  1.67254094e+00 
 1.44850000e-09  1.67608214e+00 
 1.44950000e-09  1.67952408e+00 
 1.45000000e-09  1.68120859e+00 
 1.45010000e-09  1.68154218e+00 
 1.45030000e-09  1.68220742e+00 
 1.45070000e-09  1.68352663e+00 
 1.45150000e-09  1.68612061e+00 
 1.45250000e-09  1.68928141e+00 
 1.45350000e-09  1.69235382e+00 
 1.45450000e-09  1.69534036e+00 
 1.45550000e-09  1.69824349e+00 
 1.45650000e-09  1.70106558e+00 
 1.45750000e-09  1.70380894e+00 
 1.45850000e-09  1.70647581e+00 
 1.45950000e-09  1.70906836e+00 
 1.46050000e-09  1.71158871e+00 
 1.46150000e-09  1.71403889e+00 
 1.46250000e-09  1.71642090e+00 
 1.46350000e-09  1.71873665e+00 
 1.46450000e-09  1.72098802e+00 
 1.46550000e-09  1.72317683e+00 
 1.46650000e-09  1.72530484e+00 
 1.46750000e-09  1.72737375e+00 
 1.46850000e-09  1.72938524e+00 
 1.46950000e-09  1.73134091e+00 
 1.47050000e-09  1.73324233e+00 
 1.47150000e-09  1.73509102e+00 
 1.47250000e-09  1.73688845e+00 
 1.47350000e-09  1.73863607e+00 
 1.47450000e-09  1.74033527e+00 
 1.47550000e-09  1.74198739e+00 
 1.47650000e-09  1.74359375e+00 
 1.47750000e-09  1.74515563e+00 
 1.47850000e-09  1.74667427e+00 
 1.47950000e-09  1.74815087e+00 
 1.48050000e-09  1.74958661e+00 
 1.48150000e-09  1.75098261e+00 
 1.48250000e-09  1.75233999e+00 
 1.48350000e-09  1.75365982e+00 
 1.48450000e-09  1.75494313e+00 
 1.48550000e-09  1.75619096e+00 
 1.48650000e-09  1.75740427e+00 
 1.48750000e-09  1.75858402e+00 
 1.48850000e-09  1.75973116e+00 
 1.48950000e-09  1.76084657e+00 
 1.49050000e-09  1.76193114e+00 
 1.49150000e-09  1.76298572e+00 
 1.49250000e-09  1.76401114e+00 
 1.49350000e-09  1.76500822e+00 
 1.49450000e-09  1.76597772e+00 
 1.49550000e-09  1.76692042e+00 
 1.49650000e-09  1.76783705e+00 
 1.49750000e-09  1.76872835e+00 
 1.49850000e-09  1.76959499e+00 
 1.49950000e-09  1.77043768e+00 
 1.50000000e-09  1.77085022e+00 
 1.50010000e-09  1.77093192e+00 
 1.50030000e-09  1.77109487e+00 
 1.50070000e-09  1.77141803e+00 
 1.50150000e-09  1.77205361e+00 
 1.50250000e-09  1.77282831e+00 
 1.50350000e-09  1.77358158e+00 
 1.50450000e-09  1.77431402e+00 
 1.50550000e-09  1.77502621e+00 
 1.50650000e-09  1.77571869e+00 
 1.50750000e-09  1.77639202e+00 
 1.50850000e-09  1.77704672e+00 
 1.50950000e-09  1.77768331e+00 
 1.51050000e-09  1.77830229e+00 
 1.51150000e-09  1.77890414e+00 
 1.51250000e-09  1.77948934e+00 
 1.51350000e-09  1.78005834e+00 
 1.51450000e-09  1.78061159e+00 
 1.51550000e-09  1.78114953e+00 
 1.51650000e-09  1.78167258e+00 
 1.51750000e-09  1.78218114e+00 
 1.51850000e-09  1.78267563e+00 
 1.51950000e-09  1.78315642e+00 
 1.52050000e-09  1.78362390e+00 
 1.52150000e-09  1.78407844e+00 
 1.52250000e-09  1.78452038e+00 
 1.52350000e-09  1.78495009e+00 
 1.52450000e-09  1.78536789e+00 
 1.52550000e-09  1.78577411e+00 
 1.52650000e-09  1.78616909e+00 
 1.52750000e-09  1.78655311e+00 
 1.52850000e-09  1.78692650e+00 
 1.52950000e-09  1.78728954e+00 
 1.53050000e-09  1.78764251e+00 
 1.53150000e-09  1.78798570e+00 
 1.53250000e-09  1.78831938e+00 
 1.53350000e-09  1.78864381e+00 
 1.53450000e-09  1.78895924e+00 
 1.53550000e-09  1.78926593e+00 
 1.53650000e-09  1.78956411e+00 
 1.53750000e-09  1.78985402e+00 
 1.53850000e-09  1.79013589e+00 
 1.53950000e-09  1.79040995e+00 
 1.54050000e-09  1.79067640e+00 
 1.54150000e-09  1.79093545e+00 
 1.54250000e-09  1.79118733e+00 
 1.54350000e-09  1.79143221e+00 
 1.54450000e-09  1.79167030e+00 
 1.54550000e-09  1.79190178e+00 
 1.54650000e-09  1.79212683e+00 
 1.54750000e-09  1.79234564e+00 
 1.54850000e-09  1.79255838e+00 
 1.54950000e-09  1.79276521e+00 
 1.55000000e-09  1.79286645e+00 
 1.55010000e-09  1.79288650e+00 
 1.55030000e-09  1.79292649e+00 
 1.55070000e-09  1.79300580e+00 
 1.55150000e-09  1.79316176e+00 
 1.55250000e-09  1.79335183e+00 
 1.55350000e-09  1.79353663e+00 
 1.55450000e-09  1.79371630e+00 
 1.55550000e-09  1.79389098e+00 
 1.55650000e-09  1.79406081e+00 
 1.55750000e-09  1.79422592e+00 
 1.55850000e-09  1.79438645e+00 
 1.55950000e-09  1.79454251e+00 
 1.56050000e-09  1.79469425e+00 
 1.56150000e-09  1.79484176e+00 
 1.56250000e-09  1.79498518e+00 
 1.56350000e-09  1.79512461e+00 
 1.56450000e-09  1.79526017e+00 
 1.56550000e-09  1.79539196e+00 
 1.56650000e-09  1.79552009e+00 
 1.56750000e-09  1.79564466e+00 
 1.56850000e-09  1.79576577e+00 
 1.56950000e-09  1.79588351e+00 
 1.57050000e-09  1.79599798e+00 
 1.57150000e-09  1.79610927e+00 
 1.57250000e-09  1.79621747e+00 
 1.57350000e-09  1.79632265e+00 
 1.57450000e-09  1.79642492e+00 
 1.57550000e-09  1.79652434e+00 
 1.57650000e-09  1.79662099e+00 
 1.57750000e-09  1.79671496e+00 
 1.57850000e-09  1.79680632e+00 
 1.57950000e-09  1.79689514e+00 
 1.58050000e-09  1.79698148e+00 
 1.58150000e-09  1.79706543e+00 
 1.58250000e-09  1.79714704e+00 
 1.58350000e-09  1.79722639e+00 
 1.58450000e-09  1.79730353e+00 
 1.58550000e-09  1.79737852e+00 
 1.58650000e-09  1.79745143e+00 
 1.58750000e-09  1.79752231e+00 
 1.58850000e-09  1.79759122e+00 
 1.58950000e-09  1.79765821e+00 
 1.59050000e-09  1.79772334e+00 
 1.59150000e-09  1.79778666e+00 
 1.59250000e-09  1.79784822e+00 
 1.59350000e-09  1.79790807e+00 
 1.59450000e-09  1.79796625e+00 
 1.59550000e-09  1.79802281e+00 
 1.59650000e-09  1.79807780e+00 
 1.59750000e-09  1.79813126e+00 
 1.59850000e-09  1.79818323e+00 
 1.59950000e-09  1.79823376e+00 
 1.60050000e-09  1.79828288e+00 
 1.60150000e-09  1.79833064e+00 
 1.60250000e-09  1.79837707e+00 
 1.60350000e-09  1.79842220e+00 
 1.60450000e-09  1.79846608e+00 
 1.60550000e-09  1.79850874e+00 
 1.60650000e-09  1.79855022e+00 
 1.60750000e-09  1.79859054e+00 
 1.60850000e-09  1.79862973e+00 
 1.60950000e-09  1.79866784e+00 
 1.61050000e-09  1.79870489e+00 
 1.61150000e-09  1.79874090e+00 
 1.61250000e-09  1.79877592e+00 
 1.61350000e-09  1.79880996e+00 
 1.61450000e-09  1.79884305e+00 
 1.61550000e-09  1.79887522e+00 
 1.61650000e-09  1.79890650e+00 
 1.61750000e-09  1.79893691e+00 
 1.61850000e-09  1.79896647e+00 
 1.61950000e-09  1.79899521e+00 
 1.62050000e-09  1.79902315e+00 
 1.62150000e-09  1.79905031e+00 
 1.62250000e-09  1.79907671e+00 
 1.62350000e-09  1.79910238e+00 
 1.62450000e-09  1.79912734e+00 
 1.62550000e-09  1.79915160e+00 
 1.62650000e-09  1.79917519e+00 
 1.62750000e-09  1.79919812e+00 
 1.62850000e-09  1.79922041e+00 
 1.62950000e-09  1.79924209e+00 
 1.63050000e-09  1.79926316e+00 
 1.63150000e-09  1.79928364e+00 
 1.63250000e-09  1.79930355e+00 
 1.63350000e-09  1.79932291e+00 
 1.63450000e-09  1.79934173e+00 
 1.63550000e-09  1.79936003e+00 
 1.63650000e-09  1.79937782e+00 
 1.63750000e-09  1.79939511e+00 
 1.63850000e-09  1.79941192e+00 
 1.63950000e-09  1.79942827e+00 
 1.64050000e-09  1.79944416e+00 
 1.64150000e-09  1.79945961e+00 
 1.64250000e-09  1.79947462e+00 
 1.64350000e-09  1.79948922e+00 
 1.64450000e-09  1.79950342e+00 
 1.64550000e-09  1.79951721e+00 
 1.64650000e-09  1.79953063e+00 
 1.64750000e-09  1.79954367e+00 
 1.64850000e-09  1.79955635e+00 
 1.64950000e-09  1.79956867e+00 
 1.65050000e-09  1.79958066e+00 
 1.65150000e-09  1.79959231e+00 
 1.65250000e-09  1.79960363e+00 
 1.65350000e-09  1.79961464e+00 
 1.65450000e-09  1.79962534e+00 
 1.65550000e-09  1.79963575e+00 
 1.65650000e-09  1.79964587e+00 
 1.65750000e-09  1.79965570e+00 
 1.65850000e-09  1.79966526e+00 
 1.65950000e-09  1.79967456e+00 
 1.66050000e-09  1.79968359e+00 
 1.66150000e-09  1.79969238e+00 
 1.66250000e-09  1.79970092e+00 
 1.66350000e-09  1.79970922e+00 
 1.66450000e-09  1.79971729e+00 
 1.66550000e-09  1.79972514e+00 
 1.66650000e-09  1.79973277e+00 
 1.66750000e-09  1.79974019e+00 
 1.66850000e-09  1.79974740e+00 
 1.66950000e-09  1.79975441e+00 
 1.67050000e-09  1.79976122e+00 
 1.67150000e-09  1.79976785e+00 
 1.67250000e-09  1.79977429e+00 
 1.67350000e-09  1.79978055e+00 
 1.67450000e-09  1.79978664e+00 
 1.67550000e-09  1.79979255e+00 
 1.67650000e-09  1.79979831e+00 
 1.67750000e-09  1.79980390e+00 
 1.67850000e-09  1.79980934e+00 
 1.67950000e-09  1.79981462e+00 
 1.68050000e-09  1.79981976e+00 
 1.68150000e-09  1.79982476e+00 
 1.68250000e-09  1.79982962e+00 
 1.68350000e-09  1.79983434e+00 
 1.68450000e-09  1.79983893e+00 
 1.68550000e-09  1.79984339e+00 
 1.68650000e-09  1.79984773e+00 
 1.68750000e-09  1.79985195e+00 
 1.68850000e-09  1.79985605e+00 
 1.68950000e-09  1.79986004e+00 
 1.69050000e-09  1.79986391e+00 
 1.69150000e-09  1.79986768e+00 
 1.69250000e-09  1.79987134e+00 
 1.69350000e-09  1.79987491e+00 
 1.69450000e-09  1.79987837e+00 
 1.69550000e-09  1.79988173e+00 
 1.69650000e-09  1.79988501e+00 
 1.69750000e-09  1.79988819e+00 
 1.69850000e-09  1.79989128e+00 
 1.69950000e-09  1.79989429e+00 
 1.70000000e-09  1.79989576e+00 
 1.70010000e-09  1.80011150e+00 
 1.70030000e-09  1.80033213e+00 
 1.70070000e-09  1.80063419e+00 
 1.70150000e-09  1.80154783e+00 
 1.70250000e-09  1.80300644e+00 
 1.70350000e-09  1.80482948e+00 
 1.70450000e-09  1.80685047e+00 
 1.70550000e-09  1.80907992e+00 
 1.70650000e-09  1.81139947e+00 
 1.70750000e-09  1.81383326e+00 
 1.70850000e-09  1.81629787e+00 
 1.70950000e-09  1.81882258e+00 
 1.71050000e-09  1.82134794e+00 
 1.71150000e-09  1.82390342e+00 
 1.71250000e-09  1.82644583e+00 
 1.71350000e-09  1.82900252e+00 
 1.71450000e-09  1.83153820e+00 
 1.71550000e-09  1.83407988e+00 
 1.71650000e-09  1.83659866e+00 
 1.71750000e-09  1.83912522e+00 
 1.71850000e-09  1.84164038e+00 
 1.71950000e-09  1.84416878e+00 
 1.72050000e-09  1.84669879e+00 
 1.72150000e-09  1.84925519e+00 
 1.72250000e-09  1.85183293e+00 
 1.72350000e-09  1.85445715e+00 
 1.72450000e-09  1.85712587e+00 
 1.72550000e-09  1.85985970e+00 
 1.72650000e-09  1.86265238e+00 
 1.72750000e-09  1.86551459e+00 
 1.72850000e-09  1.86842114e+00 
 1.72950000e-09  1.87135666e+00 
 1.73050000e-09  1.87432702e+00 
 1.73150000e-09  1.87732663e+00 
 1.73250000e-09  1.88034313e+00 
 1.73350000e-09  1.88337415e+00 
 1.73450000e-09  1.88641117e+00 
 1.73550000e-09  1.88945690e+00 
 1.73650000e-09  1.89250957e+00 
 1.73750000e-09  1.89557875e+00 
 1.73850000e-09  1.89867077e+00 
 1.73950000e-09  1.90180255e+00 
 1.74050000e-09  1.90498804e+00 
 1.74150000e-09  1.90825120e+00 
 1.74250000e-09  1.91161053e+00 
 1.74350000e-09  1.91510047e+00 
 1.74450000e-09  1.91875670e+00 
 1.74550000e-09  1.92267447e+00 
 1.74650000e-09  1.92705108e+00 
 1.74750000e-09  1.93185095e+00 
 1.74850000e-09  1.93719971e+00 
 1.74950000e-09  1.94333709e+00 
 1.75000000e-09  1.94676661e+00 
 1.75010000e-09  1.94782461e+00 
 1.75030000e-09  1.94963607e+00 
 1.75070000e-09  1.95305764e+00 
 1.75150000e-09  1.96019203e+00 
 1.75250000e-09  1.96935310e+00 
 1.75350000e-09  1.97885412e+00 
 1.75450000e-09  1.98818019e+00 
 1.75550000e-09  1.99673193e+00 
 1.75650000e-09  2.00303951e+00 
 1.75750000e-09  2.00536834e+00 
 1.75850000e-09  2.00187022e+00 
 1.75950000e-09  1.99159800e+00 
 1.76050000e-09  1.97427303e+00 
 1.76150000e-09  1.95208385e+00 
 1.76250000e-09  1.92422798e+00 
 1.76350000e-09  1.89079514e+00 
 1.76450000e-09  1.85236872e+00 
 1.76550000e-09  1.80921308e+00 
 1.76650000e-09  1.76165600e+00 
 1.76750000e-09  1.70993173e+00 
 1.76850000e-09  1.65424708e+00 
 1.76950000e-09  1.59476071e+00 
 1.77050000e-09  1.53134148e+00 
 1.77150000e-09  1.46416354e+00 
 1.77250000e-09  1.39306205e+00 
 1.77350000e-09  1.31759351e+00 
 1.77450000e-09  1.23718236e+00 
 1.77550000e-09  1.15146683e+00 
 1.77650000e-09  1.06080420e+00 
 1.77750000e-09  9.66204596e-01 
 1.77850000e-09  8.68747723e-01 
 1.77950000e-09  7.69374381e-01 
 1.78050000e-09  6.69073378e-01 
 1.78150000e-09  5.69343711e-01 
 1.78250000e-09  4.73252056e-01 
 1.78350000e-09  3.85158092e-01 
 1.78450000e-09  3.07748344e-01 
 1.78550000e-09  2.42300504e-01 
 1.78650000e-09  1.89015140e-01 
 1.78750000e-09  1.46740589e-01 
 1.78850000e-09  1.13770676e-01 
 1.78950000e-09  8.83974661e-02 
 1.79050000e-09  6.90801173e-02 
 1.79150000e-09  5.44291565e-02 
 1.79250000e-09  4.33700773e-02 
 1.79350000e-09  3.50022050e-02 
 1.79450000e-09  2.86911896e-02 
 1.79550000e-09  2.38803008e-02 
 1.79650000e-09  2.01955163e-02 
 1.79750000e-09  1.73227777e-02 
 1.79850000e-09  1.50694033e-02 
 1.79950000e-09  1.32586154e-02 
 1.80050000e-09  1.17966765e-02 
 1.80150000e-09  1.05812780e-02 
 1.80250000e-09  9.57089331e-03 
 1.80350000e-09  8.70296065e-03 
 1.80450000e-09  7.96270434e-03 
 1.80550000e-09  7.30881158e-03 
 1.80650000e-09  6.73995838e-03 
 1.80750000e-09  6.22642976e-03 
 1.80850000e-09  5.77347744e-03 
 1.80950000e-09  5.35797657e-03 
 1.81050000e-09  4.98823312e-03 
 1.81150000e-09  4.64510719e-03 
 1.81250000e-09  4.33816642e-03 
 1.81350000e-09  4.05088179e-03 
 1.81450000e-09  3.79317499e-03 
 1.81550000e-09  3.55038261e-03 
 1.81650000e-09  3.33232462e-03 
 1.81750000e-09  3.12577976e-03 
 1.81850000e-09  2.94024168e-03 
 1.81950000e-09  2.76367429e-03 
 1.82050000e-09  2.60513907e-03 
 1.82150000e-09  2.45361587e-03 
 1.82250000e-09  2.31768986e-03 
 1.82350000e-09  2.18723560e-03 
 1.82450000e-09  2.07035004e-03 
 1.82550000e-09  1.95770877e-03 
 1.82650000e-09  1.85692579e-03 
 1.82750000e-09  1.75940111e-03 
 1.82850000e-09  1.67228012e-03 
 1.82950000e-09  1.58762196e-03 
 1.83050000e-09  1.51212254e-03 
 1.83150000e-09  1.43844313e-03 
 1.83250000e-09  1.37285165e-03 
 1.83350000e-09  1.30856090e-03 
 1.83450000e-09  1.25143325e-03 
 1.83550000e-09  1.19518765e-03 
 1.83650000e-09  1.14530356e-03 
 1.83750000e-09  1.09596510e-03 
 1.83850000e-09  1.05229117e-03 
 1.83950000e-09  1.00889390e-03 
 1.84050000e-09  9.70553291e-04 
 1.84150000e-09  9.32275734e-04 
 1.84250000e-09  8.98523237e-04 
 1.84350000e-09  8.64665617e-04 
 1.84450000e-09  8.34866887e-04 
 1.84550000e-09  8.04832152e-04 
 1.84650000e-09  7.78446450e-04 
 1.84750000e-09  7.51724428e-04 
 1.84850000e-09  7.28290181e-04 
 1.84950000e-09  7.04444300e-04 
 1.85050000e-09  6.83566990e-04 
 1.85150000e-09  6.62223129e-04 
 1.85250000e-09  6.43565113e-04 
 1.85350000e-09  6.24402216e-04 
 1.85450000e-09  6.07674163e-04 
 1.85550000e-09  5.90416319e-04 
 1.85650000e-09  5.75369975e-04 
 1.85750000e-09  5.59779735e-04 
 1.85850000e-09  5.46201821e-04 
 1.85950000e-09  5.32074539e-04 
 1.86050000e-09  5.19781580e-04 
 1.86150000e-09  5.06940620e-04 
 1.86250000e-09  4.95774574e-04 
 1.86350000e-09  4.84067248e-04 
 1.86450000e-09  4.73891792e-04 
 1.86550000e-09  4.63185904e-04 
 1.86650000e-09  4.53883284e-04 
 1.86750000e-09  4.44064201e-04 
 1.86850000e-09  4.35532555e-04 
 1.86950000e-09  4.26500708e-04 
 1.87050000e-09  4.18651790e-04 
 1.87150000e-09  4.10320546e-04 
 1.87250000e-09  4.03077783e-04 
 1.87350000e-09  3.95371634e-04 
 1.87450000e-09  3.88668479e-04 
 1.87550000e-09  3.81521491e-04 
 1.87650000e-09  3.75300009e-04 
 1.87750000e-09  3.68654504e-04 
 1.87850000e-09  3.62864172e-04 
 1.87950000e-09  3.56669591e-04 
 1.88050000e-09  3.51266269e-04 
 1.88150000e-09  3.45478211e-04 
 1.88250000e-09  3.40423262e-04 
 1.88350000e-09  3.35002651e-04 
 1.88450000e-09  3.30262190e-04 
 1.88550000e-09  3.25174565e-04 
 1.88650000e-09  3.20718813e-04 
 1.88750000e-09  3.15933718e-04 
 1.88850000e-09  3.11736452e-04 
 1.88950000e-09  3.07226910e-04 
 1.89050000e-09  3.03264987e-04 
 1.89150000e-09  2.99007052e-04 
 1.89250000e-09  2.95260001e-04 
 1.89350000e-09  2.91232368e-04 
 1.89450000e-09  2.87682042e-04 
 1.89550000e-09  2.83865711e-04 
 1.89650000e-09  2.80495985e-04 
 1.89750000e-09  2.76873973e-04 
 1.89850000e-09  2.73670485e-04 
 1.89950000e-09  2.70227577e-04 
 1.90050000e-09  2.67177503e-04 
 1.90150000e-09  2.63900038e-04 
 1.90250000e-09  2.60991900e-04 
 1.90350000e-09  2.57867578e-04 
 1.90450000e-09  2.55091079e-04 
 1.90550000e-09  2.52108807e-04 
 1.90650000e-09  2.49454680e-04 
 1.90750000e-09  2.46604425e-04 
 1.90850000e-09  2.44064316e-04 
 1.90950000e-09  2.41336985e-04 
 1.91050000e-09  2.38903342e-04 
 1.91150000e-09  2.36290674e-04 
 1.91250000e-09  2.33956651e-04 
 1.91350000e-09  2.31451127e-04 
 1.91450000e-09  2.29210503e-04 
 1.91550000e-09  2.26805262e-04 
 1.91650000e-09  2.24652371e-04 
 1.91750000e-09  2.22341139e-04 
 1.91850000e-09  2.20270808e-04 
 1.91950000e-09  2.18047838e-04 
 1.92050000e-09  2.16055330e-04 
 1.92150000e-09  2.13915345e-04 
 1.92250000e-09  2.11996315e-04 
 1.92350000e-09  2.09934461e-04 
 1.92450000e-09  2.08084915e-04 
 1.92550000e-09  2.06096718e-04 
 1.92650000e-09  2.04312973e-04 
 1.92750000e-09  2.02394303e-04 
 1.92850000e-09  2.00672956e-04 
 1.92950000e-09  1.98819993e-04 
 1.93050000e-09  1.97157895e-04 
 1.93150000e-09  1.95367099e-04 
 1.93250000e-09  1.93761330e-04 
 1.93350000e-09  1.92029416e-04 
 1.93450000e-09  1.90477260e-04 
 1.93550000e-09  1.88801175e-04 
 1.93650000e-09  1.87300104e-04 
 1.93750000e-09  1.85677007e-04 
 1.93850000e-09  1.84224662e-04 
 1.93950000e-09  1.82651902e-04 
 1.94050000e-09  1.81246079e-04 
 1.94150000e-09  1.79721184e-04 
 1.94250000e-09  1.78359818e-04 
 1.94350000e-09  1.76880476e-04 
 1.94450000e-09  1.75561633e-04 
 1.94550000e-09  1.74125680e-04 
 1.94650000e-09  1.72847542e-04 
 1.94750000e-09  1.71452951e-04 
 1.94850000e-09  1.70213809e-04 
 1.94950000e-09  1.68858678e-04 
 1.95000000e-09  1.68288973e-04 
 1.95010000e-09  1.68128817e-04 
 1.95030000e-09  1.67875709e-04 
 1.95070000e-09  1.67371788e-04 
 1.95150000e-09  1.66372978e-04 
 1.95250000e-09  1.65140238e-04 
 1.95350000e-09  1.63925489e-04 
 1.95450000e-09  1.62727478e-04 
 1.95550000e-09  1.61546869e-04 
 1.95650000e-09  1.60382159e-04 
 1.95750000e-09  1.59234284e-04 
 1.95850000e-09  1.58101520e-04 
 1.95950000e-09  1.56985049e-04 
 1.96050000e-09  1.55882948e-04 
 1.96150000e-09  1.54796620e-04 
 1.96250000e-09  1.53723970e-04 
 1.96350000e-09  1.52666593e-04 
 1.96450000e-09  1.51622242e-04 
 1.96550000e-09  1.50592685e-04 
 1.96650000e-09  1.49575544e-04 
 1.96750000e-09  1.48572736e-04 
 1.96850000e-09  1.47581769e-04 
 1.96950000e-09  1.46604693e-04 
 1.97050000e-09  1.45638918e-04 
 1.97150000e-09  1.44686608e-04 
 1.97250000e-09  1.43745092e-04 
 1.97350000e-09  1.42816629e-04 
 1.97450000e-09  1.41898484e-04 
 1.97550000e-09  1.40992996e-04 
 1.97650000e-09  1.40097376e-04 
 1.97750000e-09  1.39214032e-04 
 1.97850000e-09  1.38340134e-04 
 1.97950000e-09  1.37478143e-04 
 1.98050000e-09  1.36625199e-04 
 1.98150000e-09  1.35783807e-04 
 1.98250000e-09  1.34951085e-04 
 1.98350000e-09  1.34129571e-04 
 1.98450000e-09  1.33316374e-04 
 1.98550000e-09  1.32514053e-04 
 1.98650000e-09  1.31719714e-04 
 1.98750000e-09  1.30935931e-04 
 1.98850000e-09  1.30159815e-04 
 1.98950000e-09  1.29393944e-04 
 1.99050000e-09  1.28635441e-04 
 1.99150000e-09  1.27886883e-04 
 1.99250000e-09  1.27145412e-04 
 1.99350000e-09  1.26413597e-04 
 1.99450000e-09  1.25688600e-04 
 1.99550000e-09  1.24972980e-04 
 1.99650000e-09  1.24263927e-04 
 1.99750000e-09  1.23563978e-04 
 1.99850000e-09  1.22870357e-04 
 1.99950000e-09  1.22185578e-04 
 2.00000000e-09  1.21844994e-04 
