 0.00000000e+00  1.41117233e-01 
 1.00000000e-14  1.41117233e-01 
 2.00000000e-14  1.41117233e-01 
 4.00000000e-14  1.41117233e-01 
 8.00000000e-14  1.41117233e-01 
 1.60000000e-13  1.41117233e-01 
 3.20000000e-13  1.41117233e-01 
 6.40000000e-13  1.41117233e-01 
 1.28000000e-12  1.41117233e-01 
 2.28000000e-12  1.41117233e-01 
 3.28000000e-12  1.41117233e-01 
 4.28000000e-12  1.41117233e-01 
 5.28000000e-12  1.41117233e-01 
 6.28000000e-12  1.41117233e-01 
 7.28000000e-12  1.41117233e-01 
 8.28000000e-12  1.41117233e-01 
 9.28000000e-12  1.41117233e-01 
 1.02800000e-11  1.41117233e-01 
 1.12800000e-11  1.41117233e-01 
 1.22800000e-11  1.41117233e-01 
 1.32800000e-11  1.41117233e-01 
 1.42800000e-11  1.41117233e-01 
 1.52800000e-11  1.41117233e-01 
 1.62800000e-11  1.41117233e-01 
 1.72800000e-11  1.41117233e-01 
 1.82800000e-11  1.41117233e-01 
 1.92800000e-11  1.41117233e-01 
 2.02800000e-11  1.41117233e-01 
 2.12800000e-11  1.41117233e-01 
 2.22800000e-11  1.41117233e-01 
 2.32800000e-11  1.41117233e-01 
 2.42800000e-11  1.41117233e-01 
 2.52800000e-11  1.41117233e-01 
 2.62800000e-11  1.41117233e-01 
 2.72800000e-11  1.41117233e-01 
 2.82800000e-11  1.41117233e-01 
 2.92800000e-11  1.41117233e-01 
 3.02800000e-11  1.41117233e-01 
 3.12800000e-11  1.41117233e-01 
 3.22800000e-11  1.41117233e-01 
 3.32800000e-11  1.41117233e-01 
 3.42800000e-11  1.41117233e-01 
 3.52800000e-11  1.41117233e-01 
 3.62800000e-11  1.41117233e-01 
 3.72800000e-11  1.41117233e-01 
 3.82800000e-11  1.41117233e-01 
 3.92800000e-11  1.41117233e-01 
 4.02800000e-11  1.41117233e-01 
 4.12800000e-11  1.41117233e-01 
 4.22800000e-11  1.41117233e-01 
 4.32800000e-11  1.41117233e-01 
 4.42800000e-11  1.41117233e-01 
 4.52800000e-11  1.41117233e-01 
 4.62800000e-11  1.41117233e-01 
 4.72800000e-11  1.41117233e-01 
 4.82800000e-11  1.41117233e-01 
 4.92800000e-11  1.41117233e-01 
 5.00000000e-11  1.41117233e-01 
 5.01000000e-11  1.41117233e-01 
 5.03000000e-11  1.41117233e-01 
 5.07000000e-11  1.41117233e-01 
 5.15000000e-11  1.41117233e-01 
 5.25000000e-11  1.41117233e-01 
 5.35000000e-11  1.41117233e-01 
 5.45000000e-11  1.41117233e-01 
 5.55000000e-11  1.41117233e-01 
 5.65000000e-11  1.41117233e-01 
 5.75000000e-11  1.41117233e-01 
 5.85000000e-11  1.41117233e-01 
 5.95000000e-11  1.41117233e-01 
 6.05000000e-11  1.41117233e-01 
 6.15000000e-11  1.41117233e-01 
 6.25000000e-11  1.41117233e-01 
 6.35000000e-11  1.41117233e-01 
 6.45000000e-11  1.41117233e-01 
 6.55000000e-11  1.41117233e-01 
 6.65000000e-11  1.41117233e-01 
 6.75000000e-11  1.41117233e-01 
 6.85000000e-11  1.41117233e-01 
 6.95000000e-11  1.41117233e-01 
 7.05000000e-11  1.41117233e-01 
 7.15000000e-11  1.41117233e-01 
 7.25000000e-11  1.41117233e-01 
 7.35000000e-11  1.41117233e-01 
 7.45000000e-11  1.41117233e-01 
 7.55000000e-11  1.41117233e-01 
 7.65000000e-11  1.41117233e-01 
 7.75000000e-11  1.41117233e-01 
 7.85000000e-11  1.41117233e-01 
 7.95000000e-11  1.41117233e-01 
 8.05000000e-11  1.41117233e-01 
 8.15000000e-11  1.41117233e-01 
 8.25000000e-11  1.41117233e-01 
 8.35000000e-11  1.41117233e-01 
 8.45000000e-11  1.41117233e-01 
 8.55000000e-11  1.41117233e-01 
 8.65000000e-11  1.41117233e-01 
 8.75000000e-11  1.41117233e-01 
 8.85000000e-11  1.41117233e-01 
 8.95000000e-11  1.41117233e-01 
 9.05000000e-11  1.41117233e-01 
 9.15000000e-11  1.41117233e-01 
 9.25000000e-11  1.41117233e-01 
 9.35000000e-11  1.41117233e-01 
 9.45000000e-11  1.41117233e-01 
 9.55000000e-11  1.41117233e-01 
 9.65000000e-11  1.41117233e-01 
 9.75000000e-11  1.41117233e-01 
 9.85000000e-11  1.41117233e-01 
 9.95000000e-11  1.41117233e-01 
 1.00500000e-10  1.41117233e-01 
 1.01500000e-10  1.41117233e-01 
 1.02500000e-10  1.41117233e-01 
 1.03500000e-10  1.41117233e-01 
 1.04500000e-10  1.41117233e-01 
 1.05500000e-10  1.41117233e-01 
 1.06500000e-10  1.41117233e-01 
 1.07500000e-10  1.41117233e-01 
 1.08500000e-10  1.41117233e-01 
 1.09500000e-10  1.41117233e-01 
 1.10500000e-10  1.41117233e-01 
 1.11500000e-10  1.41117233e-01 
 1.12500000e-10  1.41117233e-01 
 1.13500000e-10  1.41117233e-01 
 1.14500000e-10  1.41117233e-01 
 1.15500000e-10  1.41117233e-01 
 1.16500000e-10  1.41117233e-01 
 1.17500000e-10  1.41117233e-01 
 1.18500000e-10  1.41117233e-01 
 1.19500000e-10  1.41117233e-01 
 1.20500000e-10  1.41117233e-01 
 1.21500000e-10  1.41117233e-01 
 1.22500000e-10  1.41117233e-01 
 1.23500000e-10  1.41117233e-01 
 1.24500000e-10  1.41117233e-01 
 1.25500000e-10  1.41117233e-01 
 1.26500000e-10  1.41117233e-01 
 1.27500000e-10  1.41117233e-01 
 1.28500000e-10  1.41117233e-01 
 1.29500000e-10  1.41117233e-01 
 1.30500000e-10  1.41117233e-01 
 1.31500000e-10  1.41117233e-01 
 1.32500000e-10  1.41117233e-01 
 1.33500000e-10  1.41117233e-01 
 1.34500000e-10  1.41117233e-01 
 1.35500000e-10  1.41117233e-01 
 1.36500000e-10  1.41117233e-01 
 1.37500000e-10  1.41117233e-01 
 1.38500000e-10  1.41117233e-01 
 1.39500000e-10  1.41117233e-01 
 1.40500000e-10  1.41117233e-01 
 1.41500000e-10  1.41117233e-01 
 1.42500000e-10  1.41117233e-01 
 1.43500000e-10  1.41117233e-01 
 1.44500000e-10  1.41117233e-01 
 1.45500000e-10  1.41117233e-01 
 1.46500000e-10  1.41117233e-01 
 1.47500000e-10  1.41117233e-01 
 1.48500000e-10  1.41117233e-01 
 1.49500000e-10  1.41117233e-01 
 1.50500000e-10  1.41117233e-01 
 1.51500000e-10  1.41117233e-01 
 1.52500000e-10  1.41117233e-01 
 1.53500000e-10  1.41117233e-01 
 1.54500000e-10  1.41117233e-01 
 1.55500000e-10  1.41117233e-01 
 1.56500000e-10  1.41117233e-01 
 1.57500000e-10  1.41117233e-01 
 1.58500000e-10  1.41117233e-01 
 1.59500000e-10  1.41117233e-01 
 1.60500000e-10  1.41117233e-01 
 1.61500000e-10  1.41117233e-01 
 1.62500000e-10  1.41117233e-01 
 1.63500000e-10  1.41117233e-01 
 1.64500000e-10  1.41117233e-01 
 1.65500000e-10  1.41117233e-01 
 1.66500000e-10  1.41117233e-01 
 1.67500000e-10  1.41117233e-01 
 1.68500000e-10  1.41117233e-01 
 1.69500000e-10  1.41117233e-01 
 1.70500000e-10  1.41117233e-01 
 1.71500000e-10  1.41117233e-01 
 1.72500000e-10  1.41117233e-01 
 1.73500000e-10  1.41117233e-01 
 1.74500000e-10  1.41117233e-01 
 1.75500000e-10  1.41117233e-01 
 1.76500000e-10  1.41117233e-01 
 1.77500000e-10  1.41117233e-01 
 1.78500000e-10  1.41117233e-01 
 1.79500000e-10  1.41117233e-01 
 1.80500000e-10  1.41117233e-01 
 1.81500000e-10  1.41117233e-01 
 1.82500000e-10  1.41117233e-01 
 1.83500000e-10  1.41117233e-01 
 1.84500000e-10  1.41117233e-01 
 1.85500000e-10  1.41117233e-01 
 1.86500000e-10  1.41117233e-01 
 1.87500000e-10  1.41117233e-01 
 1.88500000e-10  1.41117233e-01 
 1.89500000e-10  1.41117233e-01 
 1.90500000e-10  1.41117233e-01 
 1.91500000e-10  1.41117233e-01 
 1.92500000e-10  1.41117233e-01 
 1.93500000e-10  1.41117233e-01 
 1.94500000e-10  1.41117233e-01 
 1.95500000e-10  1.41117233e-01 
 1.96500000e-10  1.41117233e-01 
 1.97500000e-10  1.41117233e-01 
 1.98500000e-10  1.41117233e-01 
 1.99500000e-10  1.41117233e-01 
 2.00000000e-10  1.41117233e-01 
 2.00100000e-10  1.41299752e-01 
 2.00300000e-10  1.41537253e-01 
 2.00700000e-10  1.41872116e-01 
 2.01500000e-10  1.42413033e-01 
 2.02500000e-10  1.42779114e-01 
 2.03500000e-10  1.42930950e-01 
 2.04500000e-10  1.42886017e-01 
 2.05500000e-10  1.42734154e-01 
 2.06500000e-10  1.42475414e-01 
 2.07500000e-10  1.42171674e-01 
 2.08500000e-10  1.41814071e-01 
 2.09500000e-10  1.41445461e-01 
 2.10500000e-10  1.41052635e-01 
 2.11500000e-10  1.40666722e-01 
 2.12500000e-10  1.40273076e-01 
 2.13500000e-10  1.39894590e-01 
 2.14500000e-10  1.39516641e-01 
 2.15500000e-10  1.39156422e-01 
 2.16500000e-10  1.38800106e-01 
 2.17500000e-10  1.38460810e-01 
 2.18500000e-10  1.38125816e-01 
 2.19500000e-10  1.37805211e-01 
 2.20500000e-10  1.37487447e-01 
 2.21500000e-10  1.37180321e-01 
 2.22500000e-10  1.36873509e-01 
 2.23500000e-10  1.36573240e-01 
 2.24500000e-10  1.36270641e-01 
 2.25500000e-10  1.35971216e-01 
 2.26500000e-10  1.35668048e-01 
 2.27500000e-10  1.35366695e-01 
 2.28500000e-10  1.35061859e-01 
 2.29500000e-10  1.34758070e-01 
 2.30500000e-10  1.34449999e-01 
 2.31500000e-10  1.34141640e-01 
 2.32500000e-10  1.33831199e-01 
 2.33500000e-10  1.33528713e-01 
 2.34500000e-10  1.33243277e-01 
 2.35500000e-10  1.32996575e-01 
 2.36500000e-10  1.32804302e-01 
 2.37500000e-10  1.32670983e-01 
 2.38500000e-10  1.32562997e-01 
 2.39500000e-10  1.32429365e-01 
 2.40500000e-10  1.32210606e-01 
 2.41500000e-10  1.31857116e-01 
 2.42500000e-10  1.31329385e-01 
 2.43500000e-10  1.30617826e-01 
 2.44500000e-10  1.29744113e-01 
 2.45500000e-10  1.28764205e-01 
 2.46500000e-10  1.27746810e-01 
 2.47500000e-10  1.26763013e-01 
 2.48500000e-10  1.25867072e-01 
 2.49500000e-10  1.25098320e-01 
 2.50000000e-10  1.24768120e-01 
 2.50100000e-10  1.24701798e-01 
 2.50300000e-10  1.24563832e-01 
 2.50700000e-10  1.24320109e-01 
 2.51500000e-10  1.23845468e-01 
 2.52500000e-10  1.23336125e-01 
 2.53500000e-10  1.22970289e-01 
 2.54500000e-10  1.22765648e-01 
 2.55500000e-10  1.22730994e-01 
 2.56500000e-10  1.22848946e-01 
 2.57500000e-10  1.23112850e-01 
 2.58500000e-10  1.23496857e-01 
 2.59500000e-10  1.23993105e-01 
 2.60500000e-10  1.24578169e-01 
 2.61500000e-10  1.25247924e-01 
 2.62500000e-10  1.25982206e-01 
 2.63500000e-10  1.26779896e-01 
 2.64500000e-10  1.27629148e-01 
 2.65500000e-10  1.28525711e-01 
 2.66500000e-10  1.29459767e-01 
 2.67500000e-10  1.30433940e-01 
 2.68500000e-10  1.31439717e-01 
 2.69500000e-10  1.32479975e-01 
 2.70500000e-10  1.33547622e-01 
 2.71500000e-10  1.34645867e-01 
 2.72500000e-10  1.35768775e-01 
 2.73500000e-10  1.36919595e-01 
 2.74500000e-10  1.38093256e-01 
 2.75500000e-10  1.39292842e-01 
 2.76500000e-10  1.40513939e-01 
 2.77500000e-10  1.41759356e-01 
 2.78500000e-10  1.43025193e-01 
 2.79500000e-10  1.44313953e-01 
 2.80500000e-10  1.45622185e-01 
 2.81500000e-10  1.46952111e-01 
 2.82500000e-10  1.48300675e-01 
 2.83500000e-10  1.49669769e-01 
 2.84500000e-10  1.51056414e-01 
 2.85500000e-10  1.52461460e-01 
 2.86500000e-10  1.53880388e-01 
 2.87500000e-10  1.55310217e-01 
 2.88500000e-10  1.56740809e-01 
 2.89500000e-10  1.58161084e-01 
 2.90500000e-10  1.59552676e-01 
 2.91500000e-10  1.60897376e-01 
 2.92500000e-10  1.62173126e-01 
 2.93500000e-10  1.63360886e-01 
 2.94500000e-10  1.64440546e-01 
 2.95500000e-10  1.65396122e-01 
 2.96500000e-10  1.66211586e-01 
 2.97500000e-10  1.66875139e-01 
 2.98500000e-10  1.67375536e-01 
 2.99500000e-10  1.67706052e-01 
 3.00500000e-10  1.67861038e-01 
 3.01500000e-10  1.67839529e-01 
 3.02500000e-10  1.67643056e-01 
 3.03500000e-10  1.67278222e-01 
 3.04500000e-10  1.66754446e-01 
 3.05500000e-10  1.66085840e-01 
 3.06500000e-10  1.65288653e-01 
 3.07500000e-10  1.64382150e-01 
 3.08500000e-10  1.63385678e-01 
 3.09500000e-10  1.62318632e-01 
 3.10500000e-10  1.61197132e-01 
 3.11500000e-10  1.60033190e-01 
 3.12500000e-10  1.58831340e-01 
 3.13500000e-10  1.57588118e-01 
 3.14500000e-10  1.56290480e-01 
 3.15500000e-10  1.54917964e-01 
 3.16500000e-10  1.53443982e-01 
 3.17500000e-10  1.51839906e-01 
 3.18500000e-10  1.50078725e-01 
 3.19500000e-10  1.48138239e-01 
 3.20500000e-10  1.46002169e-01 
 3.21500000e-10  1.43660916e-01 
 3.22500000e-10  1.41110582e-01 
 3.23500000e-10  1.38352808e-01 
 3.24500000e-10  1.35394090e-01 
 3.25500000e-10  1.32246222e-01 
 3.26500000e-10  1.28926155e-01 
 3.27500000e-10  1.25456489e-01 
 3.28500000e-10  1.21865230e-01 
 3.29500000e-10  1.18185889e-01 
 3.30500000e-10  1.14456657e-01 
 3.31500000e-10  1.10719191e-01 
 3.32500000e-10  1.07015615e-01 
 3.33500000e-10  1.03384474e-01 
 3.34500000e-10  9.98558340e-02 
 3.35500000e-10  9.64479760e-02 
 3.36500000e-10  9.31670369e-02 
 3.37500000e-10  9.00094882e-02 
 3.38500000e-10  8.69656506e-02 
 3.39500000e-10  8.40234766e-02 
 3.40500000e-10  8.11710330e-02 
 3.41500000e-10  7.83980433e-02 
 3.42500000e-10  7.56963885e-02 
 3.43500000e-10  7.30601969e-02 
 3.44500000e-10  7.04855253e-02 
 3.45500000e-10  6.79700207e-02 
 3.46500000e-10  6.55124878e-02 
 3.47500000e-10  6.31125511e-02 
 3.48500000e-10  6.07703351e-02 
 3.49500000e-10  5.84862368e-02 
 3.50500000e-10  5.62607519e-02 
 3.51500000e-10  5.40943536e-02 
 3.52500000e-10  5.19874340e-02 
 3.53500000e-10  4.99402526e-02 
 3.54500000e-10  4.79529500e-02 
 3.55500000e-10  4.60255273e-02 
 3.56500000e-10  4.41578977e-02 
 3.57500000e-10  4.23498734e-02 
 3.58500000e-10  4.06012350e-02 
 3.59500000e-10  3.89117165e-02 
 3.60500000e-10  3.72810858e-02 
 3.61500000e-10  3.57091229e-02 
 3.62500000e-10  3.41957016e-02 
 3.63500000e-10  3.27408337e-02 
 3.64500000e-10  3.13444290e-02 
 3.65500000e-10  3.00063531e-02 
 3.66500000e-10  2.87266518e-02 
 3.67500000e-10  2.75047425e-02 
 3.68500000e-10  2.63399155e-02 
 3.69500000e-10  2.52305253e-02 
 3.70500000e-10  2.41747104e-02 
 3.71500000e-10  2.31697896e-02 
 3.72500000e-10  2.22131702e-02 
 3.73500000e-10  2.13018056e-02 
 3.74500000e-10  2.04330627e-02 
 3.75500000e-10  1.96041098e-02 
 3.76500000e-10  1.88126558e-02 
 3.77500000e-10  1.80562828e-02 
 3.78500000e-10  1.73331005e-02 
 3.79500000e-10  1.66410802e-02 
 3.80500000e-10  1.59786648e-02 
 3.81500000e-10  1.53441344e-02 
 3.82500000e-10  1.47361856e-02 
 3.83500000e-10  1.41533361e-02 
 3.84500000e-10  1.35944763e-02 
 3.85500000e-10  1.30583120e-02 
 3.86500000e-10  1.25438868e-02 
 3.87500000e-10  1.20500605e-02 
 3.88500000e-10  1.15760023e-02 
 3.89500000e-10  1.11207018e-02 
 3.90500000e-10  1.06834336e-02 
 3.91500000e-10  1.02632981e-02 
 3.92500000e-10  9.85965948e-03 
 3.93500000e-10  9.47171346e-03 
 3.94500000e-10  9.09890001e-03 
 3.95500000e-10  8.74049698e-03 
 3.96500000e-10  8.39600871e-03 
 3.97500000e-10  8.06478361e-03 
 3.98500000e-10  7.74638054e-03 
 3.99500000e-10  7.44020856e-03 
 4.00500000e-10  7.14587270e-03 
 4.01500000e-10  6.86283426e-03 
 4.02500000e-10  6.59073746e-03 
 4.03500000e-10  6.32908880e-03 
 4.04500000e-10  6.07756597e-03 
 4.05500000e-10  5.83571484e-03 
 4.06500000e-10  5.60324187e-03 
 4.07500000e-10  5.37972750e-03 
 4.08500000e-10  5.16490323e-03 
 4.09500000e-10  4.95838015e-03 
 4.10500000e-10  4.75991177e-03 
 4.11500000e-10  4.56913661e-03 
 4.12500000e-10  4.38582780e-03 
 4.13500000e-10  4.20964862e-03 
 4.14500000e-10  4.04038987e-03 
 4.15500000e-10  3.87773741e-03 
 4.16500000e-10  3.72149810e-03 
 4.17500000e-10  3.57137854e-03 
 4.18500000e-10  3.42720035e-03 
 4.19500000e-10  3.28868926e-03 
 4.20500000e-10  3.15568055e-03 
 4.21500000e-10  3.02791773e-03 
 4.22500000e-10  2.90524873e-03 
 4.23500000e-10  2.78743363e-03 
 4.24500000e-10  2.67433221e-03 
 4.25500000e-10  2.56571999e-03 
 4.26500000e-10  2.46146781e-03 
 4.27500000e-10  2.36136567e-03 
 4.28500000e-10  2.26529477e-03 
 4.29500000e-10  2.17305864e-03 
 4.30500000e-10  2.08454820e-03 
 4.31500000e-10  1.99957967e-03 
 4.32500000e-10  1.91805305e-03 
 4.33500000e-10  1.83979643e-03 
 4.34500000e-10  1.76471837e-03 
 4.35500000e-10  1.69265805e-03 
 4.36500000e-10  1.62353200e-03 
 4.37500000e-10  1.55718982e-03 
 4.38500000e-10  1.49355547e-03 
 4.39500000e-10  1.43248828e-03 
 4.40500000e-10  1.37391919e-03 
 4.41500000e-10  1.31771660e-03 
 4.42500000e-10  1.26381791e-03 
 4.43500000e-10  1.21210004e-03 
 4.44500000e-10  1.16250641e-03 
 4.45500000e-10  1.11492184e-03 
 4.46500000e-10  1.06929538e-03 
 4.47500000e-10  1.02551922e-03 
 4.48500000e-10  9.83547618e-04 
 4.49500000e-10  9.43279620e-04 
 4.50000000e-10  9.23780651e-04 
 4.50100000e-10  9.19933018e-04 
 4.50300000e-10  9.12276177e-04 
 4.50700000e-10  8.97153660e-04 
 4.51500000e-10  8.67654824e-04 
 4.52500000e-10  8.32142201e-04 
 4.53500000e-10  7.98085834e-04 
 4.54500000e-10  7.65427357e-04 
 4.55500000e-10  7.34109395e-04 
 4.56500000e-10  7.04078116e-04 
 4.57500000e-10  6.75280588e-04 
 4.58500000e-10  6.47667181e-04 
 4.59500000e-10  6.21189078e-04 
 4.60500000e-10  5.95800538e-04 
 4.61500000e-10  5.71456550e-04 
 4.62500000e-10  5.48114974e-04 
 4.63500000e-10  5.25734319e-04 
 4.64500000e-10  5.04275771e-04 
 4.65500000e-10  4.83701094e-04 
 4.66500000e-10  4.63974549e-04 
 4.67500000e-10  4.45060910e-04 
 4.68500000e-10  4.26927272e-04 
 4.69500000e-10  4.09541189e-04 
 4.70500000e-10  3.92872379e-04 
 4.71500000e-10  3.76890958e-04 
 4.72500000e-10  3.61569060e-04 
 4.73500000e-10  3.46879171e-04 
 4.74500000e-10  3.32795653e-04 
 4.75500000e-10  3.19293177e-04 
 4.76500000e-10  3.06348158e-04 
 4.77500000e-10  2.93937282e-04 
 4.78500000e-10  2.82038859e-04 
 4.79500000e-10  2.70631430e-04 
 4.80500000e-10  2.59695051e-04 
 4.81500000e-10  2.49209975e-04 
 4.82500000e-10  2.39157865e-04 
 4.83500000e-10  2.29520550e-04 
 4.84500000e-10  2.20281174e-04 
 4.85500000e-10  2.11423020e-04 
 4.86500000e-10  2.02930591e-04 
 4.87500000e-10  1.94788511e-04 
 4.88500000e-10  1.86982536e-04 
 4.89500000e-10  1.79498522e-04 
 4.90500000e-10  1.72323380e-04 
 4.91500000e-10  1.65444099e-04 
 4.92500000e-10  1.58848654e-04 
 4.93500000e-10  1.52525077e-04 
 4.94500000e-10  1.46462318e-04 
 4.95500000e-10  1.40649373e-04 
 4.96500000e-10  1.35076089e-04 
 4.97500000e-10  1.29732346e-04 
 4.98500000e-10  1.24608819e-04 
 4.99500000e-10  1.19696199e-04 
 5.00000000e-10  1.17316595e-04 
 5.00100000e-10  1.16847618e-04 
 5.00300000e-10  1.15913626e-04 
 5.00700000e-10  1.14069003e-04 
 5.01500000e-10  1.10471222e-04 
 5.02500000e-10  1.06140534e-04 
 5.03500000e-10  1.01987974e-04 
 5.04500000e-10  9.80061635e-05 
 5.05500000e-10  9.41880153e-05 
 5.06500000e-10  9.05267500e-05 
 5.07500000e-10  8.70158541e-05 
 5.08500000e-10  8.36490985e-05 
 5.09500000e-10  8.04204980e-05 
 5.10500000e-10  7.73243293e-05 
 5.11500000e-10  7.43550929e-05 
 5.12500000e-10  7.15075306e-05 
 5.13500000e-10  6.87765897e-05 
 5.14500000e-10  6.61574387e-05 
 5.15500000e-10  6.36454348e-05 
 5.16500000e-10  6.12361405e-05 
 5.17500000e-10  5.89252899e-05 
 5.18500000e-10  5.67088054e-05 
 5.19500000e-10  5.45827687e-05 
 5.20500000e-10  5.25433883e-05 
 5.21500000e-10  5.05870411e-05 
 5.22500000e-10  4.87103977e-05 
 5.23500000e-10  4.69101333e-05 
 5.24500000e-10  4.51830920e-05 
 5.25500000e-10  4.35262179e-05 
 5.26500000e-10  4.19366136e-05 
 5.27500000e-10  4.04114729e-05 
 5.28500000e-10  3.89481350e-05 
 5.29500000e-10  3.75440237e-05 
 5.30500000e-10  3.61966957e-05 
 5.31500000e-10  3.49037858e-05 
 5.32500000e-10  3.36630495e-05 
 5.33500000e-10  3.24723156e-05 
 5.34500000e-10  3.13295234e-05 
 5.35500000e-10  3.02326784e-05 
 5.36500000e-10  2.91798868e-05 
 5.37500000e-10  2.81693181e-05 
 5.38500000e-10  2.71992325e-05 
 5.39500000e-10  2.62679491e-05 
 5.40500000e-10  2.53738702e-05 
 5.41500000e-10  2.45154510e-05 
 5.42500000e-10  2.36912236e-05 
 5.43500000e-10  2.28997706e-05 
 5.44500000e-10  2.21397429e-05 
 5.45500000e-10  2.14098383e-05 
 5.46500000e-10  2.07088180e-05 
 5.47500000e-10  2.00354861e-05 
 5.48500000e-10  1.93887043e-05 
 5.49500000e-10  1.87673741e-05 
 5.50000000e-10  1.84659569e-05 
 5.50100000e-10  1.84065143e-05 
 5.50300000e-10  1.82881033e-05 
 5.50700000e-10  1.80541003e-05 
 5.51500000e-10  1.75971354e-05 
 5.52500000e-10  1.70460348e-05 
 5.53500000e-10  1.65164461e-05 
 5.54500000e-10  1.60074836e-05 
 5.55500000e-10  1.55182987e-05 
 5.56500000e-10  1.50480784e-05 
 5.57500000e-10  1.45960431e-05 
 5.58500000e-10  1.41614461e-05 
 5.59500000e-10  1.37435717e-05 
 5.60500000e-10  1.33417332e-05 
 5.61500000e-10  1.29552732e-05 
 5.62500000e-10  1.25835619e-05 
 5.63500000e-10  1.22259942e-05 
 5.64500000e-10  1.18819909e-05 
 5.65500000e-10  1.15509977e-05 
 5.66500000e-10  1.12324822e-05 
 5.67500000e-10  1.09259344e-05 
 5.68500000e-10  1.06308662e-05 
 5.69500000e-10  1.03468092e-05 
 5.70500000e-10  1.00733144e-05 
 5.71500000e-10  9.80995149e-06 
 5.72500000e-10  9.55630823e-06 
 5.73500000e-10  9.31198880e-06 
 5.74500000e-10  9.07661459e-06 
 5.75500000e-10  8.84982234e-06 
 5.76500000e-10  8.63126418e-06 
 5.77500000e-10  8.42060642e-06 
 5.78500000e-10  8.21752925e-06 
 5.79500000e-10  8.02172591e-06 
 5.80500000e-10  7.83290293e-06 
 5.81500000e-10  7.65077816e-06 
 5.82500000e-10  7.47508181e-06 
 5.83500000e-10  7.30555522e-06 
 5.84500000e-10  7.14194981e-06 
 5.85500000e-10  6.98402832e-06 
 5.86500000e-10  6.83156286e-06 
 5.87500000e-10  6.68433477e-06 
 5.88500000e-10  6.54213457e-06 
 5.89500000e-10  6.40476145e-06 
 5.90500000e-10  6.27202309e-06 
 5.91500000e-10  6.14373419e-06 
 5.92500000e-10  6.01971852e-06 
 5.93500000e-10  5.89980661e-06 
 5.94500000e-10  5.78383562e-06 
 5.95500000e-10  5.67164994e-06 
 5.96500000e-10  5.56309982e-06 
 5.97500000e-10  5.45804179e-06 
 5.98500000e-10  5.35633859e-06 
 5.99500000e-10  5.25785857e-06 
 6.00500000e-10  5.16247553e-06 
 6.01500000e-10  5.07006814e-06 
 6.02500000e-10  4.98052091e-06 
 6.03500000e-10  4.89372218e-06 
 6.04500000e-10  4.80956527e-06 
 6.05500000e-10  4.72794827e-06 
 6.06500000e-10  4.64877229e-06 
 6.07500000e-10  4.57194357e-06 
 6.08500000e-10  4.49737217e-06 
 6.09500000e-10  4.42497131e-06 
 6.10500000e-10  4.35465801e-06 
 6.11500000e-10  4.28635306e-06 
 6.12500000e-10  4.21997951e-06 
 6.13500000e-10  4.15546439e-06 
 6.14500000e-10  4.09273805e-06 
 6.15500000e-10  4.03173249e-06 
 6.16500000e-10  3.97238336e-06 
 6.17500000e-10  3.91462869e-06 
 6.18500000e-10  3.85840907e-06 
 6.19500000e-10  3.80366759e-06 
 6.20500000e-10  3.75034948e-06 
 6.21500000e-10  3.69840267e-06 
 6.22500000e-10  3.64777677e-06 
 6.23500000e-10  3.59842302e-06 
 6.24500000e-10  3.55029521e-06 
 6.25500000e-10  3.50334913e-06 
 6.26500000e-10  3.45754210e-06 
 6.27500000e-10  3.41283324e-06 
 6.28500000e-10  3.36918350e-06 
 6.29500000e-10  3.32655484e-06 
 6.30500000e-10  3.28491117e-06 
 6.31500000e-10  3.24421824e-06 
 6.32500000e-10  3.20444246e-06 
 6.33500000e-10  3.16555177e-06 
 6.34500000e-10  3.12751556e-06 
 6.35500000e-10  3.09030408e-06 
 6.36500000e-10  3.05388955e-06 
 6.37500000e-10  3.01824480e-06 
 6.38500000e-10  2.98334393e-06 
 6.39500000e-10  2.94916173e-06 
 6.40500000e-10  2.91567377e-06 
 6.41500000e-10  2.88285764e-06 
 6.42500000e-10  2.85069091e-06 
 6.43500000e-10  2.81915231e-06 
 6.44500000e-10  2.78822150e-06 
 6.45500000e-10  2.75787872e-06 
 6.46500000e-10  2.72810508e-06 
 6.47500000e-10  2.69888267e-06 
 6.48500000e-10  2.67019386e-06 
 6.49500000e-10  2.64202204e-06 
 6.50500000e-10  2.61435134e-06 
 6.51500000e-10  2.58716581e-06 
 6.52500000e-10  2.56045083e-06 
 6.53500000e-10  2.53419227e-06 
 6.54500000e-10  2.50837670e-06 
 6.55500000e-10  2.48299059e-06 
 6.56500000e-10  2.45802124e-06 
 6.57500000e-10  2.43345660e-06 
 6.58500000e-10  2.40928456e-06 
 6.59500000e-10  2.38549435e-06 
 6.60500000e-10  2.36207518e-06 
 6.61500000e-10  2.33901598e-06 
 6.62500000e-10  2.31630686e-06 
 6.63500000e-10  2.29393879e-06 
 6.64500000e-10  2.27190235e-06 
 6.65500000e-10  2.25018836e-06 
 6.66500000e-10  2.22878805e-06 
 6.67500000e-10  2.20769296e-06 
 6.68500000e-10  2.18689538e-06 
 6.69500000e-10  2.16638750e-06 
 6.70500000e-10  2.14616217e-06 
 6.71500000e-10  2.12621210e-06 
 6.72500000e-10  2.10653049e-06 
 6.73500000e-10  2.08711061e-06 
 6.74500000e-10  2.06794605e-06 
 6.75500000e-10  2.04903082e-06 
 6.76500000e-10  2.03035888e-06 
 6.77500000e-10  2.01192461e-06 
 6.78500000e-10  1.99372215e-06 
 6.79500000e-10  1.97574644e-06 
 6.80500000e-10  1.95799247e-06 
 6.81500000e-10  1.94045479e-06 
 6.82500000e-10  1.92312889e-06 
 6.83500000e-10  1.90601006e-06 
 6.84500000e-10  1.88909418e-06 
 6.85500000e-10  1.87237689e-06 
 6.86500000e-10  1.85585357e-06 
 6.87500000e-10  1.83952051e-06 
 6.88500000e-10  1.82337415e-06 
 6.89500000e-10  1.80741009e-06 
 6.90500000e-10  1.79162491e-06 
 6.91500000e-10  1.77601516e-06 
 6.92500000e-10  1.76057727e-06 
 6.93500000e-10  1.74530832e-06 
 6.94500000e-10  1.73020493e-06 
 6.95500000e-10  1.71526385e-06 
 6.96500000e-10  1.70048248e-06 
 6.97500000e-10  1.68585777e-06 
 6.98500000e-10  1.67138697e-06 
 6.99500000e-10  1.65706706e-06 
 7.00000000e-10  1.64996305e-06 
 7.00100000e-10  7.02737085e-04 
 7.00300000e-10  1.56038181e-03 
 7.00700000e-10  2.55824126e-03 
 7.01500000e-10  4.43632250e-03 
 7.02500000e-10  6.25612702e-03 
 7.03500000e-10  7.76454214e-03 
 7.04500000e-10  8.91093444e-03 
 7.05500000e-10  9.87277831e-03 
 7.06500000e-10  1.05983842e-02 
 7.07500000e-10  1.12168076e-02 
 7.08500000e-10  1.16798959e-02 
 7.09500000e-10  1.20849341e-02 
 7.10500000e-10  1.23885734e-02 
 7.11500000e-10  1.26661595e-02 
 7.12500000e-10  1.28791103e-02 
 7.13500000e-10  1.30869685e-02 
 7.14500000e-10  1.32554540e-02 
 7.15500000e-10  1.34323079e-02 
 7.16500000e-10  1.35869658e-02 
 7.17500000e-10  1.37580271e-02 
 7.18500000e-10  1.39179725e-02 
 7.19500000e-10  1.40979706e-02 
 7.20500000e-10  1.42727802e-02 
 7.21500000e-10  1.44665109e-02 
 7.22500000e-10  1.46561612e-02 
 7.23500000e-10  1.48626419e-02 
 7.24500000e-10  1.50621553e-02 
 7.25500000e-10  1.52681825e-02 
 7.26500000e-10  1.54615857e-02 
 7.27500000e-10  1.56543319e-02 
 7.28500000e-10  1.58257492e-02 
 7.29500000e-10  1.59802513e-02 
 7.30500000e-10  1.60918352e-02 
 7.31500000e-10  1.61586889e-02 
 7.32500000e-10  1.61566996e-02 
 7.33500000e-10  1.60876377e-02 
 7.34500000e-10  1.59362146e-02 
 7.35500000e-10  1.57116555e-02 
 7.36500000e-10  1.54083224e-02 
 7.37500000e-10  1.50428847e-02 
 7.38500000e-10  1.46183677e-02 
 7.39500000e-10  1.41573475e-02 
 7.40500000e-10  1.36686855e-02 
 7.41500000e-10  1.31767510e-02 
 7.42500000e-10  1.26909816e-02 
 7.43500000e-10  1.22334595e-02 
 7.44500000e-10  1.18110326e-02 
 7.45500000e-10  1.14414896e-02 
 7.46500000e-10  1.11287515e-02 
 7.47500000e-10  1.08880508e-02 
 7.48500000e-10  1.07237641e-02 
 7.49500000e-10  1.06538591e-02 
 7.50000000e-10  1.06573569e-02 
 7.50100000e-10  1.04934254e-02 
 7.50300000e-10  1.02928354e-02 
 7.50700000e-10  1.01691605e-02 
 7.51500000e-10  1.00894747e-02 
 7.52500000e-10  1.00990656e-02 
 7.53500000e-10  1.02230790e-02 
 7.54500000e-10  1.04500864e-02 
 7.55500000e-10  1.07861133e-02 
 7.56500000e-10  1.12528926e-02 
 7.57500000e-10  1.18560304e-02 
 7.58500000e-10  1.25757213e-02 
 7.59500000e-10  1.34519899e-02 
 7.60500000e-10  1.44681060e-02 
 7.61500000e-10  1.56206345e-02 
 7.62500000e-10  1.68559088e-02 
 7.63500000e-10  1.81193566e-02 
 7.64500000e-10  1.93188319e-02 
 7.65500000e-10  2.03649702e-02 
 7.66500000e-10  2.11527938e-02 
 7.67500000e-10  2.16002125e-02 
 7.68500000e-10  2.16378142e-02 
 7.69500000e-10  2.12370469e-02 
 7.70500000e-10  2.03943893e-02 
 7.71500000e-10  1.91755332e-02 
 7.72500000e-10  1.76587710e-02 
 7.73500000e-10  1.58464172e-02 
 7.74500000e-10  1.37681191e-02 
 7.75500000e-10  1.14961951e-02 
 7.76500000e-10  9.06551537e-03 
 7.77500000e-10  6.53187880e-03 
 7.78500000e-10  3.92604732e-03 
 7.79500000e-10  1.29274094e-03 
 7.80500000e-10 -1.46138500e-03 
 7.81500000e-10 -4.27461994e-03 
 7.82500000e-10 -6.97869357e-03 
 7.83500000e-10 -9.56109414e-03 
 7.84500000e-10 -1.20224570e-02 
 7.85500000e-10 -1.43574396e-02 
 7.86500000e-10 -1.65730975e-02 
 7.87500000e-10 -1.86705714e-02 
 7.88500000e-10 -2.06602024e-02 
 7.89500000e-10 -2.25463208e-02 
 7.90500000e-10 -2.43399629e-02 
 7.91500000e-10 -2.60465538e-02 
 7.92500000e-10 -2.76763663e-02 
 7.93500000e-10 -2.92347457e-02 
 7.94500000e-10 -3.07311263e-02 
 7.95500000e-10 -3.21721261e-02 
 7.96500000e-10 -3.35436424e-02 
 7.97500000e-10 -3.48895147e-02 
 7.98500000e-10 -3.61781742e-02 
 7.99500000e-10 -3.74410743e-02 
 8.00500000e-10 -3.86530688e-02 
 8.01500000e-10 -3.98425432e-02 
 8.02500000e-10 -4.09877656e-02 
 8.03500000e-10 -4.21125517e-02 
 8.04500000e-10 -4.31973031e-02 
 8.05500000e-10 -4.42613692e-02 
 8.06500000e-10 -4.52866020e-02 
 8.07500000e-10 -4.62880050e-02 
 8.08500000e-10 -4.72479278e-02 
 8.09500000e-10 -4.81771199e-02 
 8.10500000e-10 -4.90579172e-02 
 8.11500000e-10 -4.98978403e-02 
 8.12500000e-10 -5.06809702e-02 
 8.13500000e-10 -5.14164011e-02 
 8.14500000e-10 -5.20971799e-02 
 8.15500000e-10 -5.27437559e-02 
 8.16500000e-10 -5.33659026e-02 
 8.17500000e-10 -5.39964771e-02 
 8.18500000e-10 -5.46527250e-02 
 8.19500000e-10 -5.53641297e-02 
 8.20500000e-10 -5.61394015e-02 
 8.21500000e-10 -5.69934581e-02 
 8.22500000e-10 -5.79186908e-02 
 8.23500000e-10 -5.89069500e-02 
 8.24500000e-10 -5.99210611e-02 
 8.25500000e-10 -6.09102338e-02 
 8.26500000e-10 -6.17958104e-02 
 8.27500000e-10 -6.25041947e-02 
 8.28500000e-10 -6.29594583e-02 
 8.29500000e-10 -6.31225772e-02 
 8.30500000e-10 -6.29648663e-02 
 8.31500000e-10 -6.24802008e-02 
 8.32500000e-10 -6.16510702e-02 
 8.33500000e-10 -6.04687384e-02 
 8.34500000e-10 -5.89226701e-02 
 8.35500000e-10 -5.70321212e-02 
 8.36500000e-10 -5.48265512e-02 
 8.37500000e-10 -5.23575638e-02 
 8.38500000e-10 -4.96733404e-02 
 8.39500000e-10 -4.68319226e-02 
 8.40500000e-10 -4.38813259e-02 
 8.41500000e-10 -4.08743069e-02 
 8.42500000e-10 -3.78504377e-02 
 8.43500000e-10 -3.48553885e-02 
 8.44500000e-10 -3.19190519e-02 
 8.45500000e-10 -2.90734960e-02 
 8.46500000e-10 -2.63378677e-02 
 8.47500000e-10 -2.37331456e-02 
 8.48500000e-10 -2.12686742e-02 
 8.49500000e-10 -1.89559277e-02 
 8.50500000e-10 -1.67964157e-02 
 8.51500000e-10 -1.47943720e-02 
 8.52500000e-10 -1.29455484e-02 
 8.53500000e-10 -1.12491206e-02 
 8.54500000e-10 -9.69725632e-03 
 8.55500000e-10 -8.28599773e-03 
 8.56500000e-10 -7.00555647e-03 
 8.57500000e-10 -5.85032462e-03 
 8.58500000e-10 -4.80979865e-03 
 8.59500000e-10 -3.87778536e-03 
 8.60500000e-10 -3.04390307e-03 
 8.61500000e-10 -2.30206802e-03 
 8.62500000e-10 -1.64253487e-03 
 8.63500000e-10 -1.05973988e-03 
 8.64500000e-10 -5.44848776e-04 
 8.65500000e-10 -9.30243716e-05 
 8.66500000e-10  2.86057497e-04 
 8.67500000e-10  6.13243010e-04 
 8.68500000e-10  9.02467683e-04 
 8.69500000e-10  1.15440215e-03 
 8.70500000e-10  1.37491454e-03 
 8.71500000e-10  1.56491030e-03 
 8.72500000e-10  1.72935242e-03 
 8.73500000e-10  1.86913069e-03 
 8.74500000e-10  1.98843684e-03 
 8.75500000e-10  2.08801897e-03 
 8.76500000e-10  2.17141913e-03 
 8.77500000e-10  2.23919310e-03 
 8.78500000e-10  2.29433910e-03 
 8.79500000e-10  2.33721288e-03 
 8.80500000e-10  2.37035951e-03 
 8.81500000e-10  2.39394952e-03 
 8.82500000e-10  2.41015166e-03 
 8.83500000e-10  2.41897610e-03 
 8.84500000e-10  2.42227997e-03 
 8.85500000e-10  2.41994090e-03 
 8.86500000e-10  2.41355844e-03 
 8.87500000e-10  2.40290465e-03 
 8.88500000e-10  2.38936639e-03 
 8.89500000e-10  2.37263442e-03 
 8.90500000e-10  2.35391997e-03 
 8.91500000e-10  2.33285335e-03 
 8.92500000e-10  2.31050061e-03 
 8.93500000e-10  2.28644896e-03 
 8.94500000e-10  2.26164422e-03 
 8.95500000e-10  2.23564455e-03 
 8.96500000e-10  2.20929591e-03 
 8.97500000e-10  2.18213862e-03 
 8.98500000e-10  2.15493533e-03 
 8.99500000e-10  2.12721728e-03 
 9.00500000e-10  2.09967732e-03 
 9.01500000e-10  2.07184430e-03 
 9.02500000e-10  2.04435224e-03 
 9.03500000e-10  2.01673267e-03 
 9.04500000e-10  1.98956972e-03 
 9.05500000e-10  1.96240130e-03 
 9.06500000e-10  1.93576893e-03 
 9.07500000e-10  1.90921961e-03 
 9.08500000e-10  1.88325818e-03 
 9.09500000e-10  1.85744254e-03 
 9.10500000e-10  1.83224579e-03 
 9.11500000e-10  1.80723791e-03 
 9.12500000e-10  1.78286430e-03 
 9.13500000e-10  1.75870770e-03 
 9.14500000e-10  1.73518917e-03 
 9.15500000e-10  1.71190454e-03 
 9.16500000e-10  1.68925332e-03 
 9.17500000e-10  1.66684447e-03 
 9.18500000e-10  1.64505831e-03 
 9.19500000e-10  1.62351676e-03 
 9.20500000e-10  1.60258294e-03 
 9.21500000e-10  1.58189144e-03 
 9.22500000e-10  1.56178987e-03 
 9.23500000e-10  1.54192505e-03 
 9.24500000e-10  1.52263056e-03 
 9.25500000e-10  1.50356497e-03 
 9.26500000e-10  1.48504911e-03 
 9.27500000e-10  1.46675277e-03 
 9.28500000e-10  1.44898695e-03 
 9.29500000e-10  1.43143053e-03 
 9.30500000e-10  1.41438021e-03 
 9.31500000e-10  1.39752856e-03 
 9.32500000e-10  1.38116247e-03 
 9.33500000e-10  1.36498423e-03 
 9.34500000e-10  1.34927144e-03 
 9.35500000e-10  1.33373549e-03 
 9.36500000e-10  1.31864549e-03 
 9.37500000e-10  1.30372134e-03 
 9.38500000e-10  1.28922440e-03 
 9.39500000e-10  1.27488252e-03 
 9.40500000e-10  1.26094991e-03 
 9.41500000e-10  1.24716187e-03 
 9.42500000e-10  1.23376601e-03 
 9.43500000e-10  1.22050457e-03 
 9.44500000e-10  1.20761910e-03 
 9.45500000e-10  1.19485829e-03 
 9.46500000e-10  1.18245810e-03 
 9.47500000e-10  1.17017324e-03 
 9.48500000e-10  1.15823446e-03 
 9.49500000e-10  1.14640213e-03 
 9.50000000e-10  1.14065375e-03 
 9.50100000e-10  1.13947233e-03 
 9.50300000e-10  1.13716837e-03 
 9.50700000e-10  1.13258935e-03 
 9.51500000e-10  1.12352887e-03 
 9.52500000e-10  1.11239107e-03 
 9.53500000e-10  1.10145293e-03 
 9.54500000e-10  1.09071328e-03 
 9.55500000e-10  1.08016366e-03 
 9.56500000e-10  1.06980293e-03 
 9.57500000e-10  1.05962313e-03 
 9.58500000e-10  1.04962317e-03 
 9.59500000e-10  1.03979555e-03 
 9.60500000e-10  1.03013921e-03 
 9.61500000e-10  1.02064711e-03 
 9.62500000e-10  1.01131820e-03 
 9.63500000e-10  1.00214588e-03 
 9.64500000e-10  9.93129125e-04 
 9.65500000e-10  9.84261733e-04 
 9.66500000e-10  9.75542709e-04 
 9.67500000e-10  9.66966220e-04 
 9.68500000e-10  9.58531301e-04 
 9.69500000e-10  9.50232471e-04 
 9.70500000e-10  9.42068789e-04 
 9.71500000e-10  9.34035106e-04 
 9.72500000e-10  9.26130504e-04 
 9.73500000e-10  9.18350143e-04 
 9.74500000e-10  9.10693131e-04 
 9.75500000e-10  9.03154917e-04 
 9.76500000e-10  8.95734632e-04 
 9.77500000e-10  8.88427995e-04 
 9.78500000e-10  8.81234164e-04 
 9.79500000e-10  8.74149112e-04 
 9.80500000e-10  8.67172012e-04 
 9.81500000e-10  8.60299074e-04 
 9.82500000e-10  8.53529497e-04 
 9.83500000e-10  8.46859714e-04 
 9.84500000e-10  8.40288944e-04 
 9.85500000e-10  8.33813829e-04 
 9.86500000e-10  8.27433609e-04 
 9.87500000e-10  8.21145119e-04 
 9.88500000e-10  8.14947619e-04 
 9.89500000e-10  8.08838126e-04 
 9.90500000e-10  8.02815919e-04 
 9.91500000e-10  7.96878185e-04 
 9.92500000e-10  7.91024227e-04 
 9.93500000e-10  7.85251391e-04 
 9.94500000e-10  7.79558996e-04 
 9.95500000e-10  7.73944538e-04 
 9.96500000e-10  7.68407353e-04 
 9.97500000e-10  7.62945077e-04 
 9.98500000e-10  7.57557067e-04 
 9.99500000e-10  7.52241090e-04 
 1.00000000e-09  7.49610123e-04 
 1.00010000e-09  7.49086081e-04 
 1.00030000e-09  7.48039986e-04 
 1.00070000e-09  7.45956122e-04 
 1.00150000e-09  7.41821579e-04 
 1.00250000e-09  7.36714805e-04 
 1.00350000e-09  7.31675047e-04 
 1.00450000e-09  7.26701066e-04 
 1.00550000e-09  7.21791597e-04 
 1.00650000e-09  7.16945460e-04 
 1.00750000e-09  7.12161449e-04 
 1.00850000e-09  7.07438445e-04 
 1.00950000e-09  7.02775297e-04 
 1.01050000e-09  6.98170939e-04 
 1.01150000e-09  6.93624271e-04 
 1.01250000e-09  6.89134276e-04 
 1.01350000e-09  6.84699906e-04 
 1.01450000e-09  6.80320191e-04 
 1.01550000e-09  6.75994131e-04 
 1.01650000e-09  6.71720799e-04 
 1.01750000e-09  6.67499242e-04 
 1.01850000e-09  6.63328571e-04 
 1.01950000e-09  6.59207881e-04 
 1.02050000e-09  6.55136319e-04 
 1.02150000e-09  6.51113021e-04 
 1.02250000e-09  6.47137173e-04 
 1.02350000e-09  6.43207950e-04 
 1.02450000e-09  6.39324571e-04 
 1.02550000e-09  6.35486248e-04 
 1.02650000e-09  6.31692231e-04 
 1.02750000e-09  6.27941768e-04 
 1.02850000e-09  6.24234143e-04 
 1.02950000e-09  6.20568634e-04 
 1.03050000e-09  6.16944554e-04 
 1.03150000e-09  6.13361218e-04 
 1.03250000e-09  6.09817965e-04 
 1.03350000e-09  6.06314138e-04 
 1.03450000e-09  6.02849104e-04 
 1.03550000e-09  5.99422232e-04 
 1.03650000e-09  5.96032915e-04 
 1.03750000e-09  5.92680551e-04 
 1.03850000e-09  5.89364556e-04 
 1.03950000e-09  5.86084352e-04 
 1.04050000e-09  5.82839379e-04 
 1.04150000e-09  5.79629085e-04 
 1.04250000e-09  5.76452929e-04 
 1.04350000e-09  5.73310382e-04 
 1.04450000e-09  5.70200926e-04 
 1.04550000e-09  5.67124053e-04 
 1.04650000e-09  5.64079264e-04 
 1.04750000e-09  5.61066072e-04 
 1.04850000e-09  5.58083998e-04 
 1.04950000e-09  5.55132573e-04 
 1.05000000e-09  5.53668214e-04 
 1.05010000e-09  5.53376273e-04 
 1.05030000e-09  5.52793256e-04 
 1.05070000e-09  5.51630740e-04 
 1.05150000e-09  5.49319920e-04 
 1.05250000e-09  5.46457721e-04 
 1.05350000e-09  5.43624388e-04 
 1.05450000e-09  5.40819487e-04 
 1.05550000e-09  5.38042608e-04 
 1.05650000e-09  5.35293339e-04 
 1.05750000e-09  5.32571281e-04 
 1.05850000e-09  5.29876038e-04 
 1.05950000e-09  5.27207226e-04 
 1.06050000e-09  5.24564465e-04 
 1.06150000e-09  5.21947383e-04 
 1.06250000e-09  5.19355615e-04 
 1.06350000e-09  5.16788804e-04 
 1.06450000e-09  5.14246597e-04 
 1.06550000e-09  5.11728649e-04 
 1.06650000e-09  5.09234622e-04 
 1.06750000e-09  5.06764182e-04 
 1.06850000e-09  5.04317004e-04 
 1.06950000e-09  5.01892766e-04 
 1.07050000e-09  4.99491153e-04 
 1.07150000e-09  4.97111857e-04 
 1.07250000e-09  4.94754573e-04 
 1.07350000e-09  4.92419004e-04 
 1.07450000e-09  4.90104854e-04 
 1.07550000e-09  4.87811839e-04 
 1.07650000e-09  4.85539672e-04 
 1.07750000e-09  4.83288079e-04 
 1.07850000e-09  4.81056784e-04 
 1.07950000e-09  4.78845520e-04 
 1.08050000e-09  4.76654022e-04 
 1.08150000e-09  4.74482033e-04 
 1.08250000e-09  4.72329296e-04 
 1.08350000e-09  4.70195563e-04 
 1.08450000e-09  4.68080585e-04 
 1.08550000e-09  4.65984122e-04 
 1.08650000e-09  4.63905935e-04 
 1.08750000e-09  4.61845792e-04 
 1.08850000e-09  4.59803460e-04 
 1.08950000e-09  4.57778717e-04 
 1.09050000e-09  4.55771336e-04 
 1.09150000e-09  4.53781102e-04 
 1.09250000e-09  4.51807797e-04 
 1.09350000e-09  4.49851212e-04 
 1.09450000e-09  4.47911137e-04 
 1.09550000e-09  4.45987369e-04 
 1.09650000e-09  4.44079704e-04 
 1.09750000e-09  4.42187947e-04 
 1.09850000e-09  4.40311901e-04 
 1.09950000e-09  4.38451375e-04 
 1.10050000e-09  4.36606179e-04 
 1.10150000e-09  4.34776129e-04 
 1.10250000e-09  4.32961041e-04 
 1.10350000e-09  4.31160736e-04 
 1.10450000e-09  4.29375036e-04 
 1.10550000e-09  4.27603768e-04 
 1.10650000e-09  4.25846758e-04 
 1.10750000e-09  4.24103841e-04 
 1.10850000e-09  4.22374846e-04 
 1.10950000e-09  4.20659613e-04 
 1.11050000e-09  4.18957979e-04 
 1.11150000e-09  4.17269787e-04 
 1.11250000e-09  4.15594878e-04 
 1.11350000e-09  4.13933101e-04 
 1.11450000e-09  4.12284301e-04 
 1.11550000e-09  4.10648333e-04 
 1.11650000e-09  4.09025047e-04 
 1.11750000e-09  4.07414299e-04 
 1.11850000e-09  4.05815946e-04 
 1.11950000e-09  4.04229849e-04 
 1.12050000e-09  4.02655867e-04 
 1.12150000e-09  4.01093867e-04 
 1.12250000e-09  3.99543710e-04 
 1.12350000e-09  3.98005269e-04 
 1.12450000e-09  3.96478409e-04 
 1.12550000e-09  3.94963005e-04 
 1.12650000e-09  3.93458927e-04 
 1.12750000e-09  3.91966054e-04 
 1.12850000e-09  3.90484259e-04 
 1.12950000e-09  3.89013424e-04 
 1.13050000e-09  3.87553427e-04 
 1.13150000e-09  3.86104152e-04 
 1.13250000e-09  3.84665482e-04 
 1.13350000e-09  3.83237304e-04 
 1.13450000e-09  3.81819502e-04 
 1.13550000e-09  3.80411968e-04 
 1.13650000e-09  3.79014590e-04 
 1.13750000e-09  3.77627263e-04 
 1.13850000e-09  3.76249876e-04 
 1.13950000e-09  3.74882328e-04 
 1.14050000e-09  3.73524512e-04 
 1.14150000e-09  3.72176328e-04 
 1.14250000e-09  3.70837674e-04 
 1.14350000e-09  3.69508452e-04 
 1.14450000e-09  3.68188561e-04 
 1.14550000e-09  3.66877908e-04 
 1.14650000e-09  3.65576395e-04 
 1.14750000e-09  3.64283929e-04 
 1.14850000e-09  3.63000415e-04 
 1.14950000e-09  3.61725765e-04 
 1.15050000e-09  3.60459886e-04 
 1.15150000e-09  3.59202690e-04 
 1.15250000e-09  3.57954088e-04 
 1.15350000e-09  3.56713994e-04 
 1.15450000e-09  3.55482322e-04 
 1.15550000e-09  3.54258989e-04 
 1.15650000e-09  3.53043909e-04 
 1.15750000e-09  3.51837002e-04 
 1.15850000e-09  3.50638185e-04 
 1.15950000e-09  3.49447379e-04 
 1.16050000e-09  3.48264504e-04 
 1.16150000e-09  3.47089483e-04 
 1.16250000e-09  3.45922238e-04 
 1.16350000e-09  3.44762694e-04 
 1.16450000e-09  3.43610774e-04 
 1.16550000e-09  3.42466406e-04 
 1.16650000e-09  3.41329515e-04 
 1.16750000e-09  3.40200030e-04 
 1.16850000e-09  3.39077879e-04 
 1.16950000e-09  3.37962993e-04 
 1.17050000e-09  3.36855299e-04 
 1.17150000e-09  3.35754733e-04 
 1.17250000e-09  3.34661223e-04 
 1.17350000e-09  3.33574706e-04 
 1.17450000e-09  3.32495112e-04 
 1.17550000e-09  3.31422378e-04 
 1.17650000e-09  3.30356439e-04 
 1.17750000e-09  3.29297231e-04 
 1.17850000e-09  3.28244692e-04 
 1.17950000e-09  3.27198759e-04 
 1.18050000e-09  3.26159371e-04 
 1.18150000e-09  3.25126467e-04 
 1.18250000e-09  3.24099987e-04 
 1.18350000e-09  3.23079874e-04 
 1.18450000e-09  3.22066066e-04 
 1.18550000e-09  3.21058508e-04 
 1.18650000e-09  3.20057142e-04 
 1.18750000e-09  3.19061912e-04 
 1.18850000e-09  3.18072761e-04 
 1.18950000e-09  3.17089637e-04 
 1.19050000e-09  3.16112482e-04 
 1.19150000e-09  3.15141245e-04 
 1.19250000e-09  3.14175871e-04 
 1.19350000e-09  3.13216310e-04 
 1.19450000e-09  3.12262507e-04 
 1.19550000e-09  3.11314414e-04 
 1.19650000e-09  3.10371978e-04 
 1.19750000e-09  3.09435151e-04 
 1.19850000e-09  3.08503881e-04 
 1.19950000e-09  3.07578122e-04 
 1.20000000e-09  3.07117292e-04 
 1.20010000e-09  3.50273482e-04 
 1.20030000e-09  4.47126577e-04 
 1.20070000e-09  7.30106343e-04 
 1.20150000e-09  1.23874391e-03 
 1.20250000e-09  1.67747419e-03 
 1.20350000e-09  1.97644534e-03 
 1.20450000e-09  2.13692808e-03 
 1.20550000e-09  2.22635521e-03 
 1.20650000e-09  2.23443024e-03 
 1.20750000e-09  2.21004580e-03 
 1.20850000e-09  2.13714872e-03 
 1.20950000e-09  2.05172453e-03 
 1.21050000e-09  1.93495238e-03 
 1.21150000e-09  1.81365905e-03 
 1.21250000e-09  1.66802333e-03 
 1.21350000e-09  1.51881963e-03 
 1.21450000e-09  1.34656746e-03 
 1.21550000e-09  1.16829887e-03 
 1.21650000e-09  9.67244266e-04 
 1.21750000e-09  7.59804547e-04 
 1.21850000e-09  5.34404693e-04 
 1.21950000e-09  3.10330767e-04 
 1.22050000e-09  8.40222479e-05 
 1.22150000e-09 -1.28825025e-04 
 1.22250000e-09 -3.15670872e-04 
 1.22350000e-09 -4.37016616e-04 
 1.22450000e-09 -4.82830828e-04 
 1.22550000e-09 -4.23232724e-04 
 1.22650000e-09 -2.51252383e-04 
 1.22750000e-09  4.99557443e-05 
 1.22850000e-09  4.57901103e-04 
 1.22950000e-09  1.00529851e-03 
 1.23050000e-09  1.68598262e-03 
 1.23150000e-09  2.50220438e-03 
 1.23250000e-09  3.44306407e-03 
 1.23350000e-09  4.50386343e-03 
 1.23450000e-09  5.67359167e-03 
 1.23550000e-09  6.95783791e-03 
 1.23650000e-09  8.36300639e-03 
 1.23750000e-09  9.91326036e-03 
 1.23850000e-09  1.16326963e-02 
 1.23950000e-09  1.35579157e-02 
 1.24050000e-09  1.57202613e-02 
 1.24150000e-09  1.81631933e-02 
 1.24250000e-09  2.09366531e-02 
 1.24350000e-09  2.41124119e-02 
 1.24450000e-09  2.77521605e-02 
 1.24550000e-09  3.18818764e-02 
 1.24650000e-09  3.64431258e-02 
 1.24750000e-09  4.12951896e-02 
 1.24850000e-09  4.62469429e-02 
 1.24950000e-09  5.11488645e-02 
 1.25000000e-09  5.35597143e-02 
 1.25010000e-09  5.47135217e-02 
 1.25030000e-09  5.63113361e-02 
 1.25070000e-09  5.88952094e-02 
 1.25150000e-09  6.39800832e-02 
 1.25250000e-09  6.97089884e-02 
 1.25350000e-09  7.51412367e-02 
 1.25450000e-09  8.01337099e-02 
 1.25550000e-09  8.49128662e-02 
 1.25650000e-09  8.93317343e-02 
 1.25750000e-09  9.35545255e-02 
 1.25850000e-09  9.74571078e-02 
 1.25950000e-09  1.01172904e-01 
 1.26050000e-09  1.04605279e-01 
 1.26150000e-09  1.07868619e-01 
 1.26250000e-09  1.10888939e-01 
 1.26350000e-09  1.13760636e-01 
 1.26450000e-09  1.16427982e-01 
 1.26550000e-09  1.18973741e-01 
 1.26650000e-09  1.21353103e-01 
 1.26750000e-09  1.23635511e-01 
 1.26850000e-09  1.25784013e-01 
 1.26950000e-09  1.27857989e-01 
 1.27050000e-09  1.29826546e-01 
 1.27150000e-09  1.31739693e-01 
 1.27250000e-09  1.33571106e-01 
 1.27350000e-09  1.35362798e-01 
 1.27450000e-09  1.37092005e-01 
 1.27550000e-09  1.38793991e-01 
 1.27650000e-09  1.40448868e-01 
 1.27750000e-09  1.42086270e-01 
 1.27850000e-09  1.43688729e-01 
 1.27950000e-09  1.45281213e-01 
 1.28050000e-09  1.46848258e-01 
 1.28150000e-09  1.48410719e-01 
 1.28250000e-09  1.49954147e-01 
 1.28350000e-09  1.51494390e-01 
 1.28450000e-09  1.53014923e-01 
 1.28550000e-09  1.54522945e-01 
 1.28650000e-09  1.55995112e-01 
 1.28750000e-09  1.57427572e-01 
 1.28850000e-09  1.58790918e-01 
 1.28950000e-09  1.60075413e-01 
 1.29050000e-09  1.61252093e-01 
 1.29150000e-09  1.62311613e-01 
 1.29250000e-09  1.63229363e-01 
 1.29350000e-09  1.63998828e-01 
 1.29450000e-09  1.64600750e-01 
 1.29550000e-09  1.65032343e-01 
 1.29650000e-09  1.65280315e-01 
 1.29750000e-09  1.65346712e-01 
 1.29850000e-09  1.65225307e-01 
 1.29950000e-09  1.64924442e-01 
 1.30050000e-09  1.64446118e-01 
 1.30150000e-09  1.63805875e-01 
 1.30250000e-09  1.63013817e-01 
 1.30350000e-09  1.62091560e-01 
 1.30450000e-09  1.61054727e-01 
 1.30550000e-09  1.59927260e-01 
 1.30650000e-09  1.58725159e-01 
 1.30750000e-09  1.57468428e-01 
 1.30850000e-09  1.56165868e-01 
 1.30950000e-09  1.54825275e-01 
 1.31050000e-09  1.53440225e-01 
 1.31150000e-09  1.52000652e-01 
 1.31250000e-09  1.50483665e-01 
 1.31350000e-09  1.48866121e-01 
 1.31450000e-09  1.47119037e-01 
 1.31550000e-09  1.45220114e-01 
 1.31650000e-09  1.43148122e-01 
 1.31750000e-09  1.40892070e-01 
 1.31850000e-09  1.38443567e-01 
 1.31950000e-09  1.35803327e-01 
 1.32050000e-09  1.32973834e-01 
 1.32150000e-09  1.29965718e-01 
 1.32250000e-09  1.26791668e-01 
 1.32350000e-09  1.23472566e-01 
 1.32450000e-09  1.20032676e-01 
 1.32550000e-09  1.16502686e-01 
 1.32650000e-09  1.12915729e-01 
 1.32750000e-09  1.09311703e-01 
 1.32850000e-09  1.05730264e-01 
 1.32950000e-09  1.02211977e-01 
 1.33050000e-09  9.87895302e-02 
 1.33150000e-09  9.54873978e-02 
 1.33250000e-09  9.23156092e-02 
 1.33350000e-09  8.92743719e-02 
 1.33450000e-09  8.63534137e-02 
 1.33550000e-09  8.35397807e-02 
 1.33650000e-09  8.08177537e-02 
 1.33750000e-09  7.81746019e-02 
 1.33850000e-09  7.55983757e-02 
 1.33950000e-09  7.30814979e-02 
 1.34050000e-09  7.06174368e-02 
 1.34150000e-09  6.82033875e-02 
 1.34250000e-09  6.58368066e-02 
 1.34350000e-09  6.35178533e-02 
 1.34450000e-09  6.12461525e-02 
 1.34550000e-09  5.90232056e-02 
 1.34650000e-09  5.68494532e-02 
 1.34750000e-09  5.47266879e-02 
 1.34850000e-09  5.26553913e-02 
 1.34950000e-09  5.06371252e-02 
 1.35050000e-09  4.86720893e-02 
 1.35150000e-09  4.67614559e-02 
 1.35250000e-09  4.49050945e-02 
 1.35350000e-09  4.31038231e-02 
 1.35450000e-09  4.13572612e-02 
 1.35550000e-09  3.96659845e-02 
 1.35650000e-09  3.80294853e-02 
 1.35750000e-09  3.64482317e-02 
 1.35850000e-09  3.49217226e-02 
 1.35950000e-09  3.34504537e-02 
 1.36050000e-09  3.20340472e-02 
 1.36150000e-09  3.06731036e-02 
 1.36250000e-09  2.93673528e-02 
 1.36350000e-09  2.81173329e-02 
 1.36450000e-09  2.69225046e-02 
 1.36550000e-09  2.57827703e-02 
 1.36650000e-09  2.46966634e-02 
 1.36750000e-09  2.36629230e-02 
 1.36850000e-09  2.26789691e-02 
 1.36950000e-09  2.17426247e-02 
 1.37050000e-09  2.08507714e-02 
 1.37150000e-09  2.00010236e-02 
 1.37250000e-09  1.91903759e-02 
 1.37350000e-09  1.84167159e-02 
 1.37450000e-09  1.76774317e-02 
 1.37550000e-09  1.69708034e-02 
 1.37650000e-09  1.62946203e-02 
 1.37750000e-09  1.56475044e-02 
 1.37850000e-09  1.50275681e-02 
 1.37950000e-09  1.44336946e-02 
 1.38050000e-09  1.38642439e-02 
 1.38150000e-09  1.33182961e-02 
 1.38250000e-09  1.27944395e-02 
 1.38350000e-09  1.22918732e-02 
 1.38450000e-09  1.18092519e-02 
 1.38550000e-09  1.13459912e-02 
 1.38650000e-09  1.09008883e-02 
 1.38750000e-09  1.04734615e-02 
 1.38850000e-09  1.00626136e-02 
 1.38950000e-09  9.66794782e-03 
 1.39050000e-09  9.28846090e-03 
 1.39150000e-09  8.92382712e-03 
 1.39250000e-09  8.57312591e-03 
 1.39350000e-09  8.23609081e-03 
 1.39450000e-09  7.91187391e-03 
 1.39550000e-09  7.60025808e-03 
 1.39650000e-09  7.30045886e-03 
 1.39750000e-09  7.01230015e-03 
 1.39850000e-09  6.73505288e-03 
 1.39950000e-09  6.46857506e-03 
 1.40050000e-09  6.21218610e-03 
 1.40150000e-09  5.96577251e-03 
 1.40250000e-09  5.72869626e-03 
 1.40350000e-09  5.50086787e-03 
 1.40450000e-09  5.28168697e-03 
 1.40550000e-09  5.07108451e-03 
 1.40650000e-09  4.86849368e-03 
 1.40750000e-09  4.67386306e-03 
 1.40850000e-09  4.48665605e-03 
 1.40950000e-09  4.30683661e-03 
 1.41050000e-09  4.13389553e-03 
 1.41150000e-09  3.96781046e-03 
 1.41250000e-09  3.80809724e-03 
 1.41350000e-09  3.65474579e-03 
 1.41450000e-09  3.50729503e-03 
 1.41550000e-09  3.36574607e-03 
 1.41650000e-09  3.22965917e-03 
 1.41750000e-09  3.09904574e-03 
 1.41850000e-09  2.97348588e-03 
 1.41950000e-09  2.85300056e-03 
 1.42050000e-09  2.73718839e-03 
 1.42150000e-09  2.62607923e-03 
 1.42250000e-09  2.51928901e-03 
 1.42350000e-09  2.41685592e-03 
 1.42450000e-09  2.31841210e-03 
 1.42550000e-09  2.22400352e-03 
 1.42650000e-09  2.13327757e-03 
 1.42750000e-09  2.04628752e-03 
 1.42850000e-09  1.96269501e-03 
 1.42950000e-09  1.88256017e-03 
 1.43050000e-09  1.80555805e-03 
 1.43150000e-09  1.73175516e-03 
 1.43250000e-09  1.66083915e-03 
 1.43350000e-09  1.59288252e-03 
 1.43450000e-09  1.52758467e-03 
 1.43550000e-09  1.46502373e-03 
 1.43650000e-09  1.40491014e-03 
 1.43750000e-09  1.34732723e-03 
 1.43850000e-09  1.29199580e-03 
 1.43950000e-09  1.23900402e-03 
 1.44050000e-09  1.18808236e-03 
 1.44150000e-09  1.13932351e-03 
 1.44250000e-09  1.09246700e-03 
 1.44350000e-09  1.04760965e-03 
 1.44450000e-09  1.00449950e-03 
 1.44550000e-09  9.63237202e-04 
 1.44650000e-09  9.23578700e-04 
 1.44750000e-09  8.85628198e-04 
 1.44850000e-09  8.49149034e-04 
 1.44950000e-09  8.14248670e-04 
 1.45000000e-09  7.97278363e-04 
 1.45010000e-09  7.93962783e-04 
 1.45030000e-09  7.87318648e-04 
 1.45070000e-09  7.74194690e-04 
 1.45150000e-09  7.48597269e-04 
 1.45250000e-09  7.17782390e-04 
 1.45350000e-09  6.88234517e-04 
 1.45450000e-09  6.59900702e-04 
 1.45550000e-09  6.32733051e-04 
 1.45650000e-09  6.06682686e-04 
 1.45750000e-09  5.81705486e-04 
 1.45850000e-09  5.57756344e-04 
 1.45950000e-09  5.34794632e-04 
 1.46050000e-09  5.12778733e-04 
 1.46150000e-09  4.91671249e-04 
 1.46250000e-09  4.71433790e-04 
 1.46350000e-09  4.52031943e-04 
 1.46450000e-09  4.33430304e-04 
 1.46550000e-09  4.15597214e-04 
 1.46650000e-09  3.98500030e-04 
 1.46750000e-09  3.82109637e-04 
 1.46850000e-09  3.66395940e-04 
 1.46950000e-09  3.51332172e-04 
 1.47050000e-09  3.36890589e-04 
 1.47150000e-09  3.23046593e-04 
 1.47250000e-09  3.09774609e-04 
 1.47350000e-09  2.97052037e-04 
 1.47450000e-09  2.84855304e-04 
 1.47550000e-09  2.73163652e-04 
 1.47650000e-09  2.61955355e-04 
 1.47750000e-09  2.51211350e-04 
 1.47850000e-09  2.40911617e-04 
 1.47950000e-09  2.31038653e-04 
 1.48050000e-09  2.21574010e-04 
 1.48150000e-09  2.12501620e-04 
 1.48250000e-09  2.03804485e-04 
 1.48350000e-09  1.95467861e-04 
 1.48450000e-09  1.87476082e-04 
 1.48550000e-09  1.79815624e-04 
 1.48650000e-09  1.72472051e-04 
 1.48750000e-09  1.65432957e-04 
 1.48850000e-09  1.58685039e-04 
 1.48950000e-09  1.52216922e-04 
 1.49050000e-09  1.46016345e-04 
 1.49150000e-09  1.40072882e-04 
 1.49250000e-09  1.34375232e-04 
 1.49350000e-09  1.28913840e-04 
 1.49450000e-09  1.23678290e-04 
 1.49550000e-09  1.18659827e-04 
 1.49650000e-09  1.13848849e-04 
 1.49750000e-09  1.09237338e-04 
 1.49850000e-09  1.04816442e-04 
 1.49950000e-09  1.00578818e-04 
 1.50000000e-09  9.85262590e-05 
 1.50010000e-09  9.81218857e-05 
 1.50030000e-09  9.73164184e-05 
 1.50070000e-09  9.57257197e-05 
 1.50150000e-09  9.26236540e-05 
 1.50250000e-09  8.88904598e-05 
 1.50350000e-09  8.53117227e-05 
 1.50450000e-09  8.18810128e-05 
 1.50550000e-09  7.85922006e-05 
 1.50650000e-09  7.54393772e-05 
 1.50750000e-09  7.24169110e-05 
 1.50850000e-09  6.95193722e-05 
 1.50950000e-09  6.67415867e-05 
 1.51050000e-09  6.40785655e-05 
 1.51150000e-09  6.15255553e-05 
 1.51250000e-09  5.90779714e-05 
 1.51350000e-09  5.67314480e-05 
 1.51450000e-09  5.44817727e-05 
 1.51550000e-09  5.23249343e-05 
 1.51650000e-09  5.02570627e-05 
 1.51750000e-09  4.82744733e-05 
 1.51850000e-09  4.63736110e-05 
 1.51950000e-09  4.45510412e-05 
 1.52050000e-09  4.28035010e-05 
 1.52150000e-09  4.11279622e-05 
 1.52250000e-09  3.95214134e-05 
 1.52350000e-09  3.79809988e-05 
 1.52450000e-09  3.65039509e-05 
 1.52550000e-09  3.50876476e-05 
 1.52650000e-09  3.37295474e-05 
 1.52750000e-09  3.24272433e-05 
 1.52850000e-09  3.11784013e-05 
 1.52950000e-09  2.99808115e-05 
 1.53050000e-09  2.88323307e-05 
 1.53150000e-09  2.77309304e-05 
 1.53250000e-09  2.66746426e-05 
 1.53350000e-09  2.56616033e-05 
 1.53450000e-09  2.46900052e-05 
 1.53550000e-09  2.37581374e-05 
 1.53650000e-09  2.28643404e-05 
 1.53750000e-09  2.20070427e-05 
 1.53850000e-09  2.11847192e-05 
 1.53950000e-09  2.03959272e-05 
 1.54050000e-09  1.96392658e-05 
 1.54150000e-09  1.89134104e-05 
 1.54250000e-09  1.82170745e-05 
 1.54350000e-09  1.75490410e-05 
 1.54450000e-09  1.69081284e-05 
 1.54550000e-09  1.62932187e-05 
 1.54650000e-09  1.57032270e-05 
 1.54750000e-09  1.51371263e-05 
 1.54850000e-09  1.45939193e-05 
 1.54950000e-09  1.40726636e-05 
 1.55000000e-09  1.38200057e-05 
 1.55010000e-09  1.37702003e-05 
 1.55030000e-09  1.36709967e-05 
 1.55070000e-09  1.34750185e-05 
 1.55150000e-09  1.30925775e-05 
 1.55250000e-09  1.26318500e-05 
 1.55350000e-09  1.21896539e-05 
 1.55450000e-09  1.17652211e-05 
 1.55550000e-09  1.13578163e-05 
 1.55650000e-09  1.09667354e-05 
 1.55750000e-09  1.05913024e-05 
 1.55850000e-09  1.02308698e-05 
 1.55950000e-09  9.88481764e-06 
 1.56050000e-09  9.55255144e-06 
 1.56150000e-09  9.23350136e-06 
 1.56250000e-09  8.92712040e-06 
 1.56350000e-09  8.63288627e-06 
 1.56450000e-09  8.35029650e-06 
 1.56550000e-09  8.07887068e-06 
 1.56650000e-09  7.81814818e-06 
 1.56750000e-09  7.56768734e-06 
 1.56850000e-09  7.32706497e-06 
 1.56950000e-09  7.09587572e-06 
 1.57050000e-09  6.87373088e-06 
 1.57150000e-09  6.66025808e-06 
 1.57250000e-09  6.45509951e-06 
 1.57350000e-09  6.25791347e-06 
 1.57450000e-09  6.06837209e-06 
 1.57550000e-09  5.88616115e-06 
 1.57650000e-09  5.71097943e-06 
 1.57750000e-09  5.54253853e-06 
 1.57850000e-09  5.38056144e-06 
 1.57950000e-09  5.22478277e-06 
 1.58050000e-09  5.07494879e-06 
 1.58150000e-09  4.93081556e-06 
 1.58250000e-09  4.79214981e-06 
 1.58350000e-09  4.65872836e-06 
 1.58450000e-09  4.53033610e-06 
 1.58550000e-09  4.40676762e-06 
 1.58650000e-09  4.28782583e-06 
 1.58750000e-09  4.17332183e-06 
 1.58850000e-09  4.06307479e-06 
 1.58950000e-09  3.95691167e-06 
 1.59050000e-09  3.85466585e-06 
 1.59150000e-09  3.75617804e-06 
 1.59250000e-09  3.66129535e-06 
 1.59350000e-09  3.56987161e-06 
 1.59450000e-09  3.48176654e-06 
 1.59550000e-09  3.39684544e-06 
 1.59650000e-09  3.31497933e-06 
 1.59750000e-09  3.23604503e-06 
 1.59850000e-09  3.15992399e-06 
 1.59950000e-09  3.08650304e-06 
 1.60050000e-09  3.01567270e-06 
 1.60150000e-09  2.94732890e-06 
 1.60250000e-09  2.88137183e-06 
 1.60350000e-09  2.81770547e-06 
 1.60450000e-09  2.75623834e-06 
 1.60550000e-09  2.69688194e-06 
 1.60650000e-09  2.63955180e-06 
 1.60750000e-09  2.58416744e-06 
 1.60850000e-09  2.53065091e-06 
 1.60950000e-09  2.47892779e-06 
 1.61050000e-09  2.42892671e-06 
 1.61150000e-09  2.38057941e-06 
 1.61250000e-09  2.33382060e-06 
 1.61350000e-09  2.28858754e-06 
 1.61450000e-09  2.24481975e-06 
 1.61550000e-09  2.20245924e-06 
 1.61650000e-09  2.16145100e-06 
 1.61750000e-09  2.12174213e-06 
 1.61850000e-09  2.08328174e-06 
 1.61950000e-09  2.04602090e-06 
 1.62050000e-09  2.00991268e-06 
 1.62150000e-09  1.97491237e-06 
 1.62250000e-09  1.94097663e-06 
 1.62350000e-09  1.90806449e-06 
 1.62450000e-09  1.87613680e-06 
 1.62550000e-09  1.84515508e-06 
 1.62650000e-09  1.81508309e-06 
 1.62750000e-09  1.78588633e-06 
 1.62850000e-09  1.75753086e-06 
 1.62950000e-09  1.72998467e-06 
 1.63050000e-09  1.70321710e-06 
 1.63150000e-09  1.67719867e-06 
 1.63250000e-09  1.65190121e-06 
 1.63350000e-09  1.62729763e-06 
 1.63450000e-09  1.60336167e-06 
 1.63550000e-09  1.58006835e-06 
 1.63650000e-09  1.55739379e-06 
 1.63750000e-09  1.53531544e-06 
 1.63850000e-09  1.51381069e-06 
 1.63950000e-09  1.49285841e-06 
 1.64050000e-09  1.47243927e-06 
 1.64150000e-09  1.45253329e-06 
 1.64250000e-09  1.43312125e-06 
 1.64350000e-09  1.41418559e-06 
 1.64450000e-09  1.39570925e-06 
 1.64550000e-09  1.37767574e-06 
 1.64650000e-09  1.36006908e-06 
 1.64750000e-09  1.34287406e-06 
 1.64850000e-09  1.32607595e-06 
 1.64950000e-09  1.30966120e-06 
 1.65050000e-09  1.29361663e-06 
 1.65150000e-09  1.27792907e-06 
 1.65250000e-09  1.26258572e-06 
 1.65350000e-09  1.24757502e-06 
 1.65450000e-09  1.23288566e-06 
 1.65550000e-09  1.21850663e-06 
 1.65650000e-09  1.20442702e-06 
 1.65750000e-09  1.19063739e-06 
 1.65850000e-09  1.17712840e-06 
 1.65950000e-09  1.16389007e-06 
 1.66050000e-09  1.15091353e-06 
 1.66150000e-09  1.13819019e-06 
 1.66250000e-09  1.12571192e-06 
 1.66350000e-09  1.11347088e-06 
 1.66450000e-09  1.10145941e-06 
 1.66550000e-09  1.08967019e-06 
 1.66650000e-09  1.07809643e-06 
 1.66750000e-09  1.06673100e-06 
 1.66850000e-09  1.05556729e-06 
 1.66950000e-09  1.04459937e-06 
 1.67050000e-09  1.03382142e-06 
 1.67150000e-09  1.02322785e-06 
 1.67250000e-09  1.01281293e-06 
 1.67350000e-09  1.00257139e-06 
 1.67450000e-09  9.92497725e-07 
 1.67550000e-09  9.82587258e-07 
 1.67650000e-09  9.72835446e-07 
 1.67750000e-09  9.63237132e-07 
 1.67850000e-09  9.53788487e-07 
 1.67950000e-09  9.44485441e-07 
 1.68050000e-09  9.35323383e-07 
 1.68150000e-09  9.26299127e-07 
 1.68250000e-09  9.17408499e-07 
 1.68350000e-09  9.08647813e-07 
 1.68450000e-09  9.00013837e-07 
 1.68550000e-09  8.91502909e-07 
 1.68650000e-09  8.83112323e-07 
 1.68750000e-09  8.74838784e-07 
 1.68850000e-09  8.66678858e-07 
 1.68950000e-09  8.58629981e-07 
 1.69050000e-09  8.50689076e-07 
 1.69150000e-09  8.42853981e-07 
 1.69250000e-09  8.35122205e-07 
 1.69350000e-09  8.27490779e-07 
 1.69450000e-09  8.19957375e-07 
 1.69550000e-09  8.12519841e-07 
 1.69650000e-09  8.05175938e-07 
 1.69750000e-09  7.97923626e-07 
 1.69850000e-09  7.90760941e-07 
 1.69950000e-09  7.83685681e-07 
 1.70000000e-09  7.80180030e-07 
 1.70010000e-09  7.02273543e-04 
 1.70030000e-09  1.56035470e-03 
 1.70070000e-09  2.55795938e-03 
 1.70150000e-09  4.43593851e-03 
 1.70250000e-09  6.25550755e-03 
 1.70350000e-09  7.76384847e-03 
 1.70450000e-09  8.91011903e-03 
 1.70550000e-09  9.87193434e-03 
 1.70650000e-09  1.05974837e-02 
 1.70750000e-09  1.12159018e-02 
 1.70850000e-09  1.16789704e-02 
 1.70950000e-09  1.20840141e-02 
 1.71050000e-09  1.23876540e-02 
 1.71150000e-09  1.26652499e-02 
 1.71250000e-09  1.28782119e-02 
 1.71350000e-09  1.30860807e-02 
 1.71450000e-09  1.32545825e-02 
 1.71550000e-09  1.34314464e-02 
 1.71650000e-09  1.35861224e-02 
 1.71750000e-09  1.37572362e-02 
 1.71850000e-09  1.39172333e-02 
 1.71950000e-09  1.40972139e-02 
 1.72050000e-09  1.42720267e-02 
 1.72150000e-09  1.44657119e-02 
 1.72250000e-09  1.46553349e-02 
 1.72350000e-09  1.48617917e-02 
 1.72450000e-09  1.50613023e-02 
 1.72550000e-09  1.52673256e-02 
 1.72650000e-09  1.54607387e-02 
 1.72750000e-09  1.56534913e-02 
 1.72850000e-09  1.58249241e-02 
 1.72950000e-09  1.59794376e-02 
 1.73050000e-09  1.60910388e-02 
 1.73150000e-09  1.61579058e-02 
 1.73250000e-09  1.61559338e-02 
 1.73350000e-09  1.60868857e-02 
 1.73450000e-09  1.59354789e-02 
 1.73550000e-09  1.57109334e-02 
 1.73650000e-09  1.54076153e-02 
 1.73750000e-09  1.50421907e-02 
 1.73850000e-09  1.46176874e-02 
 1.73950000e-09  1.41566798e-02 
 1.74050000e-09  1.36678428e-02 
 1.74150000e-09  1.31757500e-02 
 1.74250000e-09  1.26901159e-02 
 1.74350000e-09  1.22326712e-02 
 1.74450000e-09  1.18103287e-02 
 1.74550000e-09  1.14408315e-02 
 1.74650000e-09  1.11281458e-02 
 1.74750000e-09  1.08874716e-02 
 1.74850000e-09  1.07232171e-02 
 1.74950000e-09  1.06533268e-02 
 1.75000000e-09  1.06568368e-02 
 1.75010000e-09  1.04929062e-02 
 1.75030000e-09  1.02923184e-02 
 1.75070000e-09  1.01686496e-02 
 1.75150000e-09  1.00889729e-02 
 1.75250000e-09  1.00985739e-02 
 1.75350000e-09  1.02225987e-02 
 1.75450000e-09  1.04499634e-02 
 1.75550000e-09  1.07859149e-02 
 1.75650000e-09  1.12526361e-02 
 1.75750000e-09  1.18556403e-02 
 1.75850000e-09  1.25752229e-02 
 1.75950000e-09  1.34514896e-02 
 1.76050000e-09  1.44676798e-02 
 1.76150000e-09  1.56201784e-02 
 1.76250000e-09  1.68555138e-02 
 1.76350000e-09  1.81189186e-02 
 1.76450000e-09  1.93184491e-02 
 1.76550000e-09  2.03645413e-02 
 1.76650000e-09  2.11524193e-02 
 1.76750000e-09  2.15997949e-02 
 1.76850000e-09  2.16374531e-02 
 1.76950000e-09  2.12367476e-02 
 1.77050000e-09  2.03941086e-02 
 1.77150000e-09  1.91751370e-02 
 1.77250000e-09  1.76581144e-02 
 1.77350000e-09  1.58458359e-02 
 1.77450000e-09  1.37676528e-02 
 1.77550000e-09  1.14957506e-02 
 1.77650000e-09  9.06517516e-03 
 1.77750000e-09  6.53152681e-03 
 1.77850000e-09  3.92579153e-03 
 1.77950000e-09  1.29245279e-03 
 1.78050000e-09 -1.46160030e-03 
 1.78150000e-09 -4.27488058e-03 
 1.78250000e-09 -6.97885462e-03 
 1.78350000e-09 -9.56130938e-03 
 1.78450000e-09 -1.20225790e-02 
 1.78550000e-09 -1.43576186e-02 
 1.78650000e-09 -1.65731874e-02 
 1.78750000e-09 -1.86707177e-02 
 1.78850000e-09 -2.06602625e-02 
 1.78950000e-09 -2.25464346e-02 
 1.79050000e-09 -2.43399929e-02 
 1.79150000e-09 -2.60466341e-02 
 1.79250000e-09 -2.76763650e-02 
 1.79350000e-09 -2.92347910e-02 
 1.79450000e-09 -3.07310928e-02 
 1.79550000e-09 -3.21721368e-02 
 1.79650000e-09 -3.35435767e-02 
 1.79750000e-09 -3.48894909e-02 
 1.79850000e-09 -3.61780792e-02 
 1.79950000e-09 -3.74410202e-02 
 1.80050000e-09 -3.86529740e-02 
 1.80150000e-09 -3.98425055e-02 
 1.80250000e-09 -4.09876274e-02 
 1.80350000e-09 -4.21124357e-02 
 1.80450000e-09 -4.31971220e-02 
 1.80550000e-09 -4.42612298e-02 
 1.80650000e-09 -4.52864192e-02 
 1.80750000e-09 -4.62878754e-02 
 1.80850000e-09 -4.72477710e-02 
 1.80950000e-09 -4.81770254e-02 
 1.81050000e-09 -4.90578097e-02 
 1.81150000e-09 -4.98978037e-02 
 1.81250000e-09 -5.06809347e-02 
 1.81350000e-09 -5.14164455e-02 
 1.81450000e-09 -5.20972391e-02 
 1.81550000e-09 -5.27439043e-02 
 1.81650000e-09 -5.33660793e-02 
 1.81750000e-09 -5.39967496e-02 
 1.81850000e-09 -5.46530308e-02 
 1.81950000e-09 -5.53645238e-02 
 1.82050000e-09 -5.61398175e-02 
 1.82150000e-09 -5.69939429e-02 
 1.82250000e-09 -5.79191819e-02 
 1.82350000e-09 -5.89074936e-02 
 1.82450000e-09 -5.99216026e-02 
 1.82550000e-09 -6.09108630e-02 
 1.82650000e-09 -6.17964258e-02 
 1.82750000e-09 -6.25048118e-02 
 1.82850000e-09 -6.29600919e-02 
 1.82950000e-09 -6.31231897e-02 
 1.83050000e-09 -6.29655084e-02 
 1.83150000e-09 -6.24808017e-02 
 1.83250000e-09 -6.16517042e-02 
 1.83350000e-09 -6.04693141e-02 
 1.83450000e-09 -5.89232776e-02 
 1.83550000e-09 -5.70326565e-02 
 1.83650000e-09 -5.48271160e-02 
 1.83750000e-09 -5.23580473e-02 
 1.83850000e-09 -4.96738518e-02 
 1.83950000e-09 -4.68323479e-02 
 1.84050000e-09 -4.38817787e-02 
 1.84150000e-09 -4.08744339e-02 
 1.84250000e-09 -3.78507090e-02 
 1.84350000e-09 -3.48556073e-02 
 1.84450000e-09 -3.19193635e-02 
 1.84550000e-09 -2.90737355e-02 
 1.84650000e-09 -2.63381734e-02 
 1.84750000e-09 -2.37333739e-02 
 1.84850000e-09 -2.12689554e-02 
 1.84950000e-09 -1.89561335e-02 
 1.85050000e-09 -1.67966681e-02 
 1.85150000e-09 -1.47945545e-02 
 1.85250000e-09 -1.29457746e-02 
 1.85350000e-09 -1.12492833e-02 
 1.85450000e-09 -9.69746126e-03 
 1.85550000e-09 -8.28614564e-03 
 1.85650000e-09 -7.00574560e-03 
 1.85750000e-09 -5.85046260e-03 
 1.85850000e-09 -4.80997677e-03 
 1.85950000e-09 -3.87791747e-03 
 1.86050000e-09 -3.04407403e-03 
 1.86150000e-09 -2.30219736e-03 
 1.86250000e-09 -1.64270151e-03 
 1.86350000e-09 -1.05986863e-03 
 1.86450000e-09 -5.45013080e-04 
 1.86550000e-09 -9.31539318e-05 
 1.86650000e-09  2.85903686e-04 
 1.86750000e-09  6.13118454e-04 
 1.86850000e-09  9.02311480e-04 
 1.86950000e-09  1.15427348e-03 
 1.87050000e-09  1.37475645e-03 
 1.87150000e-09  1.56477813e-03 
 1.87250000e-09  1.72919294e-03 
 1.87350000e-09  1.86899563e-03 
 1.87450000e-09  1.98827642e-03 
 1.87550000e-09  2.08788157e-03 
 1.87650000e-09  2.17125824e-03 
 1.87750000e-09  2.23905392e-03 
 1.87850000e-09  2.29417816e-03 
 1.87950000e-09  2.33707244e-03 
 1.88050000e-09  2.37019892e-03 
 1.88150000e-09  2.39380828e-03 
 1.88250000e-09  2.40999178e-03 
 1.88350000e-09  2.41883450e-03 
 1.88450000e-09  2.42212111e-03 
 1.88550000e-09  2.41979931e-03 
 1.88650000e-09  2.41340088e-03 
 1.88750000e-09  2.40276340e-03 
 1.88850000e-09  2.38921036e-03 
 1.88950000e-09  2.37249379e-03 
 1.89050000e-09  2.35376566e-03 
 1.89150000e-09  2.33271357e-03 
 1.89250000e-09  2.31034818e-03 
 1.89350000e-09  2.28631025e-03 
 1.89450000e-09  2.26149379e-03 
 1.89550000e-09  2.23550707e-03 
 1.89650000e-09  2.20914758e-03 
 1.89750000e-09  2.18200250e-03 
 1.89850000e-09  2.15478918e-03 
 1.89950000e-09  2.12708265e-03 
 1.90050000e-09  2.09953339e-03 
 1.90150000e-09  2.07171123e-03 
 1.90250000e-09  2.04421057e-03 
 1.90350000e-09  2.01660125e-03 
 1.90450000e-09  1.98943032e-03 
 1.90550000e-09  1.96227157e-03 
 1.90650000e-09  1.93563183e-03 
 1.90750000e-09  1.90909161e-03 
 1.90850000e-09  1.88312335e-03 
 1.90950000e-09  1.85731630e-03 
 1.91050000e-09  1.83211324e-03 
 1.91150000e-09  1.80711345e-03 
 1.91250000e-09  1.78273400e-03 
 1.91350000e-09  1.75858503e-03 
 1.91450000e-09  1.73506110e-03 
 1.91550000e-09  1.71178367e-03 
 1.91650000e-09  1.68912744e-03 
 1.91750000e-09  1.66672539e-03 
 1.91850000e-09  1.64493460e-03 
 1.91950000e-09  1.62339947e-03 
 1.92050000e-09  1.60246138e-03 
 1.92150000e-09  1.58177593e-03 
 1.92250000e-09  1.56167041e-03 
 1.92350000e-09  1.54181131e-03 
 1.92450000e-09  1.52251317e-03 
 1.92550000e-09  1.50345299e-03 
 1.92650000e-09  1.48493376e-03 
 1.92750000e-09  1.46664253e-03 
 1.92850000e-09  1.44887176e-03 
 1.92950000e-09  1.43131808e-03 
 1.93050000e-09  1.41426435e-03 
 1.93150000e-09  1.39741628e-03 
 1.93250000e-09  1.38104788e-03 
 1.93350000e-09  1.36487350e-03 
 1.93450000e-09  1.34915904e-03 
 1.93550000e-09  1.33362693e-03 
 1.93650000e-09  1.31853604e-03 
 1.93750000e-09  1.30361613e-03 
 1.93850000e-09  1.28911790e-03 
 1.93950000e-09  1.27477943e-03 
 1.94050000e-09  1.26084539e-03 
 1.94150000e-09  1.24706026e-03 
 1.94250000e-09  1.23366306e-03 
 1.94350000e-09  1.22040423e-03 
 1.94450000e-09  1.20751762e-03 
 1.94550000e-09  1.19475922e-03 
 1.94650000e-09  1.18235811e-03 
 1.94750000e-09  1.17007550e-03 
 1.94850000e-09  1.15813604e-03 
 1.94950000e-09  1.14630580e-03 
 1.95000000e-09  1.14055662e-03 
 1.95010000e-09  1.13937574e-03 
 1.95030000e-09  1.13707210e-03 
 1.95070000e-09  1.13249327e-03 
 1.95150000e-09  1.12343355e-03 
 1.95250000e-09  1.11229647e-03 
 1.95350000e-09  1.10135926e-03 
 1.95450000e-09  1.09062036e-03 
 1.95550000e-09  1.08007167e-03 
 1.95650000e-09  1.06971172e-03 
 1.95750000e-09  1.05953286e-03 
 1.95850000e-09  1.04953369e-03 
 1.95950000e-09  1.03970699e-03 
 1.96050000e-09  1.03005145e-03 
 1.96150000e-09  1.02056026e-03 
 1.96250000e-09  1.01123216e-03 
 1.96350000e-09  1.00206072e-03 
 1.96450000e-09  9.93044775e-04 
 1.96550000e-09  9.84178247e-04 
 1.96650000e-09  9.75460023e-04 
 1.96750000e-09  9.66884376e-04 
 1.96850000e-09  9.58450249e-04 
 1.96950000e-09  9.50152236e-04 
 1.97050000e-09  9.41989336e-04 
 1.97150000e-09  9.33956446e-04 
 1.97250000e-09  9.26052614e-04 
 1.97350000e-09  9.18273022e-04 
 1.97450000e-09  9.10616768e-04 
 1.97550000e-09  9.03079662e-04 
 1.97650000e-09  8.95661052e-04 
 1.97750000e-09  8.88355697e-04 
 1.97850000e-09  8.81162972e-04 
 1.97950000e-09  8.74078788e-04 
 1.98050000e-09  8.67102483e-04 
 1.98150000e-09  8.60230191e-04 
 1.98250000e-09  8.53461247e-04 
 1.98350000e-09  8.46791998e-04 
 1.98450000e-09  8.40221783e-04 
 1.98550000e-09  8.33747151e-04 
 1.98650000e-09  8.27367452e-04 
 1.98750000e-09  8.21079424e-04 
 1.98850000e-09  8.14882435e-04 
 1.98950000e-09  8.08773401e-04 
 1.99050000e-09  8.02751707e-04 
 1.99150000e-09  7.96814433e-04 
 1.99250000e-09  7.90960992e-04 
 1.99350000e-09  7.85188620e-04 
 1.99450000e-09  7.79496747e-04 
 1.99550000e-09  7.73882756e-04 
 1.99650000e-09  7.68346097e-04 
 1.99750000e-09  7.62884289e-04 
 1.99850000e-09  7.57496807e-04 
 1.99950000e-09  7.52181298e-04 
 2.00000000e-09  7.49550610e-04 
