 0.00000000e+00  3.71244029e-02 
 1.00000000e-14  3.71244030e-02 
 2.00000000e-14  3.71244031e-02 
 4.00000000e-14  3.71244033e-02 
 8.00000000e-14  3.71244036e-02 
 1.60000000e-13  3.71244042e-02 
 3.20000000e-13  3.71244054e-02 
 6.40000000e-13  3.71244076e-02 
 1.28000000e-12  3.71244115e-02 
 2.28000000e-12  3.71244166e-02 
 3.28000000e-12  3.71244206e-02 
 4.28000000e-12  3.71244237e-02 
 5.28000000e-12  3.71244262e-02 
 6.28000000e-12  3.71244282e-02 
 7.28000000e-12  3.71244298e-02 
 8.28000000e-12  3.71244311e-02 
 9.28000000e-12  3.71244321e-02 
 1.02800000e-11  3.71244329e-02 
 1.12800000e-11  3.71244335e-02 
 1.22800000e-11  3.71244340e-02 
 1.32800000e-11  3.71244345e-02 
 1.42800000e-11  3.71244348e-02 
 1.52800000e-11  3.71244351e-02 
 1.62800000e-11  3.71244353e-02 
 1.72800000e-11  3.71244355e-02 
 1.82800000e-11  3.71244356e-02 
 1.92800000e-11  3.71244358e-02 
 2.02800000e-11  3.71244359e-02 
 2.12800000e-11  3.71244360e-02 
 2.22800000e-11  3.71244360e-02 
 2.32800000e-11  3.71244361e-02 
 2.42800000e-11  3.71244361e-02 
 2.52800000e-11  3.71244362e-02 
 2.62800000e-11  3.71244362e-02 
 2.72800000e-11  3.71244362e-02 
 2.82800000e-11  3.71244363e-02 
 2.92800000e-11  3.71244363e-02 
 3.02800000e-11  3.71244363e-02 
 3.12800000e-11  3.71244363e-02 
 3.22800000e-11  3.71244364e-02 
 3.32800000e-11  3.71244364e-02 
 3.42800000e-11  3.71244364e-02 
 3.52800000e-11  3.71244364e-02 
 3.62800000e-11  3.71244364e-02 
 3.72800000e-11  3.71244364e-02 
 3.82800000e-11  3.71244364e-02 
 3.92800000e-11  3.71244364e-02 
 4.02800000e-11  3.71244364e-02 
 4.12800000e-11  3.71244364e-02 
 4.22800000e-11  3.71244364e-02 
 4.32800000e-11  3.71244365e-02 
 4.42800000e-11  3.71244365e-02 
 4.52800000e-11  3.71244365e-02 
 4.62800000e-11  3.71244365e-02 
 4.72800000e-11  3.71244365e-02 
 4.82800000e-11  3.71244365e-02 
 4.92800000e-11  3.71244365e-02 
 5.00000000e-11  3.71244365e-02 
 5.01000000e-11  3.71244365e-02 
 5.03000000e-11  3.71244365e-02 
 5.07000000e-11  3.71244365e-02 
 5.15000000e-11  3.71244365e-02 
 5.25000000e-11  3.71244365e-02 
 5.35000000e-11  3.71244365e-02 
 5.45000000e-11  3.71244365e-02 
 5.55000000e-11  3.71244365e-02 
 5.65000000e-11  3.71244365e-02 
 5.75000000e-11  3.71244365e-02 
 5.85000000e-11  3.71244365e-02 
 5.95000000e-11  3.71244365e-02 
 6.05000000e-11  3.71244365e-02 
 6.15000000e-11  3.71244365e-02 
 6.25000000e-11  3.71244365e-02 
 6.35000000e-11  3.71244365e-02 
 6.45000000e-11  3.71244365e-02 
 6.55000000e-11  3.71244365e-02 
 6.65000000e-11  3.71244365e-02 
 6.75000000e-11  3.71244365e-02 
 6.85000000e-11  3.71244365e-02 
 6.95000000e-11  3.71244365e-02 
 7.05000000e-11  3.71244365e-02 
 7.15000000e-11  3.71244365e-02 
 7.25000000e-11  3.71244365e-02 
 7.35000000e-11  3.71244365e-02 
 7.45000000e-11  3.71244365e-02 
 7.55000000e-11  3.71244365e-02 
 7.65000000e-11  3.71244365e-02 
 7.75000000e-11  3.71244365e-02 
 7.85000000e-11  3.71244365e-02 
 7.95000000e-11  3.71244365e-02 
 8.05000000e-11  3.71244365e-02 
 8.15000000e-11  3.71244365e-02 
 8.25000000e-11  3.71244365e-02 
 8.35000000e-11  3.71244365e-02 
 8.45000000e-11  3.71244365e-02 
 8.55000000e-11  3.71244365e-02 
 8.65000000e-11  3.71244365e-02 
 8.75000000e-11  3.71244365e-02 
 8.85000000e-11  3.71244365e-02 
 8.95000000e-11  3.71244365e-02 
 9.05000000e-11  3.71244365e-02 
 9.15000000e-11  3.71244365e-02 
 9.25000000e-11  3.71244365e-02 
 9.35000000e-11  3.71244365e-02 
 9.45000000e-11  3.71244365e-02 
 9.55000000e-11  3.71244365e-02 
 9.65000000e-11  3.71244365e-02 
 9.75000000e-11  3.71244365e-02 
 9.85000000e-11  3.71244365e-02 
 9.95000000e-11  3.71244365e-02 
 1.00500000e-10  3.71244365e-02 
 1.01500000e-10  3.71244365e-02 
 1.02500000e-10  3.71244365e-02 
 1.03500000e-10  3.71244365e-02 
 1.04500000e-10  3.71244365e-02 
 1.05500000e-10  3.71244365e-02 
 1.06500000e-10  3.71244365e-02 
 1.07500000e-10  3.71244365e-02 
 1.08500000e-10  3.71244365e-02 
 1.09500000e-10  3.71244365e-02 
 1.10500000e-10  3.71244365e-02 
 1.11500000e-10  3.71244365e-02 
 1.12500000e-10  3.71244365e-02 
 1.13500000e-10  3.71244365e-02 
 1.14500000e-10  3.71244365e-02 
 1.15500000e-10  3.71244365e-02 
 1.16500000e-10  3.71244365e-02 
 1.17500000e-10  3.71244365e-02 
 1.18500000e-10  3.71244365e-02 
 1.19500000e-10  3.71244365e-02 
 1.20500000e-10  3.71244365e-02 
 1.21500000e-10  3.71244365e-02 
 1.22500000e-10  3.71244365e-02 
 1.23500000e-10  3.71244365e-02 
 1.24500000e-10  3.71244365e-02 
 1.25500000e-10  3.71244365e-02 
 1.26500000e-10  3.71244365e-02 
 1.27500000e-10  3.71244365e-02 
 1.28500000e-10  3.71244365e-02 
 1.29500000e-10  3.71244365e-02 
 1.30500000e-10  3.71244365e-02 
 1.31500000e-10  3.71244365e-02 
 1.32500000e-10  3.71244365e-02 
 1.33500000e-10  3.71244365e-02 
 1.34500000e-10  3.71244365e-02 
 1.35500000e-10  3.71244365e-02 
 1.36500000e-10  3.71244365e-02 
 1.37500000e-10  3.71244365e-02 
 1.38500000e-10  3.71244365e-02 
 1.39500000e-10  3.71244365e-02 
 1.40500000e-10  3.71244365e-02 
 1.41500000e-10  3.71244365e-02 
 1.42500000e-10  3.71244365e-02 
 1.43500000e-10  3.71244365e-02 
 1.44500000e-10  3.71244365e-02 
 1.45500000e-10  3.71244365e-02 
 1.46500000e-10  3.71244365e-02 
 1.47500000e-10  3.71244365e-02 
 1.48500000e-10  3.71244365e-02 
 1.49500000e-10  3.71244365e-02 
 1.50500000e-10  3.71244365e-02 
 1.51500000e-10  3.71244365e-02 
 1.52500000e-10  3.71244365e-02 
 1.53500000e-10  3.71244365e-02 
 1.54500000e-10  3.71244365e-02 
 1.55500000e-10  3.71244365e-02 
 1.56500000e-10  3.71244365e-02 
 1.57500000e-10  3.71244365e-02 
 1.58500000e-10  3.71244365e-02 
 1.59500000e-10  3.71244365e-02 
 1.60500000e-10  3.71244365e-02 
 1.61500000e-10  3.71244365e-02 
 1.62500000e-10  3.71244365e-02 
 1.63500000e-10  3.71244365e-02 
 1.64500000e-10  3.71244365e-02 
 1.65500000e-10  3.71244365e-02 
 1.66500000e-10  3.71244365e-02 
 1.67500000e-10  3.71244365e-02 
 1.68500000e-10  3.71244365e-02 
 1.69500000e-10  3.71244365e-02 
 1.70500000e-10  3.71244365e-02 
 1.71500000e-10  3.71244365e-02 
 1.72500000e-10  3.71244365e-02 
 1.73500000e-10  3.71244365e-02 
 1.74500000e-10  3.71244365e-02 
 1.75500000e-10  3.71244365e-02 
 1.76500000e-10  3.71244365e-02 
 1.77500000e-10  3.71244365e-02 
 1.78500000e-10  3.71244365e-02 
 1.79500000e-10  3.71244365e-02 
 1.80500000e-10  3.71244365e-02 
 1.81500000e-10  3.71244365e-02 
 1.82500000e-10  3.71244365e-02 
 1.83500000e-10  3.71244365e-02 
 1.84500000e-10  3.71244365e-02 
 1.85500000e-10  3.71244365e-02 
 1.86500000e-10  3.71244365e-02 
 1.87500000e-10  3.71244365e-02 
 1.88500000e-10  3.71244365e-02 
 1.89500000e-10  3.71244365e-02 
 1.90500000e-10  3.71244365e-02 
 1.91500000e-10  3.71244365e-02 
 1.92500000e-10  3.71244365e-02 
 1.93500000e-10  3.71244365e-02 
 1.94500000e-10  3.71244365e-02 
 1.95500000e-10  3.71244365e-02 
 1.96500000e-10  3.71244365e-02 
 1.97500000e-10  3.71244365e-02 
 1.98500000e-10  3.71244365e-02 
 1.99500000e-10  3.71244365e-02 
 2.00000000e-10  3.71244365e-02 
 2.00100000e-10  3.72686805e-02 
 2.00300000e-10  3.75114489e-02 
 2.00700000e-10  3.79397347e-02 
 2.01500000e-10  3.86353225e-02 
 2.02500000e-10  3.92382355e-02 
 2.03500000e-10  3.96214959e-02 
 2.04500000e-10  3.98344639e-02 
 2.05500000e-10  3.99303302e-02 
 2.06500000e-10  3.99351022e-02 
 2.07500000e-10  3.98826366e-02 
 2.08500000e-10  3.97850898e-02 
 2.09500000e-10  3.96646045e-02 
 2.10500000e-10  3.95252371e-02 
 2.11500000e-10  3.93816149e-02 
 2.12500000e-10  3.92331963e-02 
 2.13500000e-10  3.90904546e-02 
 2.14500000e-10  3.89505443e-02 
 2.15500000e-10  3.88207774e-02 
 2.16500000e-10  3.86965698e-02 
 2.17500000e-10  3.85838303e-02 
 2.18500000e-10  3.84772934e-02 
 2.19500000e-10  3.83815878e-02 
 2.20500000e-10  3.82910153e-02 
 2.21500000e-10  3.82092435e-02 
 2.22500000e-10  3.81303436e-02 
 2.23500000e-10  3.80572743e-02 
 2.24500000e-10  3.79841457e-02 
 2.25500000e-10  3.79136794e-02 
 2.26500000e-10  3.78406665e-02 
 2.27500000e-10  3.77684346e-02 
 2.28500000e-10  3.76930955e-02 
 2.29500000e-10  3.76185172e-02 
 2.30500000e-10  3.75407749e-02 
 2.31500000e-10  3.74621298e-02 
 2.32500000e-10  3.73772865e-02 
 2.33500000e-10  3.72883487e-02 
 2.34500000e-10  3.71933379e-02 
 2.35500000e-10  3.71007587e-02 
 2.36500000e-10  3.70177693e-02 
 2.37500000e-10  3.69581372e-02 
 2.38500000e-10  3.69182619e-02 
 2.39500000e-10  3.68820703e-02 
 2.40500000e-10  3.68165784e-02 
 2.41500000e-10  3.66927251e-02 
 2.42500000e-10  3.64831369e-02 
 2.43500000e-10  3.61786636e-02 
 2.44500000e-10  3.57802693e-02 
 2.45500000e-10  3.53082495e-02 
 2.46500000e-10  3.47869345e-02 
 2.47500000e-10  3.42472527e-02 
 2.48500000e-10  3.37134292e-02 
 2.49500000e-10  3.32084961e-02 
 2.50000000e-10  3.29702475e-02 
 2.50100000e-10  3.29079659e-02 
 2.50300000e-10  3.27962837e-02 
 2.50700000e-10  3.25790912e-02 
 2.51500000e-10  3.21432145e-02 
 2.52500000e-10  3.16338530e-02 
 2.53500000e-10  3.11775863e-02 
 2.54500000e-10  3.07923408e-02 
 2.55500000e-10  3.04744053e-02 
 2.56500000e-10  3.02257642e-02 
 2.57500000e-10  3.00349585e-02 
 2.58500000e-10  2.98991268e-02 
 2.59500000e-10  2.98062850e-02 
 2.60500000e-10  2.97533438e-02 
 2.61500000e-10  2.97302271e-02 
 2.62500000e-10  2.97350027e-02 
 2.63500000e-10  2.97596992e-02 
 2.64500000e-10  2.98034095e-02 
 2.65500000e-10  2.98603394e-02 
 2.66500000e-10  2.99304109e-02 
 2.67500000e-10  3.00091734e-02 
 2.68500000e-10  3.00982992e-02 
 2.69500000e-10  3.01926999e-02 
 2.70500000e-10  3.02939049e-02 
 2.71500000e-10  3.03993076e-02 
 2.72500000e-10  3.05102061e-02 
 2.73500000e-10  3.06243162e-02 
 2.74500000e-10  3.07427864e-02 
 2.75500000e-10  3.08637592e-02 
 2.76500000e-10  3.09883369e-02 
 2.77500000e-10  3.11148736e-02 
 2.78500000e-10  3.12440960e-02 
 2.79500000e-10  3.13785849e-02 
 2.80500000e-10  3.15161634e-02 
 2.81500000e-10  3.16540417e-02 
 2.82500000e-10  3.17940300e-02 
 2.83500000e-10  3.19358658e-02 
 2.84500000e-10  3.20804346e-02 
 2.85500000e-10  3.22272563e-02 
 2.86500000e-10  3.23767799e-02 
 2.87500000e-10  3.25285577e-02 
 2.88500000e-10  3.26830477e-02 
 2.89500000e-10  3.28398777e-02 
 2.90500000e-10  3.29994140e-02 
 2.91500000e-10  3.31613667e-02 
 2.92500000e-10  3.33260292e-02 
 2.93500000e-10  3.34931884e-02 
 2.94500000e-10  3.36630757e-02 
 2.95500000e-10  3.38355475e-02 
 2.96500000e-10  3.40107806e-02 
 2.97500000e-10  3.41886929e-02 
 2.98500000e-10  3.43694133e-02 
 2.99500000e-10  3.45529139e-02 
 3.00500000e-10  3.47392810e-02 
 3.01500000e-10  3.49285347e-02 
 3.02500000e-10  3.51207237e-02 
 3.03500000e-10  3.53159105e-02 
 3.04500000e-10  3.55141105e-02 
 3.05500000e-10  3.57154235e-02 
 3.06500000e-10  3.59198363e-02 
 3.07500000e-10  3.61274813e-02 
 3.08500000e-10  3.63383201e-02 
 3.09500000e-10  3.65525145e-02 
 3.10500000e-10  3.67700040e-02 
 3.11500000e-10  3.69909761e-02 
 3.12500000e-10  3.72153520e-02 
 3.13500000e-10  3.74433414e-02 
 3.14500000e-10  3.76748499e-02 
 3.15500000e-10  3.79101072e-02 
 3.16500000e-10  3.81490055e-02 
 3.17500000e-10  3.83917923e-02 
 3.18500000e-10  3.86383490e-02 
 3.19500000e-10  3.88889383e-02 
 3.20500000e-10  3.91434331e-02 
 3.21500000e-10  3.94021099e-02 
 3.22500000e-10  3.96648347e-02 
 3.23500000e-10  3.99318960e-02 
 3.24500000e-10  4.02031553e-02 
 3.25500000e-10  4.04789114e-02 
 3.26500000e-10  4.07590228e-02 
 3.27500000e-10  4.10437978e-02 
 3.28500000e-10  4.13330936e-02 
 3.29500000e-10  4.16272269e-02 
 3.30500000e-10  4.19260551e-02 
 3.31500000e-10  4.22299027e-02 
 3.32500000e-10  4.25386290e-02 
 3.33500000e-10  4.28525659e-02 
 3.34500000e-10  4.31715762e-02 
 3.35500000e-10  4.34959991e-02 
 3.36500000e-10  4.38257028e-02 
 3.37500000e-10  4.41610340e-02 
 3.38500000e-10  4.45018684e-02 
 3.39500000e-10  4.48485611e-02 
 3.40500000e-10  4.52009975e-02 
 3.41500000e-10  4.55595423e-02 
 3.42500000e-10  4.59240934e-02 
 3.43500000e-10  4.62950266e-02 
 3.44500000e-10  4.66722551e-02 
 3.45500000e-10  4.70561670e-02 
 3.46500000e-10  4.74466923e-02 
 3.47500000e-10  4.78442311e-02 
 3.48500000e-10  4.82487276e-02 
 3.49500000e-10  4.86605854e-02 
 3.50500000e-10  4.90797485e-02 
 3.51500000e-10  4.95065966e-02 
 3.52500000e-10  4.99410273e-02 
 3.53500000e-10  5.03833226e-02 
 3.54500000e-10  5.08332224e-02 
 3.55500000e-10  5.12907481e-02 
 3.56500000e-10  5.17552621e-02 
 3.57500000e-10  5.22262518e-02 
 3.58500000e-10  5.27024023e-02 
 3.59500000e-10  5.31824233e-02 
 3.60500000e-10  5.36641436e-02 
 3.61500000e-10  5.41454544e-02 
 3.62500000e-10  5.46236566e-02 
 3.63500000e-10  5.50963434e-02 
 3.64500000e-10  5.55608199e-02 
 3.65500000e-10  5.60149553e-02 
 3.66500000e-10  5.64565547e-02 
 3.67500000e-10  5.68841231e-02 
 3.68500000e-10  5.72961822e-02 
 3.69500000e-10  5.76919649e-02 
 3.70500000e-10  5.80707051e-02 
 3.71500000e-10  5.84322912e-02 
 3.72500000e-10  5.87765546e-02 
 3.73500000e-10  5.91039004e-02 
 3.74500000e-10  5.94146080e-02 
 3.75500000e-10  5.97094489e-02 
 3.76500000e-10  5.99890060e-02 
 3.77500000e-10  6.02542830e-02 
 3.78500000e-10  6.05060464e-02 
 3.79500000e-10  6.07454278e-02 
 3.80500000e-10  6.09732892e-02 
 3.81500000e-10  6.11908180e-02 
 3.82500000e-10  6.13989156e-02 
 3.83500000e-10  6.15987827e-02 
 3.84500000e-10  6.17913297e-02 
 3.85500000e-10  6.19777509e-02 
 3.86500000e-10  6.21589549e-02 
 3.87500000e-10  6.23361257e-02 
 3.88500000e-10  6.25101714e-02 
 3.89500000e-10  6.26822713e-02 
 3.90500000e-10  6.28533414e-02 
 3.91500000e-10  6.30245672e-02 
 3.92500000e-10  6.31968843e-02 
 3.93500000e-10  6.33714968e-02 
 3.94500000e-10  6.35493729e-02 
 3.95500000e-10  6.37317480e-02 
 3.96500000e-10  6.39196349e-02 
 3.97500000e-10  6.41143119e-02 
 3.98500000e-10  6.43168461e-02 
 3.99500000e-10  6.45285664e-02 
 4.00500000e-10  6.47506002e-02 
 4.01500000e-10  6.49843298e-02 
 4.02500000e-10  6.52309418e-02 
 4.03500000e-10  6.54918676e-02 
 4.04500000e-10  6.57683438e-02 
 4.05500000e-10  6.60618361e-02 
 4.06500000e-10  6.63736108e-02 
 4.07500000e-10  6.67051411e-02 
 4.08500000e-10  6.70576890e-02 
 4.09500000e-10  6.74326942e-02 
 4.10500000e-10  6.78313643e-02 
 4.11500000e-10  6.82550464e-02 
 4.12500000e-10  6.87048251e-02 
 4.13500000e-10  6.91818756e-02 
 4.14500000e-10  6.96870677e-02 
 4.15500000e-10  7.02213000e-02 
 4.16500000e-10  7.07851082e-02 
 4.17500000e-10  7.13789785e-02 
 4.18500000e-10  7.20029588e-02 
 4.19500000e-10  7.26569496e-02 
 4.20500000e-10  7.33403166e-02 
 4.21500000e-10  7.40521595e-02 
 4.22500000e-10  7.47909274e-02 
 4.23500000e-10  7.55546682e-02 
 4.24500000e-10  7.63406517e-02 
 4.25500000e-10  7.71456104e-02 
 4.26500000e-10  7.79653825e-02 
 4.27500000e-10  7.87951601e-02 
 4.28500000e-10  7.96291724e-02 
 4.29500000e-10  8.04609630e-02 
 4.30500000e-10  8.12831340e-02 
 4.31500000e-10  8.20876719e-02 
 4.32500000e-10  8.28657664e-02 
 4.33500000e-10  8.36081910e-02 
 4.34500000e-10  8.43051945e-02 
 4.35500000e-10  8.49469287e-02 
 4.36500000e-10  8.55233956e-02 
 4.37500000e-10  8.60248946e-02 
 4.38500000e-10  8.64419930e-02 
 4.39500000e-10  8.67659576e-02 
 4.40500000e-10  8.69887095e-02 
 4.41500000e-10  8.71032049e-02 
 4.42500000e-10  8.71033452e-02 
 4.43500000e-10  8.69842885e-02 
 4.44500000e-10  8.67423031e-02 
 4.45500000e-10  8.63750068e-02 
 4.46500000e-10  8.58811704e-02 
 4.47500000e-10  8.52608956e-02 
 4.48500000e-10  8.45153823e-02 
 4.49500000e-10  8.36470604e-02 
 4.50000000e-10  8.31677385e-02 
 4.50100000e-10  8.30676958e-02 
 4.50300000e-10  8.28653736e-02 
 4.50700000e-10  8.24468734e-02 
 4.51500000e-10  8.15556201e-02 
 4.52500000e-10  8.03434038e-02 
 4.53500000e-10  7.90277145e-02 
 4.54500000e-10  7.76154190e-02 
 4.55500000e-10  7.61160625e-02 
 4.56500000e-10  7.45354650e-02 
 4.57500000e-10  7.28816932e-02 
 4.58500000e-10  7.11633983e-02 
 4.59500000e-10  6.93896156e-02 
 4.60500000e-10  6.75693266e-02 
 4.61500000e-10  6.57116879e-02 
 4.62500000e-10  6.38256451e-02 
 4.63500000e-10  6.19201299e-02 
 4.64500000e-10  6.00037231e-02 
 4.65500000e-10  5.80848246e-02 
 4.66500000e-10  5.61713566e-02 
 4.67500000e-10  5.42709320e-02 
 4.68500000e-10  5.23905905e-02 
 4.69500000e-10  5.05369572e-02 
 4.70500000e-10  4.87160149e-02 
 4.71500000e-10  4.69332626e-02 
 4.72500000e-10  4.51935163e-02 
 4.73500000e-10  4.35010712e-02 
 4.74500000e-10  4.18595279e-02 
 4.75500000e-10  4.02719584e-02 
 4.76500000e-10  3.87407545e-02 
 4.77500000e-10  3.72678000e-02 
 4.78500000e-10  3.58543378e-02 
 4.79500000e-10  3.45011483e-02 
 4.80500000e-10  3.32084339e-02 
 4.81500000e-10  3.19760026e-02 
 4.82500000e-10  3.08031505e-02 
 4.83500000e-10  2.96888834e-02 
 4.84500000e-10  2.86318210e-02 
 4.85500000e-10  2.76303572e-02 
 4.86500000e-10  2.66825861e-02 
 4.87500000e-10  2.57864880e-02 
 4.88500000e-10  2.49398395e-02 
 4.89500000e-10  2.41403923e-02 
 4.90500000e-10  2.33857779e-02 
 4.91500000e-10  2.26736773e-02 
 4.92500000e-10  2.20017188e-02 
 4.93500000e-10  2.13676366e-02 
 4.94500000e-10  2.07691615e-02 
 4.95500000e-10  2.02041683e-02 
 4.96500000e-10  1.96705597e-02 
 4.97500000e-10  1.91664029e-02 
 4.98500000e-10  1.86898065e-02 
 4.99500000e-10  1.82391539e-02 
 5.00000000e-10  1.80230517e-02 
 5.00100000e-10  1.79805885e-02 
 5.00300000e-10  1.78962465e-02 
 5.00700000e-10  1.77302543e-02 
 5.01500000e-10  1.74088286e-02 
 5.02500000e-10  1.70258837e-02 
 5.03500000e-10  1.66626646e-02 
 5.04500000e-10  1.63178332e-02 
 5.05500000e-10  1.59901600e-02 
 5.06500000e-10  1.56784093e-02 
 5.07500000e-10  1.53814413e-02 
 5.08500000e-10  1.50981122e-02 
 5.09500000e-10  1.48273749e-02 
 5.10500000e-10  1.45681851e-02 
 5.11500000e-10  1.43195993e-02 
 5.12500000e-10  1.40806884e-02 
 5.13500000e-10  1.38506280e-02 
 5.14500000e-10  1.36286149e-02 
 5.15500000e-10  1.34139496e-02 
 5.16500000e-10  1.32059555e-02 
 5.17500000e-10  1.30040538e-02 
 5.18500000e-10  1.28076862e-02 
 5.19500000e-10  1.26163832e-02 
 5.20500000e-10  1.24296910e-02 
 5.21500000e-10  1.22472350e-02 
 5.22500000e-10  1.20686508e-02 
 5.23500000e-10  1.18936434e-02 
 5.24500000e-10  1.17219225e-02 
 5.25500000e-10  1.15532589e-02 
 5.26500000e-10  1.13874238e-02 
 5.27500000e-10  1.12242405e-02 
 5.28500000e-10  1.10635280e-02 
 5.29500000e-10  1.09051541e-02 
 5.30500000e-10  1.07489789e-02 
 5.31500000e-10  1.05949031e-02 
 5.32500000e-10  1.04428168e-02 
 5.33500000e-10  1.02926481e-02 
 5.34500000e-10  1.01443137e-02 
 5.35500000e-10  9.99776267e-03 
 5.36500000e-10  9.85293092e-03 
 5.37500000e-10  9.70978352e-03 
 5.38500000e-10  9.56827190e-03 
 5.39500000e-10  9.42837345e-03 
 5.40500000e-10  9.29005134e-03 
 5.41500000e-10  9.15329216e-03 
 5.42500000e-10  9.01806794e-03 
 5.43500000e-10  8.88437210e-03 
 5.44500000e-10  8.75218296e-03 
 5.45500000e-10  8.62149828e-03 
 5.46500000e-10  8.49230146e-03 
 5.47500000e-10  8.36459341e-03 
 5.48500000e-10  8.23836053e-03 
 5.49500000e-10  8.11360552e-03 
 5.50000000e-10  8.05177613e-03 
 5.50100000e-10  8.03946130e-03 
 5.50300000e-10  8.01486344e-03 
 5.50700000e-10  7.96584062e-03 
 5.51500000e-10  7.86850169e-03 
 5.52500000e-10  7.74814298e-03 
 5.53500000e-10  7.62924575e-03 
 5.54500000e-10  7.51180349e-03 
 5.55500000e-10  7.39581614e-03 
 5.56500000e-10  7.28127711e-03 
 5.57500000e-10  7.16818561e-03 
 5.58500000e-10  7.05653469e-03 
 5.59500000e-10  6.94632264e-03 
 5.60500000e-10  6.83754190e-03 
 5.61500000e-10  6.73018970e-03 
 5.62500000e-10  6.62425777e-03 
 5.63500000e-10  6.51974220e-03 
 5.64500000e-10  6.41663379e-03 
 5.65500000e-10  6.31492752e-03 
 5.66500000e-10  6.21461349e-03 
 5.67500000e-10  6.11568553e-03 
 5.68500000e-10  6.01813286e-03 
 5.69500000e-10  5.92194828e-03 
 5.70500000e-10  5.82712031e-03 
 5.71500000e-10  5.73364075e-03 
 5.72500000e-10  5.64149740e-03 
 5.73500000e-10  5.55068120e-03 
 5.74500000e-10  5.46117933e-03 
 5.75500000e-10  5.37298193e-03 
 5.76500000e-10  5.28607568e-03 
 5.77500000e-10  5.20045001e-03 
 5.78500000e-10  5.11609113e-03 
 5.79500000e-10  5.03298791e-03 
 5.80500000e-10  4.95112620e-03 
 5.81500000e-10  4.87049436e-03 
 5.82500000e-10  4.79107796e-03 
 5.83500000e-10  4.71286495e-03 
 5.84500000e-10  4.63584069e-03 
 5.85500000e-10  4.55999281e-03 
 5.86500000e-10  4.48530651e-03 
 5.87500000e-10  4.41176918e-03 
 5.88500000e-10  4.33936595e-03 
 5.89500000e-10  4.26808403e-03 
 5.90500000e-10  4.19790852e-03 
 5.91500000e-10  4.12882651e-03 
 5.92500000e-10  4.06082314e-03 
 5.93500000e-10  3.99388544e-03 
 5.94500000e-10  3.92799861e-03 
 5.95500000e-10  3.86314968e-03 
 5.96500000e-10  3.79932397e-03 
 5.97500000e-10  3.73650854e-03 
 5.98500000e-10  3.67468885e-03 
 5.99500000e-10  3.61385203e-03 
 6.00500000e-10  3.55398374e-03 
 6.01500000e-10  3.49507120e-03 
 6.02500000e-10  3.43710026e-03 
 6.03500000e-10  3.38005831e-03 
 6.04500000e-10  3.32393140e-03 
 6.05500000e-10  3.26870707e-03 
 6.06500000e-10  3.21437164e-03 
 6.07500000e-10  3.16091282e-03 
 6.08500000e-10  3.10831718e-03 
 6.09500000e-10  3.05657264e-03 
 6.10500000e-10  3.00566603e-03 
 6.11500000e-10  2.95558548e-03 
 6.12500000e-10  2.90631812e-03 
 6.13500000e-10  2.85785229e-03 
 6.14500000e-10  2.81017540e-03 
 6.15500000e-10  2.76327603e-03 
 6.16500000e-10  2.71714188e-03 
 6.17500000e-10  2.67176179e-03 
 6.18500000e-10  2.62712373e-03 
 6.19500000e-10  2.58321679e-03 
 6.20500000e-10  2.54002925e-03 
 6.21500000e-10  2.49755044e-03 
 6.22500000e-10  2.45576896e-03 
 6.23500000e-10  2.41467437e-03 
 6.24500000e-10  2.37425556e-03 
 6.25500000e-10  2.33450237e-03 
 6.26500000e-10  2.29540398e-03 
 6.27500000e-10  2.25695048e-03 
 6.28500000e-10  2.21913135e-03 
 6.29500000e-10  2.18193692e-03 
 6.30500000e-10  2.14535697e-03 
 6.31500000e-10  2.10938210e-03 
 6.32500000e-10  2.07400236e-03 
 6.33500000e-10  2.03920859e-03 
 6.34500000e-10  2.00499115e-03 
 6.35500000e-10  1.97134111e-03 
 6.36500000e-10  1.93824911e-03 
 6.37500000e-10  1.90570649e-03 
 6.38500000e-10  1.87370413e-03 
 6.39500000e-10  1.84223364e-03 
 6.40500000e-10  1.81128615e-03 
 6.41500000e-10  1.78085350e-03 
 6.42500000e-10  1.75092711e-03 
 6.43500000e-10  1.72149905e-03 
 6.44500000e-10  1.69256098e-03 
 6.45500000e-10  1.66410521e-03 
 6.46500000e-10  1.63612365e-03 
 6.47500000e-10  1.60860885e-03 
 6.48500000e-10  1.58155295e-03 
 6.49500000e-10  1.55494871e-03 
 6.50500000e-10  1.52878854e-03 
 6.51500000e-10  1.50306539e-03 
 6.52500000e-10  1.47777192e-03 
 6.53500000e-10  1.45290130e-03 
 6.54500000e-10  1.42844639e-03 
 6.55500000e-10  1.40440057e-03 
 6.56500000e-10  1.38075695e-03 
 6.57500000e-10  1.35750909e-03 
 6.58500000e-10  1.33465031e-03 
 6.59500000e-10  1.31217439e-03 
 6.60500000e-10  1.29007485e-03 
 6.61500000e-10  1.26834565e-03 
 6.62500000e-10  1.24698053e-03 
 6.63500000e-10  1.22597363e-03 
 6.64500000e-10  1.20531888e-03 
 6.65500000e-10  1.18501061e-03 
 6.66500000e-10  1.16504296e-03 
 6.67500000e-10  1.14541041e-03 
 6.68500000e-10  1.12610729e-03 
 6.69500000e-10  1.10712828e-03 
 6.70500000e-10  1.08846787e-03 
 6.71500000e-10  1.07012090e-03 
 6.72500000e-10  1.05208204e-03 
 6.73500000e-10  1.03434632e-03 
 6.74500000e-10  1.01690855e-03 
 6.75500000e-10  9.99763922e-04 
 6.76500000e-10  9.82907433e-04 
 6.77500000e-10  9.66334409e-04 
 6.78500000e-10  9.50040015e-04 
 6.79500000e-10  9.34019726e-04 
 6.80500000e-10  9.18268863e-04 
 6.81500000e-10  9.02783047e-04 
 6.82500000e-10  8.87557750e-04 
 6.83500000e-10  8.72588731e-04 
 6.84500000e-10  8.57871613e-04 
 6.85500000e-10  8.43402290e-04 
 6.86500000e-10  8.29176527e-04 
 6.87500000e-10  8.15190351e-04 
 6.88500000e-10  8.01439664e-04 
 6.89500000e-10  7.87920622e-04 
 6.90500000e-10  7.74629261e-04 
 6.91500000e-10  7.61561861e-04 
 6.92500000e-10  7.48714589e-04 
 6.93500000e-10  7.36083844e-04 
 6.94500000e-10  7.23665919e-04 
 6.95500000e-10  7.11457330e-04 
 6.96500000e-10  6.99454491e-04 
 6.97500000e-10  6.87654033e-04 
 6.98500000e-10  6.76052486e-04 
 6.99500000e-10  6.64646592e-04 
 7.00000000e-10  6.59016049e-04 
 7.00100000e-10  7.54158619e-04 
 7.00300000e-10  9.04091033e-04 
 7.00700000e-10  1.17189756e-03 
 7.01500000e-10  1.64897773e-03 
 7.02500000e-10  2.18114618e-03 
 7.03500000e-10  2.57713783e-03 
 7.04500000e-10  2.86621195e-03 
 7.05500000e-10  3.08074978e-03 
 7.06500000e-10  3.23385356e-03 
 7.07500000e-10  3.34662167e-03 
 7.08500000e-10  3.42371973e-03 
 7.09500000e-10  3.47900017e-03 
 7.10500000e-10  3.51258388e-03 
 7.11500000e-10  3.53454972e-03 
 7.12500000e-10  3.54278949e-03 
 7.13500000e-10  3.54511836e-03 
 7.14500000e-10  3.53859806e-03 
 7.15500000e-10  3.52988476e-03 
 7.16500000e-10  3.51382632e-03 
 7.17500000e-10  3.49486618e-03 
 7.18500000e-10  3.47631264e-03 
 7.19500000e-10  3.46420176e-03 
 7.20500000e-10  3.45747572e-03 
 7.21500000e-10  3.46179183e-03 
 7.22500000e-10  3.47581406e-03 
 7.23500000e-10  3.50360646e-03 
 7.24500000e-10  3.54228088e-03 
 7.25500000e-10  3.59342808e-03 
 7.26500000e-10  3.64842108e-03 
 7.27500000e-10  3.69753856e-03 
 7.28500000e-10  3.74802824e-03 
 7.29500000e-10  3.79822792e-03 
 7.30500000e-10  3.84467992e-03 
 7.31500000e-10  3.88708809e-03 
 7.32500000e-10  3.92435762e-03 
 7.33500000e-10  3.95884539e-03 
 7.34500000e-10  3.99242798e-03 
 7.35500000e-10  4.02987843e-03 
 7.36500000e-10  4.07541085e-03 
 7.37500000e-10  4.13538539e-03 
 7.38500000e-10  4.21554425e-03 
 7.39500000e-10  4.32294117e-03 
 7.40500000e-10  4.46404724e-03 
 7.41500000e-10  4.64625595e-03 
 7.42500000e-10  4.87778451e-03 
 7.43500000e-10  5.16831128e-03 
 7.44500000e-10  5.53028986e-03 
 7.45500000e-10  5.97911266e-03 
 7.46500000e-10  6.53023022e-03 
 7.47500000e-10  7.19204463e-03 
 7.48500000e-10  7.96510750e-03 
 7.49500000e-10  8.84795339e-03 
 7.50000000e-10  9.33452178e-03 
 7.50100000e-10  9.46310256e-03 
 7.50300000e-10  9.71500751e-03 
 7.50700000e-10  1.02143738e-02 
 7.51500000e-10  1.12143439e-02 
 7.52500000e-10  1.25469388e-02 
 7.53500000e-10  1.40257321e-02 
 7.54500000e-10  1.56480677e-02 
 7.55500000e-10  1.73785902e-02 
 7.56500000e-10  1.91144021e-02 
 7.57500000e-10  2.07212751e-02 
 7.58500000e-10  2.20508112e-02 
 7.59500000e-10  2.29708904e-02 
 7.60500000e-10  2.33794856e-02 
 7.61500000e-10  2.32287019e-02 
 7.62500000e-10  2.25195175e-02 
 7.63500000e-10  2.12991407e-02 
 7.64500000e-10  1.96953892e-02 
 7.65500000e-10  1.77978743e-02 
 7.66500000e-10  1.56069787e-02 
 7.67500000e-10  1.31905978e-02 
 7.68500000e-10  1.06137141e-02 
 7.69500000e-10  7.93017853e-03 
 7.70500000e-10  5.18926905e-03 
 7.71500000e-10  2.43155249e-03 
 7.72500000e-10 -3.39648916e-04 
 7.73500000e-10 -3.32579710e-03 
 7.74500000e-10 -6.15946186e-03 
 7.75500000e-10 -8.81485892e-03 
 7.76500000e-10 -1.13294641e-02 
 7.77500000e-10 -1.36868736e-02 
 7.78500000e-10 -1.59160428e-02 
 7.79500000e-10 -1.80138690e-02 
 7.80500000e-10 -2.00102791e-02 
 7.81500000e-10 -2.18979105e-02 
 7.82500000e-10 -2.37016613e-02 
 7.83500000e-10 -2.54176060e-02 
 7.84500000e-10 -2.70663625e-02 
 7.85500000e-10 -2.86445648e-02 
 7.86500000e-10 -3.01682896e-02 
 7.87500000e-10 -3.16338988e-02 
 7.88500000e-10 -3.30534227e-02 
 7.89500000e-10 -3.44232047e-02 
 7.90500000e-10 -3.57532649e-02 
 7.91500000e-10 -3.70426705e-02 
 7.92500000e-10 -3.83039781e-02 
 7.93500000e-10 -3.95430882e-02 
 7.94500000e-10 -4.07797674e-02 
 7.95500000e-10 -4.20296396e-02 
 7.96500000e-10 -4.33137276e-02 
 7.97500000e-10 -4.46403266e-02 
 7.98500000e-10 -4.60097309e-02 
 7.99500000e-10 -4.74000816e-02 
 8.00500000e-10 -4.87492953e-02 
 8.01500000e-10 -4.99780804e-02 
 8.02500000e-10 -5.09651114e-02 
 8.03500000e-10 -5.16020059e-02 
 8.04500000e-10 -5.17988774e-02 
 8.05500000e-10 -5.15179760e-02 
 8.06500000e-10 -5.07439299e-02 
 8.07500000e-10 -4.95051147e-02 
 8.08500000e-10 -4.78358323e-02 
 8.09500000e-10 -4.57972950e-02 
 8.10500000e-10 -4.34503021e-02 
 8.11500000e-10 -4.08768385e-02 
 8.12500000e-10 -3.81441578e-02 
 8.13500000e-10 -3.53270956e-02 
 8.14500000e-10 -3.24791668e-02 
 8.15500000e-10 -2.96534102e-02 
 8.16500000e-10 -2.68931279e-02 
 8.17500000e-10 -2.42394762e-02 
 8.18500000e-10 -2.17116297e-02 
 8.19500000e-10 -1.93347754e-02 
 8.20500000e-10 -1.71146101e-02 
 8.21500000e-10 -1.50641204e-02 
 8.22500000e-10 -1.31788890e-02 
 8.23500000e-10 -1.14632231e-02 
 8.24500000e-10 -9.90612256e-03 
 8.25500000e-10 -8.50650395e-03 
 8.26500000e-10 -7.24977953e-03 
 8.27500000e-10 -6.13209504e-03 
 8.28500000e-10 -5.13751589e-03 
 8.29500000e-10 -4.26124837e-03 
 8.30500000e-10 -3.48748634e-03 
 8.31500000e-10 -2.81163654e-03 
 8.32500000e-10 -2.21887954e-03 
 8.33500000e-10 -1.70543648e-03 
 8.34500000e-10 -1.25788896e-03 
 8.35500000e-10 -8.73527223e-04 
 8.36500000e-10 -5.40458641e-04 
 8.37500000e-10 -2.57074478e-04 
 8.38500000e-10 -1.21322565e-05 
 8.39500000e-10  1.81739681e-04 
 8.40500000e-10  3.47744480e-04 
 8.41500000e-10  4.88171017e-04 
 8.42500000e-10  6.08528831e-04 
 8.43500000e-10  7.08531759e-04 
 8.44500000e-10  7.93310241e-04 
 8.45500000e-10  8.62069492e-04 
 8.46500000e-10  9.19538899e-04 
 8.47500000e-10  9.64497301e-04 
 8.48500000e-10  1.00129005e-03 
 8.49500000e-10  1.02835931e-03 
 8.50500000e-10  1.04970001e-03 
 8.51500000e-10  1.06350237e-03 
 8.52500000e-10  1.07344939e-03 
 8.53500000e-10  1.07755358e-03 
 8.54500000e-10  1.07922333e-03 
 8.55500000e-10  1.07635562e-03 
 8.56500000e-10  1.07211773e-03 
 8.57500000e-10  1.06434142e-03 
 8.58500000e-10  1.05598170e-03 
 8.59500000e-10  1.04484481e-03 
 8.60500000e-10  1.03369766e-03 
 8.61500000e-10  1.02035164e-03 
 8.62500000e-10  1.00740564e-03 
 8.63500000e-10  9.92699263e-04 
 8.64500000e-10  9.78679954e-04 
 8.65500000e-10  9.63232630e-04 
 8.66500000e-10  9.48666914e-04 
 8.67500000e-10  9.32925291e-04 
 8.68500000e-10  9.18190915e-04 
 8.69500000e-10  9.02472319e-04 
 8.70500000e-10  8.87835706e-04 
 8.71500000e-10  8.72361213e-04 
 8.72500000e-10  8.58006179e-04 
 8.73500000e-10  8.42925658e-04 
 8.74500000e-10  8.28975106e-04 
 8.75500000e-10  8.14386106e-04 
 8.76500000e-10  8.00918340e-04 
 8.77500000e-10  7.86880253e-04 
 8.78500000e-10  7.73941188e-04 
 8.79500000e-10  7.60485837e-04 
 8.80500000e-10  7.48101744e-04 
 8.81500000e-10  7.35250909e-04 
 8.82500000e-10  7.23420946e-04 
 8.83500000e-10  7.11158505e-04 
 8.84500000e-10  6.99877501e-04 
 8.85500000e-10  6.88194723e-04 
 8.86500000e-10  6.77451270e-04 
 8.87500000e-10  6.66331839e-04 
 8.88500000e-10  6.56108475e-04 
 8.89500000e-10  6.45531343e-04 
 8.90500000e-10  6.35806922e-04 
 8.91500000e-10  6.25748287e-04 
 8.92500000e-10  6.16499617e-04 
 8.93500000e-10  6.06934293e-04 
 8.94500000e-10  5.98137274e-04 
 8.95500000e-10  5.89039631e-04 
 8.96500000e-10  5.80670025e-04 
 8.97500000e-10  5.72014631e-04 
 8.98500000e-10  5.64048587e-04 
 8.99500000e-10  5.55810635e-04 
 9.00500000e-10  5.48225031e-04 
 9.01500000e-10  5.40380609e-04 
 9.02500000e-10  5.33153267e-04 
 9.03500000e-10  5.25679532e-04 
 9.04500000e-10  5.18789345e-04 
 9.05500000e-10  5.11664607e-04 
 9.06500000e-10  5.05091602e-04 
 9.07500000e-10  4.98295369e-04 
 9.08500000e-10  4.92020727e-04 
 9.09500000e-10  4.85533707e-04 
 9.10500000e-10  4.79539751e-04 
 9.11500000e-10  4.73343823e-04 
 9.12500000e-10  4.67613990e-04 
 9.13500000e-10  4.61692172e-04 
 9.14500000e-10  4.56210965e-04 
 9.15500000e-10  4.50547361e-04 
 9.16500000e-10  4.45300302e-04 
 9.17500000e-10  4.39880046e-04 
 9.18500000e-10  4.34853617e-04 
 9.19500000e-10  4.29662817e-04 
 9.20500000e-10  4.24844403e-04 
 9.21500000e-10  4.19870081e-04 
 9.22500000e-10  4.15247914e-04 
 9.23500000e-10  4.10477946e-04 
 9.24500000e-10  4.06041047e-04 
 9.25500000e-10  4.01464107e-04 
 9.26500000e-10  3.97202231e-04 
 9.27500000e-10  3.92807739e-04 
 9.28500000e-10  3.88711327e-04 
 9.29500000e-10  3.84489392e-04 
 9.30500000e-10  3.80549521e-04 
 9.31500000e-10  3.76490898e-04 
 9.32500000e-10  3.72699230e-04 
 9.33500000e-10  3.68795271e-04 
 9.34500000e-10  3.65144017e-04 
 9.35500000e-10  3.61386630e-04 
 9.36500000e-10  3.57868508e-04 
 9.37500000e-10  3.54250116e-04 
 9.38500000e-10  3.50858310e-04 
 9.39500000e-10  3.47371815e-04 
 9.40500000e-10  3.44099949e-04 
 9.41500000e-10  3.40738695e-04 
 9.42500000e-10  3.37580793e-04 
 9.43500000e-10  3.34338540e-04 
 9.44500000e-10  3.31289000e-04 
 9.45500000e-10  3.28159890e-04 
 9.46500000e-10  3.25213458e-04 
 9.47500000e-10  3.22191989e-04 
 9.48500000e-10  3.19343733e-04 
 9.49500000e-10  3.16424735e-04 
 9.50000000e-10  3.15069445e-04 
 9.50100000e-10  3.14762825e-04 
 9.50300000e-10  3.14199010e-04 
 9.50700000e-10  3.13086506e-04 
 9.51500000e-10  3.10875036e-04 
 9.52500000e-10  3.08157806e-04 
 9.53500000e-10  3.05479756e-04 
 9.54500000e-10  3.02850340e-04 
 9.55500000e-10  3.00258367e-04 
 9.56500000e-10  2.97712755e-04 
 9.57500000e-10  2.95202949e-04 
 9.58500000e-10  2.92737361e-04 
 9.59500000e-10  2.90306035e-04 
 9.60500000e-10  2.87916906e-04 
 9.61500000e-10  2.85560585e-04 
 9.62500000e-10  2.83244550e-04 
 9.63500000e-10  2.80959952e-04 
 9.64500000e-10  2.78713836e-04 
 9.65500000e-10  2.76497861e-04 
 9.66500000e-10  2.74318664e-04 
 9.67500000e-10  2.72168382e-04 
 9.68500000e-10  2.70053267e-04 
 9.69500000e-10  2.67965907e-04 
 9.70500000e-10  2.65912189e-04 
 9.71500000e-10  2.63885131e-04 
 9.72500000e-10  2.61890269e-04 
 9.73500000e-10  2.59921028e-04 
 9.74500000e-10  2.57982616e-04 
 9.75500000e-10  2.56068840e-04 
 9.76500000e-10  2.54184598e-04 
 9.77500000e-10  2.52324056e-04 
 9.78500000e-10  2.50491820e-04 
 9.79500000e-10  2.48682397e-04 
 9.80500000e-10  2.46900115e-04 
 9.81500000e-10  2.45139802e-04 
 9.82500000e-10  2.43405523e-04 
 9.83500000e-10  2.41692411e-04 
 9.84500000e-10  2.40004285e-04 
 9.85500000e-10  2.38336562e-04 
 9.86500000e-10  2.36692828e-04 
 9.87500000e-10  2.35068770e-04 
 9.88500000e-10  2.33467754e-04 
 9.89500000e-10  2.31885722e-04 
 9.90500000e-10  2.30325829e-04 
 9.91500000e-10  2.28784261e-04 
 9.92500000e-10  2.27263978e-04 
 9.93500000e-10  2.25761389e-04 
 9.94500000e-10  2.24279269e-04 
 9.95500000e-10  2.22814242e-04 
 9.96500000e-10  2.21368909e-04 
 9.97500000e-10  2.19940095e-04 
 9.98500000e-10  2.18530235e-04 
 9.99500000e-10  2.17136345e-04 
 1.00000000e-09  2.16446729e-04 
 1.00010000e-09  2.16308942e-04 
 1.00030000e-09  2.16034332e-04 
 1.00070000e-09  2.15487217e-04 
 1.00150000e-09  2.14400848e-04 
 1.00250000e-09  2.13057677e-04 
 1.00350000e-09  2.11730547e-04 
 1.00450000e-09  2.10419292e-04 
 1.00550000e-09  2.09123528e-04 
 1.00650000e-09  2.07843097e-04 
 1.00750000e-09  2.06577631e-04 
 1.00850000e-09  2.05326978e-04 
 1.00950000e-09  2.04090788e-04 
 1.01050000e-09  2.02868915e-04 
 1.01150000e-09  2.01661024e-04 
 1.01250000e-09  2.00466975e-04 
 1.01350000e-09  1.99286447e-04 
 1.01450000e-09  1.98119307e-04 
 1.01550000e-09  1.96965248e-04 
 1.01650000e-09  1.95824140e-04 
 1.01750000e-09  1.94695693e-04 
 1.01850000e-09  1.93579780e-04 
 1.01950000e-09  1.92476121e-04 
 1.02050000e-09  1.91384596e-04 
 1.02150000e-09  1.90304940e-04 
 1.02250000e-09  1.89237033e-04 
 1.02350000e-09  1.88180623e-04 
 1.02450000e-09  1.87135595e-04 
 1.02550000e-09  1.86101707e-04 
 1.02650000e-09  1.85078849e-04 
 1.02750000e-09  1.84066787e-04 
 1.02850000e-09  1.83065415e-04 
 1.02950000e-09  1.82074513e-04 
 1.03050000e-09  1.81093975e-04 
 1.03150000e-09  1.80123590e-04 
 1.03250000e-09  1.79163257e-04 
 1.03350000e-09  1.78212773e-04 
 1.03450000e-09  1.77272041e-04 
 1.03550000e-09  1.76340868e-04 
 1.03650000e-09  1.75419157e-04 
 1.03750000e-09  1.74506725e-04 
 1.03850000e-09  1.73603478e-04 
 1.03950000e-09  1.72709238e-04 
 1.04050000e-09  1.71823917e-04 
 1.04150000e-09  1.70947345e-04 
 1.04250000e-09  1.70079434e-04 
 1.04350000e-09  1.69220021e-04 
 1.04450000e-09  1.68369022e-04 
 1.04550000e-09  1.67526282e-04 
 1.04650000e-09  1.66691717e-04 
 1.04750000e-09  1.65865178e-04 
 1.04850000e-09  1.65046585e-04 
 1.04950000e-09  1.64235794e-04 
 1.05000000e-09  1.63833309e-04 
 1.05010000e-09  1.63753041e-04 
 1.05030000e-09  1.63592739e-04 
 1.05070000e-09  1.63273036e-04 
 1.05150000e-09  1.62637271e-04 
 1.05250000e-09  1.61849298e-04 
 1.05350000e-09  1.61068723e-04 
 1.05450000e-09  1.60295436e-04 
 1.05550000e-09  1.59529346e-04 
 1.05650000e-09  1.58770347e-04 
 1.05750000e-09  1.58018350e-04 
 1.05850000e-09  1.57273254e-04 
 1.05950000e-09  1.56534974e-04 
 1.06050000e-09  1.55803412e-04 
 1.06150000e-09  1.55078483e-04 
 1.06250000e-09  1.54360096e-04 
 1.06350000e-09  1.53648168e-04 
 1.06450000e-09  1.52942611e-04 
 1.06550000e-09  1.52243343e-04 
 1.06650000e-09  1.51550282e-04 
 1.06750000e-09  1.50863347e-04 
 1.06850000e-09  1.50182458e-04 
 1.06950000e-09  1.49507539e-04 
 1.07050000e-09  1.48838511e-04 
 1.07150000e-09  1.48175301e-04 
 1.07250000e-09  1.47517833e-04 
 1.07350000e-09  1.46866035e-04 
 1.07450000e-09  1.46219836e-04 
 1.07550000e-09  1.45579164e-04 
 1.07650000e-09  1.44943952e-04 
 1.07750000e-09  1.44314129e-04 
 1.07850000e-09  1.43689630e-04 
 1.07950000e-09  1.43070388e-04 
 1.08050000e-09  1.42456339e-04 
 1.08150000e-09  1.41847418e-04 
 1.08250000e-09  1.41243564e-04 
 1.08350000e-09  1.40644713e-04 
 1.08450000e-09  1.40050806e-04 
 1.08550000e-09  1.39461782e-04 
 1.08650000e-09  1.38877583e-04 
 1.08750000e-09  1.38298150e-04 
 1.08850000e-09  1.37723427e-04 
 1.08950000e-09  1.37153356e-04 
 1.09050000e-09  1.36587885e-04 
 1.09150000e-09  1.36026956e-04 
 1.09250000e-09  1.35470518e-04 
 1.09350000e-09  1.34918516e-04 
 1.09450000e-09  1.34370900e-04 
 1.09550000e-09  1.33827618e-04 
 1.09650000e-09  1.33288620e-04 
 1.09750000e-09  1.32753855e-04 
 1.09850000e-09  1.32223277e-04 
 1.09950000e-09  1.31696835e-04 
 1.10050000e-09  1.31174483e-04 
 1.10150000e-09  1.30656174e-04 
 1.10250000e-09  1.30141863e-04 
 1.10350000e-09  1.29631502e-04 
 1.10450000e-09  1.29125050e-04 
 1.10550000e-09  1.28622460e-04 
 1.10650000e-09  1.28123691e-04 
 1.10750000e-09  1.27628698e-04 
 1.10850000e-09  1.27137441e-04 
 1.10950000e-09  1.26649877e-04 
 1.11050000e-09  1.26165967e-04 
 1.11150000e-09  1.25685669e-04 
 1.11250000e-09  1.25208944e-04 
 1.11350000e-09  1.24735753e-04 
 1.11450000e-09  1.24266058e-04 
 1.11550000e-09  1.23799819e-04 
 1.11650000e-09  1.23337001e-04 
 1.11750000e-09  1.22877565e-04 
 1.11850000e-09  1.22421477e-04 
 1.11950000e-09  1.21968699e-04 
 1.12050000e-09  1.21519197e-04 
 1.12150000e-09  1.21072934e-04 
 1.12250000e-09  1.20629879e-04 
 1.12350000e-09  1.20189995e-04 
 1.12450000e-09  1.19753251e-04 
 1.12550000e-09  1.19319611e-04 
 1.12650000e-09  1.18889046e-04 
 1.12750000e-09  1.18461521e-04 
 1.12850000e-09  1.18037006e-04 
 1.12950000e-09  1.17615469e-04 
 1.13050000e-09  1.17196881e-04 
 1.13150000e-09  1.16781209e-04 
 1.13250000e-09  1.16368425e-04 
 1.13350000e-09  1.15958498e-04 
 1.13450000e-09  1.15551400e-04 
 1.13550000e-09  1.15147101e-04 
 1.13650000e-09  1.14745575e-04 
 1.13750000e-09  1.14346791e-04 
 1.13850000e-09  1.13950724e-04 
 1.13950000e-09  1.13557345e-04 
 1.14050000e-09  1.13166628e-04 
 1.14150000e-09  1.12778545e-04 
 1.14250000e-09  1.12393073e-04 
 1.14350000e-09  1.12010182e-04 
 1.14450000e-09  1.11629850e-04 
 1.14550000e-09  1.11252049e-04 
 1.14650000e-09  1.10876757e-04 
 1.14750000e-09  1.10503946e-04 
 1.14850000e-09  1.10133596e-04 
 1.14950000e-09  1.09765679e-04 
 1.15050000e-09  1.09400174e-04 
 1.15150000e-09  1.09037056e-04 
 1.15250000e-09  1.08676304e-04 
 1.15350000e-09  1.08317893e-04 
 1.15450000e-09  1.07961803e-04 
 1.15550000e-09  1.07608009e-04 
 1.15650000e-09  1.07256492e-04 
 1.15750000e-09  1.06907228e-04 
 1.15850000e-09  1.06560197e-04 
 1.15950000e-09  1.06215377e-04 
 1.16050000e-09  1.05872749e-04 
 1.16150000e-09  1.05532291e-04 
 1.16250000e-09  1.05193983e-04 
 1.16350000e-09  1.04857804e-04 
 1.16450000e-09  1.04523737e-04 
 1.16550000e-09  1.04191759e-04 
 1.16650000e-09  1.03861853e-04 
 1.16750000e-09  1.03533999e-04 
 1.16850000e-09  1.03208178e-04 
 1.16950000e-09  1.02884372e-04 
 1.17050000e-09  1.02562562e-04 
 1.17150000e-09  1.02242730e-04 
 1.17250000e-09  1.01924859e-04 
 1.17350000e-09  1.01608929e-04 
 1.17450000e-09  1.01294925e-04 
 1.17550000e-09  1.00982828e-04 
 1.17650000e-09  1.00672622e-04 
 1.17750000e-09  1.00364289e-04 
 1.17850000e-09  1.00057813e-04 
 1.17950000e-09  9.97531763e-05 
 1.18050000e-09  9.94503646e-05 
 1.18150000e-09  9.91493598e-05 
 1.18250000e-09  9.88501476e-05 
 1.18350000e-09  9.85527106e-05 
 1.18450000e-09  9.82570348e-05 
 1.18550000e-09  9.79631034e-05 
 1.18650000e-09  9.76709025e-05 
 1.18750000e-09  9.73804158e-05 
 1.18850000e-09  9.70916296e-05 
 1.18950000e-09  9.68045279e-05 
 1.19050000e-09  9.65190976e-05 
 1.19150000e-09  9.62353227e-05 
 1.19250000e-09  9.59531905e-05 
 1.19350000e-09  9.56726855e-05 
 1.19450000e-09  9.53937951e-05 
 1.19550000e-09  9.51165044e-05 
 1.19650000e-09  9.48408010e-05 
 1.19750000e-09  9.45666704e-05 
 1.19850000e-09  9.42941003e-05 
 1.19950000e-09  9.40230765e-05 
 1.20000000e-09  9.38881408e-05 
 1.20010000e-09  2.20191647e-04 
 1.20030000e-09  4.51693786e-04 
 1.20070000e-09  8.64496014e-04 
 1.20150000e-09  1.54716513e-03 
 1.20250000e-09  2.16390085e-03 
 1.20350000e-09  2.58391039e-03 
 1.20450000e-09  2.85083992e-03 
 1.20550000e-09  3.01056993e-03 
 1.20650000e-09  3.08641154e-03 
 1.20750000e-09  3.10722067e-03 
 1.20850000e-09  3.08407415e-03 
 1.20950000e-09  3.03531475e-03 
 1.21050000e-09  2.96481660e-03 
 1.21150000e-09  2.88451815e-03 
 1.21250000e-09  2.79397320e-03 
 1.21350000e-09  2.70134400e-03 
 1.21450000e-09  2.60457761e-03 
 1.21550000e-09  2.51007353e-03 
 1.21650000e-09  2.41548948e-03 
 1.21750000e-09  2.32689613e-03 
 1.21850000e-09  2.24268136e-03 
 1.21950000e-09  2.16956044e-03 
 1.22050000e-09  2.10706493e-03 
 1.22150000e-09  2.06254050e-03 
 1.22250000e-09  2.03643686e-03 
 1.22350000e-09  2.03579332e-03 
 1.22450000e-09  2.06005620e-03 
 1.22550000e-09  2.11434824e-03 
 1.22650000e-09  2.19690842e-03 
 1.22750000e-09  2.31223066e-03 
 1.22850000e-09  2.45912809e-03 
 1.22950000e-09  2.64308398e-03 
 1.23050000e-09  2.86367111e-03 
 1.23150000e-09  3.12541211e-03 
 1.23250000e-09  3.42516734e-03 
 1.23350000e-09  3.76203478e-03 
 1.23450000e-09  4.12542703e-03 
 1.23550000e-09  4.50581874e-03 
 1.23650000e-09  4.88806193e-03 
 1.23750000e-09  5.26411703e-03 
 1.23850000e-09  5.62393012e-03 
 1.23950000e-09  5.96718046e-03 
 1.24050000e-09  6.29469300e-03 
 1.24150000e-09  6.61829905e-03 
 1.24250000e-09  6.95113537e-03 
 1.24350000e-09  7.31594821e-03 
 1.24450000e-09  7.73349837e-03 
 1.24550000e-09  8.22908178e-03 
 1.24650000e-09  8.81962459e-03 
 1.24750000e-09  9.51987447e-03 
 1.24850000e-09  1.03306329e-02 
 1.24950000e-09  1.12472879e-02 
 1.25000000e-09  1.17396459e-02 
 1.25010000e-09  1.18979646e-02 
 1.25030000e-09  1.21848490e-02 
 1.25070000e-09  1.27360720e-02 
 1.25150000e-09  1.37562226e-02 
 1.25250000e-09  1.49214637e-02 
 1.25350000e-09  1.60065755e-02 
 1.25450000e-09  1.70389324e-02 
 1.25550000e-09  1.80322727e-02 
 1.25650000e-09  1.89901354e-02 
 1.25750000e-09  1.99136702e-02 
 1.25850000e-09  2.07991236e-02 
 1.25950000e-09  2.16454947e-02 
 1.26050000e-09  2.24484191e-02 
 1.26150000e-09  2.32082753e-02 
 1.26250000e-09  2.39219509e-02 
 1.26350000e-09  2.45919528e-02 
 1.26450000e-09  2.52165162e-02 
 1.26550000e-09  2.58002144e-02 
 1.26650000e-09  2.63421584e-02 
 1.26750000e-09  2.68469472e-02 
 1.26850000e-09  2.73144832e-02 
 1.26950000e-09  2.77502389e-02 
 1.27050000e-09  2.81543093e-02 
 1.27150000e-09  2.85320873e-02 
 1.27250000e-09  2.88834394e-02 
 1.27350000e-09  2.92135584e-02 
 1.27450000e-09  2.95219892e-02 
 1.27550000e-09  2.98135594e-02 
 1.27650000e-09  3.00872876e-02 
 1.27750000e-09  3.03497380e-02 
 1.27850000e-09  3.06009077e-02 
 1.27950000e-09  3.08403122e-02 
 1.28050000e-09  3.10681617e-02 
 1.28150000e-09  3.12888971e-02 
 1.28250000e-09  3.15013922e-02 
 1.28350000e-09  3.17093331e-02 
 1.28450000e-09  3.19112236e-02 
 1.28550000e-09  3.21103893e-02 
 1.28650000e-09  3.23051637e-02 
 1.28750000e-09  3.24986197e-02 
 1.28850000e-09  3.26889951e-02 
 1.28950000e-09  3.28791589e-02 
 1.29050000e-09  3.30672941e-02 
 1.29150000e-09  3.32560966e-02 
 1.29250000e-09  3.34437223e-02 
 1.29350000e-09  3.36327171e-02 
 1.29450000e-09  3.38212307e-02 
 1.29550000e-09  3.40116767e-02 
 1.29650000e-09  3.42022144e-02 
 1.29750000e-09  3.43951400e-02 
 1.29850000e-09  3.45886346e-02 
 1.29950000e-09  3.47848888e-02 
 1.30050000e-09  3.49821149e-02 
 1.30150000e-09  3.51824081e-02 
 1.30250000e-09  3.53840185e-02 
 1.30350000e-09  3.55889542e-02 
 1.30450000e-09  3.57955083e-02 
 1.30550000e-09  3.60056090e-02 
 1.30650000e-09  3.62175957e-02 
 1.30750000e-09  3.64333224e-02 
 1.30850000e-09  3.66511775e-02 
 1.30950000e-09  3.68729459e-02 
 1.31050000e-09  3.70970664e-02 
 1.31150000e-09  3.73252593e-02 
 1.31250000e-09  3.75560144e-02 
 1.31350000e-09  3.77909912e-02 
 1.31450000e-09  3.80287310e-02 
 1.31550000e-09  3.82708357e-02 
 1.31650000e-09  3.85158979e-02 
 1.31750000e-09  3.87654652e-02 
 1.31850000e-09  3.90181811e-02 
 1.31950000e-09  3.92755414e-02 
 1.32050000e-09  3.95362398e-02 
 1.32150000e-09  3.98017231e-02 
 1.32250000e-09  4.00707343e-02 
 1.32350000e-09  4.03446737e-02 
 1.32450000e-09  4.06223330e-02 
 1.32550000e-09  4.09050678e-02 
 1.32650000e-09  4.11917176e-02 
 1.32750000e-09  4.14835960e-02 
 1.32850000e-09  4.17795894e-02 
 1.32950000e-09  4.20809716e-02 
 1.33050000e-09  4.23866751e-02 
 1.33150000e-09  4.26979363e-02 
 1.33250000e-09  4.30137331e-02 
 1.33350000e-09  4.33352669e-02 
 1.33450000e-09  4.36615612e-02 
 1.33550000e-09  4.39937850e-02 
 1.33650000e-09  4.43310069e-02 
 1.33750000e-09  4.46743669e-02 
 1.33850000e-09  4.50229793e-02 
 1.33950000e-09  4.53779581e-02 
 1.34050000e-09  4.57384642e-02 
 1.34150000e-09  4.61055893e-02 
 1.34250000e-09  4.64785416e-02 
 1.34350000e-09  4.68583933e-02 
 1.34450000e-09  4.72443994e-02 
 1.34550000e-09  4.76376128e-02 
 1.34650000e-09  4.80373296e-02 
 1.34750000e-09  4.84445741e-02 
 1.34850000e-09  4.88586630e-02 
 1.34950000e-09  4.92805596e-02 
 1.35050000e-09  4.97095439e-02 
 1.35150000e-09  5.01464317e-02 
 1.35250000e-09  5.05903347e-02 
 1.35350000e-09  5.10417376e-02 
 1.35450000e-09  5.14993400e-02 
 1.35550000e-09  5.19630080e-02 
 1.35650000e-09  5.24307328e-02 
 1.35750000e-09  5.29015286e-02 
 1.35850000e-09  5.33725897e-02 
 1.35950000e-09  5.38422061e-02 
 1.36050000e-09  5.43071268e-02 
 1.36150000e-09  5.47654413e-02 
 1.36250000e-09  5.52140442e-02 
 1.36350000e-09  5.56513794e-02 
 1.36450000e-09  5.60749290e-02 
 1.36550000e-09  5.64837924e-02 
 1.36650000e-09  5.68762006e-02 
 1.36750000e-09  5.72519569e-02 
 1.36850000e-09  5.76100043e-02 
 1.36950000e-09  5.79507584e-02 
 1.37050000e-09  5.82737461e-02 
 1.37150000e-09  5.85798509e-02 
 1.37250000e-09  5.88690319e-02 
 1.37350000e-09  5.91424921e-02 
 1.37450000e-09  5.94004811e-02 
 1.37550000e-09  5.96443934e-02 
 1.37650000e-09  5.98746545e-02 
 1.37750000e-09  6.00927530e-02 
 1.37850000e-09  6.02992083e-02 
 1.37950000e-09  6.04955383e-02 
 1.38050000e-09  6.06823051e-02 
 1.38150000e-09  6.08610192e-02 
 1.38250000e-09  6.10322590e-02 
 1.38350000e-09  6.11975126e-02 
 1.38450000e-09  6.13573663e-02 
 1.38550000e-09  6.15132849e-02 
 1.38650000e-09  6.16658655e-02 
 1.38750000e-09  6.18165570e-02 
 1.38850000e-09  6.19659765e-02 
 1.38950000e-09  6.21155691e-02 
 1.39050000e-09  6.22659836e-02 
 1.39150000e-09  6.24186749e-02 
 1.39250000e-09  6.25743364e-02 
 1.39350000e-09  6.27344460e-02 
 1.39450000e-09  6.28997532e-02 
 1.39550000e-09  6.30717710e-02 
 1.39650000e-09  6.32513141e-02 
 1.39750000e-09  6.34399389e-02 
 1.39850000e-09  6.36385303e-02 
 1.39950000e-09  6.38486909e-02 
 1.40050000e-09  6.40713742e-02 
 1.40150000e-09  6.43082241e-02 
 1.40250000e-09  6.45602526e-02 
 1.40350000e-09  6.48291304e-02 
 1.40450000e-09  6.51159064e-02 
 1.40550000e-09  6.54222512e-02 
 1.40650000e-09  6.57492165e-02 
 1.40750000e-09  6.60984311e-02 
 1.40850000e-09  6.64708989e-02 
 1.40950000e-09  6.68681487e-02 
 1.41050000e-09  6.72910672e-02 
 1.41150000e-09  6.77410042e-02 
 1.41250000e-09  6.82186373e-02 
 1.41350000e-09  6.87250321e-02 
 1.41450000e-09  6.92605369e-02 
 1.41550000e-09  6.98257961e-02 
 1.41650000e-09  7.04206719e-02 
 1.41750000e-09  7.10452107e-02 
 1.41850000e-09  7.16985890e-02 
 1.41950000e-09  7.23800338e-02 
 1.42050000e-09  7.30877927e-02 
 1.42150000e-09  7.38200124e-02 
 1.42250000e-09  7.45737381e-02 
 1.42350000e-09  7.53457626e-02 
 1.42450000e-09  7.61316673e-02 
 1.42550000e-09  7.69266623e-02 
 1.42650000e-09  7.77246918e-02 
 1.42750000e-09  7.85192878e-02 
 1.42850000e-09  7.93027646e-02 
 1.42950000e-09  8.00671070e-02 
 1.43050000e-09  8.08032633e-02 
 1.43150000e-09  8.15020744e-02 
 1.43250000e-09  8.21536592e-02 
 1.43350000e-09  8.27483696e-02 
 1.43450000e-09  8.32762435e-02 
 1.43550000e-09  8.37279536e-02 
 1.43650000e-09  8.40942898e-02 
 1.43750000e-09  8.43670620e-02 
 1.43850000e-09  8.45385738e-02 
 1.43950000e-09  8.46024491e-02 
 1.44050000e-09  8.45530716e-02 
 1.44150000e-09  8.43863217e-02 
 1.44250000e-09  8.40989766e-02 
 1.44350000e-09  8.36893624e-02 
 1.44450000e-09  8.31567224e-02 
 1.44550000e-09  8.25017987e-02 
 1.44650000e-09  8.17261830e-02 
 1.44750000e-09  8.08328435e-02 
 1.44850000e-09  7.98254708e-02 
 1.44950000e-09  7.87089642e-02 
 1.45000000e-09  7.81112428e-02 
 1.45010000e-09  7.79881141e-02 
 1.45030000e-09  7.77399391e-02 
 1.45070000e-09  7.72318346e-02 
 1.45150000e-09  7.61702074e-02 
 1.45250000e-09  7.47625606e-02 
 1.45350000e-09  7.32721604e-02 
 1.45450000e-09  7.17089634e-02 
 1.45550000e-09  7.00792489e-02 
 1.45650000e-09  6.83912966e-02 
 1.45750000e-09  6.66538063e-02 
 1.45850000e-09  6.48757181e-02 
 1.45950000e-09  6.30657731e-02 
 1.46050000e-09  6.12327570e-02 
 1.46150000e-09  5.93851202e-02 
 1.46250000e-09  5.75311839e-02 
 1.46350000e-09  5.56788096e-02 
 1.46450000e-09  5.38355942e-02 
 1.46550000e-09  5.20085794e-02 
 1.46650000e-09  5.02044310e-02 
 1.46750000e-09  4.84291888e-02 
 1.46850000e-09  4.66884411e-02 
 1.46950000e-09  4.49871079e-02 
 1.47050000e-09  4.33296141e-02 
 1.47150000e-09  4.17197012e-02 
 1.47250000e-09  4.01606023e-02 
 1.47350000e-09  3.86548779e-02 
 1.47450000e-09  3.72045937e-02 
 1.47550000e-09  3.58111779e-02 
 1.47650000e-09  3.44756037e-02 
 1.47750000e-09  3.31982636e-02 
 1.47850000e-09  3.19791576e-02 
 1.47950000e-09  3.08177668e-02 
 1.48050000e-09  2.97132772e-02 
 1.48150000e-09  2.86644769e-02 
 1.48250000e-09  2.76699203e-02 
 1.48350000e-09  2.67278482e-02 
 1.48450000e-09  2.58363768e-02 
 1.48550000e-09  2.49934036e-02 
 1.48650000e-09  2.41967894e-02 
 1.48750000e-09  2.34442607e-02 
 1.48850000e-09  2.27335823e-02 
 1.48950000e-09  2.20624533e-02 
 1.49050000e-09  2.14286694e-02 
 1.49150000e-09  2.08300122e-02 
 1.49250000e-09  2.02644005e-02 
 1.49350000e-09  1.97297737e-02 
 1.49450000e-09  1.92242322e-02 
 1.49550000e-09  1.87459146e-02 
 1.49650000e-09  1.82931292e-02 
 1.49750000e-09  1.78642245e-02 
 1.49850000e-09  1.74577124e-02 
 1.49950000e-09  1.70721342e-02 
 1.50000000e-09  1.68868195e-02 
 1.50010000e-09  1.68503791e-02 
 1.50030000e-09  1.67779737e-02 
 1.50070000e-09  1.66353610e-02 
 1.50150000e-09  1.63588054e-02 
 1.50250000e-09  1.60283012e-02 
 1.50350000e-09  1.57137406e-02 
 1.50450000e-09  1.54139567e-02 
 1.50550000e-09  1.51279665e-02 
 1.50650000e-09  1.48546794e-02 
 1.50750000e-09  1.45931838e-02 
 1.50850000e-09  1.43424746e-02 
 1.50950000e-09  1.41017249e-02 
 1.51050000e-09  1.38700322e-02 
 1.51150000e-09  1.36466717e-02 
 1.51250000e-09  1.34308568e-02 
 1.51350000e-09  1.32219733e-02 
 1.51450000e-09  1.30193529e-02 
 1.51550000e-09  1.28224904e-02 
 1.51650000e-09  1.26308294e-02 
 1.51750000e-09  1.24439645e-02 
 1.51850000e-09  1.22614387e-02 
 1.51950000e-09  1.20829335e-02 
 1.52050000e-09  1.19080772e-02 
 1.52150000e-09  1.17366244e-02 
 1.52250000e-09  1.15682747e-02 
 1.52350000e-09  1.14028425e-02 
 1.52450000e-09  1.12400861e-02 
 1.52550000e-09  1.10798684e-02 
 1.52650000e-09  1.09219961e-02 
 1.52750000e-09  1.07663699e-02 
 1.52850000e-09  1.06128340e-02 
 1.52950000e-09  1.04613212e-02 
 1.53050000e-09  1.03117072e-02 
 1.53150000e-09  1.01639485e-02 
 1.53250000e-09  1.00179451e-02 
 1.53350000e-09  9.87367114e-03 
 1.53450000e-09  9.73104722e-03 
 1.53550000e-09  9.59006204e-03 
 1.53650000e-09  9.45065107e-03 
 1.53750000e-09  9.31281359e-03 
 1.53850000e-09  9.17649703e-03 
 1.53950000e-09  9.04170831e-03 
 1.54050000e-09  8.90840404e-03 
 1.54150000e-09  8.77659648e-03 
 1.54250000e-09  8.64624916e-03 
 1.54350000e-09  8.51737780e-03 
 1.54450000e-09  8.38995103e-03 
 1.54550000e-09  8.26398658e-03 
 1.54650000e-09  8.13945679e-03 
 1.54750000e-09  8.01638021e-03 
 1.54850000e-09  7.89473175e-03 
 1.54950000e-09  7.77452997e-03 
 1.55000000e-09  7.71495861e-03 
 1.55010000e-09  7.70309654e-03 
 1.55030000e-09  7.67940005e-03 
 1.55070000e-09  7.63217552e-03 
 1.55150000e-09  7.53841658e-03 
 1.55250000e-09  7.42250181e-03 
 1.55350000e-09  7.30801493e-03 
 1.55450000e-09  7.19494953e-03 
 1.55550000e-09  7.08330588e-03 
 1.55650000e-09  6.97307713e-03 
 1.55750000e-09  6.86426257e-03 
 1.55850000e-09  6.75685469e-03 
 1.55950000e-09  6.65085165e-03 
 1.56050000e-09  6.54624520e-03 
 1.56150000e-09  6.44303231e-03 
 1.56250000e-09  6.34120394e-03 
 1.56350000e-09  6.24075586e-03 
 1.56450000e-09  6.14167809e-03 
 1.56550000e-09  6.04396528e-03 
 1.56650000e-09  5.94760677e-03 
 1.56750000e-09  5.85259605e-03 
 1.56850000e-09  5.75892165e-03 
 1.56950000e-09  5.66657609e-03 
 1.57050000e-09  5.57554723e-03 
 1.57150000e-09  5.48582666e-03 
 1.57250000e-09  5.39740162e-03 
 1.57350000e-09  5.31026288e-03 
 1.57450000e-09  5.22439714e-03 
 1.57550000e-09  5.13979447e-03 
 1.57650000e-09  5.05644114e-03 
 1.57750000e-09  4.97432657e-03 
 1.57850000e-09  4.89343664e-03 
 1.57950000e-09  4.81376030e-03 
 1.58050000e-09  4.73528313e-03 
 1.58150000e-09  4.65799365e-03 
 1.58250000e-09  4.58187723e-03 
 1.58350000e-09  4.50692202e-03 
 1.58450000e-09  4.43311327e-03 
 1.58550000e-09  4.36043886e-03 
 1.58650000e-09  4.28888395e-03 
 1.58750000e-09  4.21843623e-03 
 1.58850000e-09  4.14908083e-03 
 1.58950000e-09  4.08080530e-03 
 1.59050000e-09  4.01359481e-03 
 1.59150000e-09  3.94743682e-03 
 1.59250000e-09  3.88231659e-03 
 1.59350000e-09  3.81822154e-03 
 1.59450000e-09  3.75513704e-03 
 1.59550000e-09  3.69305054e-03 
 1.59650000e-09  3.63194755e-03 
 1.59750000e-09  3.57181558e-03 
 1.59850000e-09  3.51264030e-03 
 1.59950000e-09  3.45440933e-03 
 1.60050000e-09  3.39710854e-03 
 1.60150000e-09  3.34072567e-03 
 1.60250000e-09  3.28524682e-03 
 1.60350000e-09  3.23065985e-03 
 1.60450000e-09  3.17695113e-03 
 1.60550000e-09  3.12410868e-03 
 1.60650000e-09  3.07211912e-03 
 1.60750000e-09  3.02097067e-03 
 1.60850000e-09  2.97065020e-03 
 1.60950000e-09  2.92114615e-03 
 1.61050000e-09  2.87244565e-03 
 1.61150000e-09  2.82453736e-03 
 1.61250000e-09  2.77740871e-03 
 1.61350000e-09  2.73104857e-03 
 1.61450000e-09  2.68544466e-03 
 1.61550000e-09  2.64058608e-03 
 1.61650000e-09  2.59646085e-03 
 1.61750000e-09  2.55305831e-03 
 1.61850000e-09  2.51036677e-03 
 1.61950000e-09  2.46837582e-03 
 1.62050000e-09  2.42707405e-03 
 1.62150000e-09  2.38645131e-03 
 1.62250000e-09  2.34649649e-03 
 1.62350000e-09  2.30719967e-03 
 1.62450000e-09  2.26855006e-03 
 1.62550000e-09  2.23053797e-03 
 1.62650000e-09  2.19315289e-03 
 1.62750000e-09  2.15638540e-03 
 1.62850000e-09  2.12022528e-03 
 1.62950000e-09  2.08466335e-03 
 1.63050000e-09  2.04968967e-03 
 1.63150000e-09  2.01529531e-03 
 1.63250000e-09  1.98147062e-03 
 1.63350000e-09  1.94820690e-03 
 1.63450000e-09  1.91549478e-03 
 1.63550000e-09  1.88332581e-03 
 1.63650000e-09  1.85169089e-03 
 1.63750000e-09  1.82058179e-03 
 1.63850000e-09  1.78998969e-03 
 1.63950000e-09  1.75990661e-03 
 1.64050000e-09  1.73032396e-03 
 1.64150000e-09  1.70123400e-03 
 1.64250000e-09  1.67262841e-03 
 1.64350000e-09  1.64449966e-03 
 1.64450000e-09  1.61683969e-03 
 1.64550000e-09  1.58964118e-03 
 1.64650000e-09  1.56289633e-03 
 1.64750000e-09  1.53659803e-03 
 1.64850000e-09  1.51073870e-03 
 1.64950000e-09  1.48531147e-03 
 1.65050000e-09  1.46030898e-03 
 1.65150000e-09  1.43572456e-03 
 1.65250000e-09  1.41155110e-03 
 1.65350000e-09  1.38778211e-03 
 1.65450000e-09  1.36441071e-03 
 1.65550000e-09  1.34143060e-03 
 1.65650000e-09  1.31883512e-03 
 1.65750000e-09  1.29661817e-03 
 1.65850000e-09  1.27477330e-03 
 1.65950000e-09  1.25329458e-03 
 1.66050000e-09  1.23217577e-03 
 1.66150000e-09  1.21141114e-03 
 1.66250000e-09  1.19099463e-03 
 1.66350000e-09  1.17092070e-03 
 1.66450000e-09  1.15118347e-03 
 1.66550000e-09  1.13177757e-03 
 1.66650000e-09  1.11269732e-03 
 1.66750000e-09  1.09393752e-03 
 1.66850000e-09  1.07549267e-03 
 1.66950000e-09  1.05735772e-03 
 1.67050000e-09  1.03952737e-03 
 1.67150000e-09  1.02199671e-03 
 1.67250000e-09  1.00476060e-03 
 1.67350000e-09  9.87814321e-04 
 1.67450000e-09  9.71152879e-04 
 1.67550000e-09  9.54771697e-04 
 1.67650000e-09  9.38665955e-04 
 1.67750000e-09  9.22831217e-04 
 1.67850000e-09  9.07262821e-04 
 1.67950000e-09  8.91956471e-04 
 1.68050000e-09  8.76907657e-04 
 1.68150000e-09  8.62112221e-04 
 1.68250000e-09  8.47565799e-04 
 1.68350000e-09  8.33264367e-04 
 1.68450000e-09  8.19203703e-04 
 1.68550000e-09  8.05379913e-04 
 1.68650000e-09  7.91788913e-04 
 1.68750000e-09  7.78426933e-04 
 1.68850000e-09  7.65290024e-04 
 1.68950000e-09  7.52374538e-04 
 1.69050000e-09  7.39676653e-04 
 1.69150000e-09  7.27192842e-04 
 1.69250000e-09  7.14919408e-04 
 1.69350000e-09  7.02852937e-04 
 1.69450000e-09  6.90989854e-04 
 1.69550000e-09  6.79326855e-04 
 1.69650000e-09  6.67860484e-04 
 1.69750000e-09  6.56587545e-04 
 1.69850000e-09  6.45504694e-04 
 1.69950000e-09  6.34608839e-04 
 1.70000000e-09  6.29230099e-04 
 1.70010000e-09  7.24395113e-04 
 1.70030000e-09  8.74379030e-04 
 1.70070000e-09  1.14229845e-03 
 1.70150000e-09  1.62615119e-03 
 1.70250000e-09  2.15681524e-03 
 1.70350000e-09  2.55287158e-03 
 1.70450000e-09  2.84124166e-03 
 1.70550000e-09  3.05560791e-03 
 1.70650000e-09  3.20852353e-03 
 1.70750000e-09  3.32148001e-03 
 1.70850000e-09  3.39854144e-03 
 1.70950000e-09  3.45430706e-03 
 1.71050000e-09  3.48850025e-03 
 1.71150000e-09  3.51130923e-03 
 1.71250000e-09  3.52020728e-03 
 1.71350000e-09  3.52340158e-03 
 1.71450000e-09  3.51756750e-03 
 1.71550000e-09  3.50973104e-03 
 1.71650000e-09  3.49436484e-03 
 1.71750000e-09  3.47628811e-03 
 1.71850000e-09  3.45844101e-03 
 1.71950000e-09  3.44721671e-03 
 1.72050000e-09  3.44119831e-03 
 1.72150000e-09  3.44640131e-03 
 1.72250000e-09  3.46112895e-03 
 1.72350000e-09  3.48981003e-03 
 1.72450000e-09  3.52918985e-03 
 1.72550000e-09  3.58123694e-03 
 1.72650000e-09  3.63695221e-03 
 1.72750000e-09  3.68700781e-03 
 1.72850000e-09  3.73826857e-03 
 1.72950000e-09  3.78949251e-03 
 1.73050000e-09  3.83681018e-03 
 1.73150000e-09  3.88035696e-03 
 1.73250000e-09  3.91856228e-03 
 1.73350000e-09  3.95421995e-03 
 1.73450000e-09  3.98868038e-03 
 1.73550000e-09  4.02719008e-03 
 1.73650000e-09  4.07340239e-03 
 1.73750000e-09  4.13420665e-03 
 1.73850000e-09  4.21475815e-03 
 1.73950000e-09  4.32270290e-03 
 1.74050000e-09  4.46390244e-03 
 1.74150000e-09  4.64676684e-03 
 1.74250000e-09  4.87817414e-03 
 1.74350000e-09  5.16863507e-03 
 1.74450000e-09  5.53017618e-03 
 1.74550000e-09  5.97890143e-03 
 1.74650000e-09  6.52954059e-03 
 1.74750000e-09  7.19123382e-03 
 1.74850000e-09  7.96378968e-03 
 1.74950000e-09  8.84649707e-03 
 1.75000000e-09  9.33270309e-03 
 1.75010000e-09  9.46133867e-03 
 1.75030000e-09  9.71316040e-03 
 1.75070000e-09  1.02123647e-02 
 1.75150000e-09  1.12120070e-02 
 1.75250000e-09  1.25441325e-02 
 1.75350000e-09  1.40225215e-02 
 1.75450000e-09  1.56444480e-02 
 1.75550000e-09  1.73745357e-02 
 1.75650000e-09  1.91099219e-02 
 1.75750000e-09  2.07163692e-02 
 1.75850000e-09  2.20455196e-02 
 1.75950000e-09  2.29652556e-02 
 1.76050000e-09  2.33735887e-02 
 1.76150000e-09  2.32226254e-02 
 1.76250000e-09  2.25133710e-02 
 1.76350000e-09  2.12929737e-02 
 1.76450000e-09  1.96894751e-02 
 1.76550000e-09  1.77919702e-02 
 1.76650000e-09  1.56015311e-02 
 1.76750000e-09  1.31856771e-02 
 1.76850000e-09  1.06093195e-02 
 1.76950000e-09  7.92636988e-03 
 1.77050000e-09  5.18602890e-03 
 1.77150000e-09  2.42892383e-03 
 1.77250000e-09 -3.41938489e-04 
 1.77350000e-09 -3.32735833e-03 
 1.77450000e-09 -6.16033627e-03 
 1.77550000e-09 -8.81507865e-03 
 1.77650000e-09 -1.13290637e-02 
 1.77750000e-09 -1.36858233e-02 
 1.77850000e-09 -1.59147292e-02 
 1.77950000e-09 -1.80118533e-02 
 1.78050000e-09 -2.00078202e-02 
 1.78150000e-09 -2.18949843e-02 
 1.78250000e-09 -2.36983891e-02 
 1.78350000e-09 -2.54139303e-02 
 1.78450000e-09 -2.70623964e-02 
 1.78550000e-09 -2.86402540e-02 
 1.78650000e-09 -3.01637553e-02 
 1.78750000e-09 -3.16291001e-02 
 1.78850000e-09 -3.30484931e-02 
 1.78950000e-09 -3.44181113e-02 
 1.79050000e-09 -3.57481325e-02 
 1.79150000e-09 -3.70374331e-02 
 1.79250000e-09 -3.82986938e-02 
 1.79350000e-09 -3.95376338e-02 
 1.79450000e-09 -4.07739855e-02 
 1.79550000e-09 -4.20231384e-02 
 1.79650000e-09 -4.33064958e-02 
 1.79750000e-09 -4.46321415e-02 
 1.79850000e-09 -4.60009260e-02 
 1.79950000e-09 -4.73909730e-02 
 1.80050000e-09 -4.87412550e-02 
 1.80150000e-09 -4.99721384e-02 
 1.80250000e-09 -5.09633559e-02 
 1.80350000e-09 -5.16054023e-02 
 1.80450000e-09 -5.18086403e-02 
 1.80550000e-09 -5.15339828e-02 
 1.80650000e-09 -5.07663728e-02 
 1.80750000e-09 -4.95330597e-02 
 1.80850000e-09 -4.78689308e-02 
 1.80950000e-09 -4.58342829e-02 
 1.81050000e-09 -4.34905296e-02 
 1.81150000e-09 -4.09189012e-02 
 1.81250000e-09 -3.81874581e-02 
 1.81350000e-09 -3.53704267e-02 
 1.81450000e-09 -3.25219319e-02 
 1.81550000e-09 -2.96944236e-02 
 1.81650000e-09 -2.69329781e-02 
 1.81750000e-09 -2.42773662e-02 
 1.81850000e-09 -2.17475765e-02 
 1.81950000e-09 -1.93682277e-02 
 1.82050000e-09 -1.71457790e-02 
 1.82150000e-09 -1.50926333e-02 
 1.82250000e-09 -1.32050868e-02 
 1.82350000e-09 -1.14868516e-02 
 1.82450000e-09 -9.92759659e-03 
 1.82550000e-09 -8.52563974e-03 
 1.82650000e-09 -7.26702388e-03 
 1.82750000e-09 -6.14729895e-03 
 1.82850000e-09 -5.15112919e-03 
 1.82950000e-09 -4.27313380e-03 
 1.83050000e-09 -3.49807894e-03 
 1.83150000e-09 -2.82079742e-03 
 1.83250000e-09 -2.22701939e-03 
 1.83350000e-09 -1.71240821e-03 
 1.83450000e-09 -1.26407502e-03 
 1.83550000e-09 -8.78770186e-04 
 1.83650000e-09 -5.45112290e-04 
 1.83750000e-09 -2.60971458e-04 
 1.83850000e-09 -1.64271818e-05 
 1.83950000e-09  1.77613014e-04 
 1.84050000e-09  3.44137828e-04 
 1.84150000e-09  4.85192010e-04 
 1.84250000e-09  6.05905809e-04 
 1.84350000e-09  7.06394576e-04 
 1.84450000e-09  7.91410004e-04 
 1.84550000e-09  8.60550439e-04 
 1.84650000e-09  9.18170112e-04 
 1.84750000e-09  9.63431894e-04 
 1.84850000e-09  1.00031176e-03 
 1.84950000e-09  1.02762619e-03 
 1.85050000e-09  1.04900811e-03 
 1.85150000e-09  1.06301184e-03 
 1.85250000e-09  1.07296685e-03 
 1.85350000e-09  1.07723926e-03 
 1.85450000e-09  1.07889315e-03 
 1.85550000e-09  1.07616840e-03 
 1.85650000e-09  1.07189774e-03 
 1.85750000e-09  1.06424499e-03 
 1.85850000e-09  1.05584072e-03 
 1.85950000e-09  1.04481237e-03 
 1.86050000e-09  1.03361269e-03 
 1.86150000e-09  1.02036346e-03 
 1.86250000e-09  1.00735972e-03 
 1.86350000e-09  9.92740851e-04 
 1.86450000e-09  9.78660663e-04 
 1.86550000e-09  9.63293391e-04 
 1.86650000e-09  9.48665160e-04 
 1.86750000e-09  9.32997521e-04 
 1.86850000e-09  9.18200092e-04 
 1.86950000e-09  9.02550458e-04 
 1.87050000e-09  8.87851045e-04 
 1.87150000e-09  8.72441287e-04 
 1.87250000e-09  8.58024268e-04 
 1.87350000e-09  8.43004866e-04 
 1.87450000e-09  8.28993540e-04 
 1.87550000e-09  8.14462510e-04 
 1.87650000e-09  8.00935452e-04 
 1.87750000e-09  7.86952549e-04 
 1.87850000e-09  7.73955853e-04 
 1.87950000e-09  7.60553189e-04 
 1.88050000e-09  7.48109599e-04 
 1.88150000e-09  7.35299539e-04 
 1.88250000e-09  7.23415231e-04 
 1.88350000e-09  7.11196248e-04 
 1.88450000e-09  6.99865845e-04 
 1.88550000e-09  6.88226841e-04 
 1.88650000e-09  6.77437096e-04 
 1.88750000e-09  6.66360576e-04 
 1.88850000e-09  6.56093076e-04 
 1.88950000e-09  6.45557452e-04 
 1.89050000e-09  6.35790577e-04 
 1.89150000e-09  6.25771851e-04 
 1.89250000e-09  6.16482187e-04 
 1.89350000e-09  6.06955147e-04 
 1.89450000e-09  5.98118493e-04 
 1.89550000e-09  5.89057565e-04 
 1.89650000e-09  5.80649641e-04 
 1.89750000e-09  5.72029478e-04 
 1.89850000e-09  5.64026412e-04 
 1.89950000e-09  5.55822299e-04 
 1.90050000e-09  5.48200952e-04 
 1.90150000e-09  5.40389067e-04 
 1.90250000e-09  5.33128020e-04 
 1.90350000e-09  5.25690590e-04 
 1.90450000e-09  5.18767850e-04 
 1.90550000e-09  5.11675835e-04 
 1.90650000e-09  5.05069883e-04 
 1.90750000e-09  4.98304067e-04 
 1.90850000e-09  4.91996945e-04 
 1.90950000e-09  4.85538741e-04 
 1.91050000e-09  4.79513210e-04 
 1.91150000e-09  4.73344889e-04 
 1.91250000e-09  4.67584581e-04 
 1.91350000e-09  4.61689371e-04 
 1.91450000e-09  4.56178860e-04 
 1.91550000e-09  4.50540979e-04 
 1.91650000e-09  4.45265785e-04 
 1.91750000e-09  4.39870430e-04 
 1.91850000e-09  4.34817002e-04 
 1.91950000e-09  4.29650318e-04 
 1.92050000e-09  4.24805992e-04 
 1.92150000e-09  4.19855025e-04 
 1.92250000e-09  4.15207978e-04 
 1.92350000e-09  4.10460625e-04 
 1.92450000e-09  4.05999825e-04 
 1.92550000e-09  4.01444780e-04 
 1.92650000e-09  3.97159930e-04 
 1.92750000e-09  3.92786631e-04 
 1.92850000e-09  3.88668123e-04 
 1.92950000e-09  3.84466701e-04 
 1.93050000e-09  3.80505565e-04 
 1.93150000e-09  3.76466795e-04 
 1.93250000e-09  3.72654654e-04 
 1.93350000e-09  3.68769910e-04 
 1.93450000e-09  3.65098935e-04 
 1.93550000e-09  3.61360146e-04 
 1.93650000e-09  3.57823018e-04 
 1.93750000e-09  3.54222629e-04 
 1.93850000e-09  3.50812502e-04 
 1.93950000e-09  3.47343435e-04 
 1.94050000e-09  3.44053898e-04 
 1.94150000e-09  3.40709522e-04 
 1.94250000e-09  3.37534569e-04 
 1.94350000e-09  3.34308663e-04 
 1.94450000e-09  3.31242666e-04 
 1.94550000e-09  3.28129392e-04 
 1.94650000e-09  3.25167069e-04 
 1.94750000e-09  3.22160946e-04 
 1.94850000e-09  3.19297341e-04 
 1.94950000e-09  3.16393216e-04 
 1.95000000e-09  3.15023257e-04 
 1.95010000e-09  3.14723544e-04 
 1.95030000e-09  3.14160235e-04 
 1.95070000e-09  3.13047212e-04 
 1.95150000e-09  3.10836144e-04 
 1.95250000e-09  3.08118392e-04 
 1.95350000e-09  3.05440731e-04 
 1.95450000e-09  3.02810836e-04 
 1.95550000e-09  3.00219256e-04 
 1.95650000e-09  2.97673204e-04 
 1.95750000e-09  2.95163795e-04 
 1.95850000e-09  2.92697803e-04 
 1.95950000e-09  2.90266877e-04 
 1.96050000e-09  2.87877379e-04 
 1.96150000e-09  2.85521459e-04 
 1.96250000e-09  2.83205088e-04 
 1.96350000e-09  2.80920892e-04 
 1.96450000e-09  2.78674471e-04 
 1.96550000e-09  2.76458899e-04 
 1.96650000e-09  2.74279424e-04 
 1.96750000e-09  2.72129546e-04 
 1.96850000e-09  2.70014180e-04 
 1.96950000e-09  2.67927224e-04 
 1.97050000e-09  2.65873280e-04 
 1.97150000e-09  2.63846623e-04 
 1.97250000e-09  2.61851560e-04 
 1.97350000e-09  2.59882720e-04 
 1.97450000e-09  2.57944128e-04 
 1.97550000e-09  2.56030751e-04 
 1.97650000e-09  2.54146350e-04 
 1.97750000e-09  2.52286205e-04 
 1.97850000e-09  2.50453830e-04 
 1.97950000e-09  2.48644802e-04 
 1.98050000e-09  2.46862398e-04 
 1.98150000e-09  2.45102478e-04 
 1.98250000e-09  2.43368095e-04 
 1.98350000e-09  2.41655374e-04 
 1.98450000e-09  2.39967159e-04 
 1.98550000e-09  2.38299824e-04 
 1.98650000e-09  2.36656016e-04 
 1.98750000e-09  2.35032343e-04 
 1.98850000e-09  2.33431268e-04 
 1.98950000e-09  2.31849616e-04 
 1.99050000e-09  2.30289678e-04 
 1.99150000e-09  2.28748487e-04 
 1.99250000e-09  2.27228170e-04 
 1.99350000e-09  2.25725955e-04 
 1.99450000e-09  2.24243814e-04 
 1.99550000e-09  2.22779157e-04 
 1.99650000e-09  2.21333813e-04 
 1.99750000e-09  2.19905365e-04 
 1.99850000e-09  2.18495504e-04 
 1.99950000e-09  2.17101977e-04 
 2.00000000e-09  2.16412279e-04 
