 0.00000000e+00  1.41117233e-01 
 1.00000000e-14  1.41117233e-01 
 2.00000000e-14  1.41117233e-01 
 4.00000000e-14  1.41117233e-01 
 8.00000000e-14  1.41117233e-01 
 1.60000000e-13  1.41117233e-01 
 3.20000000e-13  1.41117233e-01 
 6.40000000e-13  1.41117233e-01 
 1.28000000e-12  1.41117233e-01 
 2.28000000e-12  1.41117233e-01 
 3.28000000e-12  1.41117233e-01 
 4.28000000e-12  1.41117233e-01 
 5.28000000e-12  1.41117233e-01 
 6.28000000e-12  1.41117233e-01 
 7.28000000e-12  1.41117233e-01 
 8.28000000e-12  1.41117233e-01 
 9.28000000e-12  1.41117233e-01 
 1.02800000e-11  1.41117233e-01 
 1.12800000e-11  1.41117233e-01 
 1.22800000e-11  1.41117233e-01 
 1.32800000e-11  1.41117233e-01 
 1.42800000e-11  1.41117233e-01 
 1.52800000e-11  1.41117233e-01 
 1.62800000e-11  1.41117233e-01 
 1.72800000e-11  1.41117233e-01 
 1.82800000e-11  1.41117233e-01 
 1.92800000e-11  1.41117233e-01 
 2.02800000e-11  1.41117233e-01 
 2.12800000e-11  1.41117233e-01 
 2.22800000e-11  1.41117233e-01 
 2.32800000e-11  1.41117233e-01 
 2.42800000e-11  1.41117233e-01 
 2.52800000e-11  1.41117233e-01 
 2.62800000e-11  1.41117233e-01 
 2.72800000e-11  1.41117233e-01 
 2.82800000e-11  1.41117233e-01 
 2.92800000e-11  1.41117233e-01 
 3.02800000e-11  1.41117233e-01 
 3.12800000e-11  1.41117233e-01 
 3.22800000e-11  1.41117233e-01 
 3.32800000e-11  1.41117233e-01 
 3.42800000e-11  1.41117233e-01 
 3.52800000e-11  1.41117233e-01 
 3.62800000e-11  1.41117233e-01 
 3.72800000e-11  1.41117233e-01 
 3.82800000e-11  1.41117233e-01 
 3.92800000e-11  1.41117233e-01 
 4.02800000e-11  1.41117233e-01 
 4.12800000e-11  1.41117233e-01 
 4.22800000e-11  1.41117233e-01 
 4.32800000e-11  1.41117233e-01 
 4.42800000e-11  1.41117233e-01 
 4.52800000e-11  1.41117233e-01 
 4.62800000e-11  1.41117233e-01 
 4.72800000e-11  1.41117233e-01 
 4.82800000e-11  1.41117233e-01 
 4.92800000e-11  1.41117233e-01 
 5.00000000e-11  1.41117233e-01 
 5.01000000e-11  1.41117233e-01 
 5.03000000e-11  1.41117233e-01 
 5.07000000e-11  1.41117233e-01 
 5.15000000e-11  1.41117233e-01 
 5.25000000e-11  1.41117233e-01 
 5.35000000e-11  1.41117233e-01 
 5.45000000e-11  1.41117233e-01 
 5.55000000e-11  1.41117233e-01 
 5.65000000e-11  1.41117233e-01 
 5.75000000e-11  1.41117233e-01 
 5.85000000e-11  1.41117233e-01 
 5.95000000e-11  1.41117233e-01 
 6.05000000e-11  1.41117233e-01 
 6.15000000e-11  1.41117233e-01 
 6.25000000e-11  1.41117233e-01 
 6.35000000e-11  1.41117233e-01 
 6.45000000e-11  1.41117233e-01 
 6.55000000e-11  1.41117233e-01 
 6.65000000e-11  1.41117233e-01 
 6.75000000e-11  1.41117233e-01 
 6.85000000e-11  1.41117233e-01 
 6.95000000e-11  1.41117233e-01 
 7.05000000e-11  1.41117233e-01 
 7.15000000e-11  1.41117233e-01 
 7.25000000e-11  1.41117233e-01 
 7.35000000e-11  1.41117233e-01 
 7.45000000e-11  1.41117233e-01 
 7.55000000e-11  1.41117233e-01 
 7.65000000e-11  1.41117233e-01 
 7.75000000e-11  1.41117233e-01 
 7.85000000e-11  1.41117233e-01 
 7.95000000e-11  1.41117233e-01 
 8.05000000e-11  1.41117233e-01 
 8.15000000e-11  1.41117233e-01 
 8.25000000e-11  1.41117233e-01 
 8.35000000e-11  1.41117233e-01 
 8.45000000e-11  1.41117233e-01 
 8.55000000e-11  1.41117233e-01 
 8.65000000e-11  1.41117233e-01 
 8.75000000e-11  1.41117233e-01 
 8.85000000e-11  1.41117233e-01 
 8.95000000e-11  1.41117233e-01 
 9.05000000e-11  1.41117233e-01 
 9.15000000e-11  1.41117233e-01 
 9.25000000e-11  1.41117233e-01 
 9.35000000e-11  1.41117233e-01 
 9.45000000e-11  1.41117233e-01 
 9.55000000e-11  1.41117233e-01 
 9.65000000e-11  1.41117233e-01 
 9.75000000e-11  1.41117233e-01 
 9.85000000e-11  1.41117233e-01 
 9.95000000e-11  1.41117233e-01 
 1.00500000e-10  1.41117233e-01 
 1.01500000e-10  1.41117233e-01 
 1.02500000e-10  1.41117233e-01 
 1.03500000e-10  1.41117233e-01 
 1.04500000e-10  1.41117233e-01 
 1.05500000e-10  1.41117233e-01 
 1.06500000e-10  1.41117233e-01 
 1.07500000e-10  1.41117233e-01 
 1.08500000e-10  1.41117233e-01 
 1.09500000e-10  1.41117233e-01 
 1.10500000e-10  1.41117233e-01 
 1.11500000e-10  1.41117233e-01 
 1.12500000e-10  1.41117233e-01 
 1.13500000e-10  1.41117233e-01 
 1.14500000e-10  1.41117233e-01 
 1.15500000e-10  1.41117233e-01 
 1.16500000e-10  1.41117233e-01 
 1.17500000e-10  1.41117233e-01 
 1.18500000e-10  1.41117233e-01 
 1.19500000e-10  1.41117233e-01 
 1.20500000e-10  1.41117233e-01 
 1.21500000e-10  1.41117233e-01 
 1.22500000e-10  1.41117233e-01 
 1.23500000e-10  1.41117233e-01 
 1.24500000e-10  1.41117233e-01 
 1.25500000e-10  1.41117233e-01 
 1.26500000e-10  1.41117233e-01 
 1.27500000e-10  1.41117233e-01 
 1.28500000e-10  1.41117233e-01 
 1.29500000e-10  1.41117233e-01 
 1.30500000e-10  1.41117233e-01 
 1.31500000e-10  1.41117233e-01 
 1.32500000e-10  1.41117233e-01 
 1.33500000e-10  1.41117233e-01 
 1.34500000e-10  1.41117233e-01 
 1.35500000e-10  1.41117233e-01 
 1.36500000e-10  1.41117233e-01 
 1.37500000e-10  1.41117233e-01 
 1.38500000e-10  1.41117233e-01 
 1.39500000e-10  1.41117233e-01 
 1.40500000e-10  1.41117233e-01 
 1.41500000e-10  1.41117233e-01 
 1.42500000e-10  1.41117233e-01 
 1.43500000e-10  1.41117233e-01 
 1.44500000e-10  1.41117233e-01 
 1.45500000e-10  1.41117233e-01 
 1.46500000e-10  1.41117233e-01 
 1.47500000e-10  1.41117233e-01 
 1.48500000e-10  1.41117233e-01 
 1.49500000e-10  1.41117233e-01 
 1.50500000e-10  1.41117233e-01 
 1.51500000e-10  1.41117233e-01 
 1.52500000e-10  1.41117233e-01 
 1.53500000e-10  1.41117233e-01 
 1.54500000e-10  1.41117233e-01 
 1.55500000e-10  1.41117233e-01 
 1.56500000e-10  1.41117233e-01 
 1.57500000e-10  1.41117233e-01 
 1.58500000e-10  1.41117233e-01 
 1.59500000e-10  1.41117233e-01 
 1.60500000e-10  1.41117233e-01 
 1.61500000e-10  1.41117233e-01 
 1.62500000e-10  1.41117233e-01 
 1.63500000e-10  1.41117233e-01 
 1.64500000e-10  1.41117233e-01 
 1.65500000e-10  1.41117233e-01 
 1.66500000e-10  1.41117233e-01 
 1.67500000e-10  1.41117233e-01 
 1.68500000e-10  1.41117233e-01 
 1.69500000e-10  1.41117233e-01 
 1.70500000e-10  1.41117233e-01 
 1.71500000e-10  1.41117233e-01 
 1.72500000e-10  1.41117233e-01 
 1.73500000e-10  1.41117233e-01 
 1.74500000e-10  1.41117233e-01 
 1.75500000e-10  1.41117233e-01 
 1.76500000e-10  1.41117233e-01 
 1.77500000e-10  1.41117233e-01 
 1.78500000e-10  1.41117233e-01 
 1.79500000e-10  1.41117233e-01 
 1.80500000e-10  1.41117233e-01 
 1.81500000e-10  1.41117233e-01 
 1.82500000e-10  1.41117233e-01 
 1.83500000e-10  1.41117233e-01 
 1.84500000e-10  1.41117233e-01 
 1.85500000e-10  1.41117233e-01 
 1.86500000e-10  1.41117233e-01 
 1.87500000e-10  1.41117233e-01 
 1.88500000e-10  1.41117233e-01 
 1.89500000e-10  1.41117233e-01 
 1.90500000e-10  1.41117233e-01 
 1.91500000e-10  1.41117233e-01 
 1.92500000e-10  1.41117233e-01 
 1.93500000e-10  1.41117233e-01 
 1.94500000e-10  1.41117233e-01 
 1.95500000e-10  1.41117233e-01 
 1.96500000e-10  1.41117233e-01 
 1.97500000e-10  1.41117233e-01 
 1.98500000e-10  1.41117233e-01 
 1.99500000e-10  1.41117233e-01 
 2.00000000e-10  1.41117233e-01 
 2.00100000e-10  1.41299748e-01 
 2.00300000e-10  1.41537176e-01 
 2.00700000e-10  1.41872010e-01 
 2.01500000e-10  1.42412845e-01 
 2.02500000e-10  1.42778843e-01 
 2.03500000e-10  1.42930493e-01 
 2.04500000e-10  1.42885342e-01 
 2.05500000e-10  1.42733180e-01 
 2.06500000e-10  1.42474161e-01 
 2.07500000e-10  1.42170075e-01 
 2.08500000e-10  1.41812049e-01 
 2.09500000e-10  1.41443260e-01 
 2.10500000e-10  1.41050320e-01 
 2.11500000e-10  1.40664435e-01 
 2.12500000e-10  1.40270878e-01 
 2.13500000e-10  1.39892616e-01 
 2.14500000e-10  1.39514941e-01 
 2.15500000e-10  1.39155114e-01 
 2.16500000e-10  1.38799225e-01 
 2.17500000e-10  1.38460459e-01 
 2.18500000e-10  1.38126019e-01 
 2.19500000e-10  1.37806062e-01 
 2.20500000e-10  1.37488965e-01 
 2.21500000e-10  1.37182601e-01 
 2.22500000e-10  1.36876578e-01 
 2.23500000e-10  1.36577198e-01 
 2.24500000e-10  1.36275526e-01 
 2.25500000e-10  1.35977152e-01 
 2.26500000e-10  1.35675121e-01 
 2.27500000e-10  1.35375128e-01 
 2.28500000e-10  1.35071931e-01 
 2.29500000e-10  1.34770357e-01 
 2.30500000e-10  1.34465421e-01 
 2.31500000e-10  1.34161918e-01 
 2.32500000e-10  1.33859270e-01 
 2.33500000e-10  1.33569696e-01 
 2.34500000e-10  1.33305328e-01 
 2.35500000e-10  1.33091273e-01 
 2.36500000e-10  1.32943930e-01 
 2.37500000e-10  1.32861449e-01 
 2.38500000e-10  1.32795603e-01 
 2.39500000e-10  1.32678322e-01 
 2.40500000e-10  1.32433296e-01 
 2.41500000e-10  1.31993456e-01 
 2.42500000e-10  1.31305828e-01 
 2.43500000e-10  1.30359470e-01 
 2.44500000e-10  1.29188900e-01 
 2.45500000e-10  1.27873514e-01 
 2.46500000e-10  1.26508345e-01 
 2.47500000e-10  1.25188554e-01 
 2.48500000e-10  1.23987406e-01 
 2.49500000e-10  1.22958210e-01 
 2.50000000e-10  1.22517481e-01 
 2.50100000e-10  1.22432321e-01 
 2.50300000e-10  1.22255985e-01 
 2.50700000e-10  1.21938333e-01 
 2.51500000e-10  1.21336472e-01 
 2.52500000e-10  1.20715409e-01 
 2.53500000e-10  1.20300483e-01 
 2.54500000e-10  1.20116091e-01 
 2.55500000e-10  1.20175681e-01 
 2.56500000e-10  1.20464440e-01 
 2.57500000e-10  1.20978997e-01 
 2.58500000e-10  1.21695781e-01 
 2.59500000e-10  1.22607720e-01 
 2.60500000e-10  1.23695485e-01 
 2.61500000e-10  1.24958579e-01 
 2.62500000e-10  1.26380342e-01 
 2.63500000e-10  1.27963431e-01 
 2.64500000e-10  1.29698107e-01 
 2.65500000e-10  1.31589365e-01 
 2.66500000e-10  1.33632533e-01 
 2.67500000e-10  1.35836964e-01 
 2.68500000e-10  1.38201652e-01 
 2.69500000e-10  1.40738605e-01 
 2.70500000e-10  1.43450578e-01 
 2.71500000e-10  1.46352324e-01 
 2.72500000e-10  1.49450497e-01 
 2.73500000e-10  1.52762897e-01 
 2.74500000e-10  1.56300517e-01 
 2.75500000e-10  1.60084893e-01 
 2.76500000e-10  1.64132217e-01 
 2.77500000e-10  1.68468950e-01 
 2.78500000e-10  1.73117907e-01 
 2.79500000e-10  1.78112347e-01 
 2.80500000e-10  1.83483918e-01 
 2.81500000e-10  1.89275408e-01 
 2.82500000e-10  1.95530352e-01 
 2.83500000e-10  2.02304355e-01 
 2.84500000e-10  2.09655556e-01 
 2.85500000e-10  2.17653334e-01 
 2.86500000e-10  2.26367190e-01 
 2.87500000e-10  2.35870046e-01 
 2.88500000e-10  2.46223569e-01 
 2.89500000e-10  2.57478290e-01 
 2.90500000e-10  2.69662829e-01 
 2.91500000e-10  2.82790546e-01 
 2.92500000e-10  2.96857060e-01 
 2.93500000e-10  3.11849484e-01 
 2.94500000e-10  3.27743857e-01 
 2.95500000e-10  3.44511082e-01 
 2.96500000e-10  3.62112783e-01 
 2.97500000e-10  3.80505495e-01 
 2.98500000e-10  3.99636989e-01 
 2.99500000e-10  4.19450593e-01 
 3.00500000e-10  4.39883032e-01 
 3.01500000e-10  4.60869744e-01 
 3.02500000e-10  4.82344830e-01 
 3.03500000e-10  5.04246672e-01 
 3.04500000e-10  5.26518427e-01 
 3.05500000e-10  5.49112402e-01 
 3.06500000e-10  5.71989173e-01 
 3.07500000e-10  5.95119468e-01 
 3.08500000e-10  6.18481593e-01 
 3.09500000e-10  6.42061542e-01 
 3.10500000e-10  6.65849843e-01 
 3.11500000e-10  6.89841133e-01 
 3.12500000e-10  7.14031370e-01 
 3.13500000e-10  7.38417711e-01 
 3.14500000e-10  7.62996745e-01 
 3.15500000e-10  7.87765264e-01 
 3.16500000e-10  8.12719503e-01 
 3.17500000e-10  8.37856311e-01 
 3.18500000e-10  8.63172960e-01 
 3.19500000e-10  8.88667584e-01 
 3.20500000e-10  9.14337933e-01 
 3.21500000e-10  9.40180414e-01 
 3.22500000e-10  9.66187423e-01 
 3.23500000e-10  9.92345137e-01 
 3.24500000e-10  1.01863014e+00 
 3.25500000e-10  1.04500692e+00 
 3.26500000e-10  1.07142481e+00 
 3.27500000e-10  1.09781573e+00 
 3.28500000e-10  1.12409184e+00 
 3.29500000e-10  1.15014533e+00 
 3.30500000e-10  1.17585026e+00 
 3.31500000e-10  1.20106895e+00 
 3.32500000e-10  1.22566217e+00 
 3.33500000e-10  1.24950304e+00 
 3.34500000e-10  1.27249063e+00 
 3.35500000e-10  1.29455989e+00 
 3.36500000e-10  1.31568269e+00 
 3.37500000e-10  1.33586233e+00 
 3.38500000e-10  1.35512439e+00 
 3.39500000e-10  1.37350754e+00 
 3.40500000e-10  1.39105628e+00 
 3.41500000e-10  1.40781653e+00 
 3.42500000e-10  1.42383294e+00 
 3.43500000e-10  1.43914772e+00 
 3.44500000e-10  1.45380009e+00 
 3.45500000e-10  1.46782627e+00 
 3.46500000e-10  1.48125958e+00 
 3.47500000e-10  1.49413068e+00 
 3.48500000e-10  1.50646781e+00 
 3.49500000e-10  1.51829706e+00 
 3.50500000e-10  1.52964260e+00 
 3.51500000e-10  1.54052687e+00 
 3.52500000e-10  1.55097079e+00 
 3.53500000e-10  1.56099393e+00 
 3.54500000e-10  1.57061467e+00 
 3.55500000e-10  1.57985030e+00 
 3.56500000e-10  1.58871716e+00 
 3.57500000e-10  1.59723071e+00 
 3.58500000e-10  1.60540566e+00 
 3.59500000e-10  1.61325599e+00 
 3.60500000e-10  1.62079506e+00 
 3.61500000e-10  1.62803562e+00 
 3.62500000e-10  1.63498991e+00 
 3.63500000e-10  1.64166970e+00 
 3.64500000e-10  1.64808617e+00 
 3.65500000e-10  1.65425008e+00 
 3.66500000e-10  1.66017175e+00 
 3.67500000e-10  1.66586086e+00 
 3.68500000e-10  1.67132666e+00 
 3.69500000e-10  1.67657761e+00 
 3.70500000e-10  1.68162185e+00 
 3.71500000e-10  1.68646679e+00 
 3.72500000e-10  1.69111970e+00 
 3.73500000e-10  1.69558732e+00 
 3.74500000e-10  1.69987639e+00 
 3.75500000e-10  1.70399326e+00 
 3.76500000e-10  1.70794435e+00 
 3.77500000e-10  1.71173569e+00 
 3.78500000e-10  1.71537340e+00 
 3.79500000e-10  1.71886323e+00 
 3.80500000e-10  1.72221099e+00 
 3.81500000e-10  1.72542210e+00 
 3.82500000e-10  1.72850203e+00 
 3.83500000e-10  1.73145585e+00 
 3.84500000e-10  1.73428870e+00 
 3.85500000e-10  1.73700531e+00 
 3.86500000e-10  1.73961044e+00 
 3.87500000e-10  1.74210849e+00 
 3.88500000e-10  1.74450389e+00 
 3.89500000e-10  1.74680071e+00 
 3.90500000e-10  1.74900304e+00 
 3.91500000e-10  1.75111464e+00 
 3.92500000e-10  1.75313930e+00 
 3.93500000e-10  1.75508048e+00 
 3.94500000e-10  1.75694167e+00 
 3.95500000e-10  1.75872607e+00 
 3.96500000e-10  1.76043691e+00 
 3.97500000e-10  1.76207711e+00 
 3.98500000e-10  1.76364964e+00 
 3.99500000e-10  1.76515722e+00 
 4.00500000e-10  1.76660257e+00 
 4.01500000e-10  1.76798819e+00 
 4.02500000e-10  1.76931658e+00 
 4.03500000e-10  1.77059004e+00 
 4.04500000e-10  1.77181089e+00 
 4.05500000e-10  1.77298122e+00 
 4.06500000e-10  1.77410318e+00 
 4.07500000e-10  1.77517870e+00 
 4.08500000e-10  1.77620974e+00 
 4.09500000e-10  1.77719808e+00 
 4.10500000e-10  1.77814553e+00 
 4.11500000e-10  1.77905372e+00 
 4.12500000e-10  1.77992432e+00 
 4.13500000e-10  1.78075883e+00 
 4.14500000e-10  1.78155878e+00 
 4.15500000e-10  1.78232556e+00 
 4.16500000e-10  1.78306057e+00 
 4.17500000e-10  1.78376508e+00 
 4.18500000e-10  1.78444040e+00 
 4.19500000e-10  1.78508768e+00 
 4.20500000e-10  1.78570813e+00 
 4.21500000e-10  1.78630281e+00 
 4.22500000e-10  1.78687283e+00 
 4.23500000e-10  1.78741916e+00 
 4.24500000e-10  1.78794283e+00 
 4.25500000e-10  1.78844474e+00 
 4.26500000e-10  1.78892581e+00 
 4.27500000e-10  1.78938689e+00 
 4.28500000e-10  1.78982882e+00 
 4.29500000e-10  1.79025237e+00 
 4.30500000e-10  1.79065833e+00 
 4.31500000e-10  1.79104741e+00 
 4.32500000e-10  1.79142032e+00 
 4.33500000e-10  1.79177771e+00 
 4.34500000e-10  1.79212025e+00 
 4.35500000e-10  1.79244853e+00 
 4.36500000e-10  1.79276317e+00 
 4.37500000e-10  1.79306470e+00 
 4.38500000e-10  1.79335370e+00 
 4.39500000e-10  1.79363066e+00 
 4.40500000e-10  1.79389611e+00 
 4.41500000e-10  1.79415050e+00 
 4.42500000e-10  1.79439430e+00 
 4.43500000e-10  1.79462795e+00 
 4.44500000e-10  1.79485188e+00 
 4.45500000e-10  1.79506647e+00 
 4.46500000e-10  1.79527214e+00 
 4.47500000e-10  1.79546923e+00 
 4.48500000e-10  1.79565812e+00 
 4.49500000e-10  1.79583914e+00 
 4.50000000e-10  1.79592679e+00 
 4.50100000e-10  1.79594406e+00 
 4.50300000e-10  1.79597845e+00 
 4.50700000e-10  1.79604637e+00 
 4.51500000e-10  1.79617880e+00 
 4.52500000e-10  1.79633812e+00 
 4.53500000e-10  1.79649081e+00 
 4.54500000e-10  1.79663713e+00 
 4.55500000e-10  1.79677736e+00 
 4.56500000e-10  1.79691174e+00 
 4.57500000e-10  1.79704052e+00 
 4.58500000e-10  1.79716393e+00 
 4.59500000e-10  1.79728220e+00 
 4.60500000e-10  1.79739554e+00 
 4.61500000e-10  1.79750415e+00 
 4.62500000e-10  1.79760824e+00 
 4.63500000e-10  1.79770798e+00 
 4.64500000e-10  1.79780357e+00 
 4.65500000e-10  1.79789517e+00 
 4.66500000e-10  1.79798295e+00 
 4.67500000e-10  1.79806707e+00 
 4.68500000e-10  1.79814768e+00 
 4.69500000e-10  1.79822493e+00 
 4.70500000e-10  1.79829895e+00 
 4.71500000e-10  1.79836989e+00 
 4.72500000e-10  1.79843788e+00 
 4.73500000e-10  1.79850302e+00 
 4.74500000e-10  1.79856545e+00 
 4.75500000e-10  1.79862527e+00 
 4.76500000e-10  1.79868260e+00 
 4.77500000e-10  1.79873754e+00 
 4.78500000e-10  1.79879019e+00 
 4.79500000e-10  1.79884064e+00 
 4.80500000e-10  1.79888898e+00 
 4.81500000e-10  1.79893531e+00 
 4.82500000e-10  1.79897970e+00 
 4.83500000e-10  1.79902224e+00 
 4.84500000e-10  1.79906301e+00 
 4.85500000e-10  1.79910208e+00 
 4.86500000e-10  1.79913952e+00 
 4.87500000e-10  1.79917539e+00 
 4.88500000e-10  1.79920977e+00 
 4.89500000e-10  1.79924271e+00 
 4.90500000e-10  1.79927428e+00 
 4.91500000e-10  1.79930453e+00 
 4.92500000e-10  1.79933352e+00 
 4.93500000e-10  1.79936130e+00 
 4.94500000e-10  1.79938792e+00 
 4.95500000e-10  1.79941343e+00 
 4.96500000e-10  1.79943788e+00 
 4.97500000e-10  1.79946130e+00 
 4.98500000e-10  1.79948375e+00 
 4.99500000e-10  1.79950526e+00 
 5.00000000e-10  1.79951567e+00 
 5.00100000e-10  1.79951773e+00 
 5.00300000e-10  1.79952181e+00 
 5.00700000e-10  1.79952988e+00 
 5.01500000e-10  1.79954562e+00 
 5.02500000e-10  1.79956455e+00 
 5.03500000e-10  1.79958269e+00 
 5.04500000e-10  1.79960007e+00 
 5.05500000e-10  1.79961672e+00 
 5.06500000e-10  1.79963269e+00 
 5.07500000e-10  1.79964798e+00 
 5.08500000e-10  1.79966264e+00 
 5.09500000e-10  1.79967668e+00 
 5.10500000e-10  1.79969014e+00 
 5.11500000e-10  1.79970304e+00 
 5.12500000e-10  1.79971540e+00 
 5.13500000e-10  1.79972724e+00 
 5.14500000e-10  1.79973859e+00 
 5.15500000e-10  1.79974947e+00 
 5.16500000e-10  1.79975989e+00 
 5.17500000e-10  1.79976988e+00 
 5.18500000e-10  1.79977945e+00 
 5.19500000e-10  1.79978862e+00 
 5.20500000e-10  1.79979741e+00 
 5.21500000e-10  1.79980583e+00 
 5.22500000e-10  1.79981390e+00 
 5.23500000e-10  1.79982163e+00 
 5.24500000e-10  1.79982904e+00 
 5.25500000e-10  1.79983614e+00 
 5.26500000e-10  1.79984295e+00 
 5.27500000e-10  1.79984947e+00 
 5.28500000e-10  1.79985572e+00 
 5.29500000e-10  1.79986171e+00 
 5.30500000e-10  1.79986745e+00 
 5.31500000e-10  1.79987294e+00 
 5.32500000e-10  1.79987821e+00 
 5.33500000e-10  1.79988326e+00 
 5.34500000e-10  1.79988810e+00 
 5.35500000e-10  1.79989274e+00 
 5.36500000e-10  1.79989718e+00 
 5.37500000e-10  1.79990144e+00 
 5.38500000e-10  1.79990552e+00 
 5.39500000e-10  1.79990943e+00 
 5.40500000e-10  1.79991318e+00 
 5.41500000e-10  1.79991677e+00 
 5.42500000e-10  1.79992021e+00 
 5.43500000e-10  1.79992351e+00 
 5.44500000e-10  1.79992667e+00 
 5.45500000e-10  1.79992969e+00 
 5.46500000e-10  1.79993259e+00 
 5.47500000e-10  1.79993538e+00 
 5.48500000e-10  1.79993804e+00 
 5.49500000e-10  1.79994059e+00 
 5.50000000e-10  1.79994183e+00 
 5.50100000e-10  1.79994207e+00 
 5.50300000e-10  1.79994256e+00 
 5.50700000e-10  1.79994352e+00 
 5.51500000e-10  1.79994538e+00 
 5.52500000e-10  1.79994763e+00 
 5.53500000e-10  1.79994978e+00 
 5.54500000e-10  1.79995185e+00 
 5.55500000e-10  1.79995382e+00 
 5.56500000e-10  1.79995572e+00 
 5.57500000e-10  1.79995754e+00 
 5.58500000e-10  1.79995928e+00 
 5.59500000e-10  1.79996094e+00 
 5.60500000e-10  1.79996254e+00 
 5.61500000e-10  1.79996407e+00 
 5.62500000e-10  1.79996554e+00 
 5.63500000e-10  1.79996695e+00 
 5.64500000e-10  1.79996829e+00 
 5.65500000e-10  1.79996959e+00 
 5.66500000e-10  1.79997082e+00 
 5.67500000e-10  1.79997201e+00 
 5.68500000e-10  1.79997315e+00 
 5.69500000e-10  1.79997424e+00 
 5.70500000e-10  1.79997528e+00 
 5.71500000e-10  1.79997628e+00 
 5.72500000e-10  1.79997724e+00 
 5.73500000e-10  1.79997816e+00 
 5.74500000e-10  1.79997904e+00 
 5.75500000e-10  1.79997988e+00 
 5.76500000e-10  1.79998069e+00 
 5.77500000e-10  1.79998146e+00 
 5.78500000e-10  1.79998221e+00 
 5.79500000e-10  1.79998292e+00 
 5.80500000e-10  1.79998360e+00 
 5.81500000e-10  1.79998425e+00 
 5.82500000e-10  1.79998488e+00 
 5.83500000e-10  1.79998548e+00 
 5.84500000e-10  1.79998606e+00 
 5.85500000e-10  1.79998661e+00 
 5.86500000e-10  1.79998713e+00 
 5.87500000e-10  1.79998764e+00 
 5.88500000e-10  1.79998813e+00 
 5.89500000e-10  1.79998859e+00 
 5.90500000e-10  1.79998904e+00 
 5.91500000e-10  1.79998946e+00 
 5.92500000e-10  1.79998987e+00 
 5.93500000e-10  1.79999027e+00 
 5.94500000e-10  1.79999064e+00 
 5.95500000e-10  1.79999100e+00 
 5.96500000e-10  1.79999135e+00 
 5.97500000e-10  1.79999168e+00 
 5.98500000e-10  1.79999200e+00 
 5.99500000e-10  1.79999230e+00 
 6.00500000e-10  1.79999259e+00 
 6.01500000e-10  1.79999287e+00 
 6.02500000e-10  1.79999314e+00 
 6.03500000e-10  1.79999339e+00 
 6.04500000e-10  1.79999364e+00 
 6.05500000e-10  1.79999388e+00 
 6.06500000e-10  1.79999410e+00 
 6.07500000e-10  1.79999432e+00 
 6.08500000e-10  1.79999453e+00 
 6.09500000e-10  1.79999473e+00 
 6.10500000e-10  1.79999492e+00 
 6.11500000e-10  1.79999510e+00 
 6.12500000e-10  1.79999527e+00 
 6.13500000e-10  1.79999544e+00 
 6.14500000e-10  1.79999560e+00 
 6.15500000e-10  1.79999576e+00 
 6.16500000e-10  1.79999590e+00 
 6.17500000e-10  1.79999605e+00 
 6.18500000e-10  1.79999618e+00 
 6.19500000e-10  1.79999631e+00 
 6.20500000e-10  1.79999644e+00 
 6.21500000e-10  1.79999656e+00 
 6.22500000e-10  1.79999667e+00 
 6.23500000e-10  1.79999678e+00 
 6.24500000e-10  1.79999689e+00 
 6.25500000e-10  1.79999699e+00 
 6.26500000e-10  1.79999708e+00 
 6.27500000e-10  1.79999718e+00 
 6.28500000e-10  1.79999727e+00 
 6.29500000e-10  1.79999735e+00 
 6.30500000e-10  1.79999743e+00 
 6.31500000e-10  1.79999751e+00 
 6.32500000e-10  1.79999759e+00 
 6.33500000e-10  1.79999766e+00 
 6.34500000e-10  1.79999773e+00 
 6.35500000e-10  1.79999780e+00 
 6.36500000e-10  1.79999786e+00 
 6.37500000e-10  1.79999792e+00 
 6.38500000e-10  1.79999798e+00 
 6.39500000e-10  1.79999803e+00 
 6.40500000e-10  1.79999809e+00 
 6.41500000e-10  1.79999814e+00 
 6.42500000e-10  1.79999819e+00 
 6.43500000e-10  1.79999824e+00 
 6.44500000e-10  1.79999828e+00 
 6.45500000e-10  1.79999833e+00 
 6.46500000e-10  1.79999837e+00 
 6.47500000e-10  1.79999841e+00 
 6.48500000e-10  1.79999845e+00 
 6.49500000e-10  1.79999848e+00 
 6.50500000e-10  1.79999852e+00 
 6.51500000e-10  1.79999855e+00 
 6.52500000e-10  1.79999858e+00 
 6.53500000e-10  1.79999862e+00 
 6.54500000e-10  1.79999865e+00 
 6.55500000e-10  1.79999867e+00 
 6.56500000e-10  1.79999870e+00 
 6.57500000e-10  1.79999873e+00 
 6.58500000e-10  1.79999875e+00 
 6.59500000e-10  1.79999878e+00 
 6.60500000e-10  1.79999880e+00 
 6.61500000e-10  1.79999882e+00 
 6.62500000e-10  1.79999885e+00 
 6.63500000e-10  1.79999887e+00 
 6.64500000e-10  1.79999889e+00 
 6.65500000e-10  1.79999891e+00 
 6.66500000e-10  1.79999892e+00 
 6.67500000e-10  1.79999894e+00 
 6.68500000e-10  1.79999896e+00 
 6.69500000e-10  1.79999897e+00 
 6.70500000e-10  1.79999899e+00 
 6.71500000e-10  1.79999900e+00 
 6.72500000e-10  1.79999902e+00 
 6.73500000e-10  1.79999903e+00 
 6.74500000e-10  1.79999905e+00 
 6.75500000e-10  1.79999906e+00 
 6.76500000e-10  1.79999907e+00 
 6.77500000e-10  1.79999908e+00 
 6.78500000e-10  1.79999909e+00 
 6.79500000e-10  1.79999910e+00 
 6.80500000e-10  1.79999911e+00 
 6.81500000e-10  1.79999912e+00 
 6.82500000e-10  1.79999913e+00 
 6.83500000e-10  1.79999914e+00 
 6.84500000e-10  1.79999915e+00 
 6.85500000e-10  1.79999916e+00 
 6.86500000e-10  1.79999917e+00 
 6.87500000e-10  1.79999918e+00 
 6.88500000e-10  1.79999918e+00 
 6.89500000e-10  1.79999919e+00 
 6.90500000e-10  1.79999920e+00 
 6.91500000e-10  1.79999921e+00 
 6.92500000e-10  1.79999921e+00 
 6.93500000e-10  1.79999922e+00 
 6.94500000e-10  1.79999922e+00 
 6.95500000e-10  1.79999923e+00 
 6.96500000e-10  1.79999924e+00 
 6.97500000e-10  1.79999924e+00 
 6.98500000e-10  1.79999925e+00 
 6.99500000e-10  1.79999925e+00 
 7.00000000e-10  1.79999925e+00 
 7.00100000e-10  1.80047419e+00 
 7.00300000e-10  1.80101143e+00 
 7.00700000e-10  1.80160836e+00 
 7.01500000e-10  1.80320943e+00 
 7.02500000e-10  1.80560630e+00 
 7.03500000e-10  1.80839526e+00 
 7.04500000e-10  1.81140445e+00 
 7.05500000e-10  1.81461250e+00 
 7.06500000e-10  1.81790827e+00 
 7.07500000e-10  1.82129935e+00 
 7.08500000e-10  1.82471193e+00 
 7.09500000e-10  1.82816933e+00 
 7.10500000e-10  1.83162070e+00 
 7.11500000e-10  1.83509701e+00 
 7.12500000e-10  1.83856171e+00 
 7.13500000e-10  1.84204866e+00 
 7.14500000e-10  1.84553043e+00 
 7.15500000e-10  1.84904100e+00 
 7.16500000e-10  1.85255886e+00 
 7.17500000e-10  1.85611647e+00 
 7.18500000e-10  1.85969601e+00 
 7.19500000e-10  1.86332721e+00 
 7.20500000e-10  1.86699410e+00 
 7.21500000e-10  1.87072219e+00 
 7.22500000e-10  1.87449598e+00 
 7.23500000e-10  1.87833677e+00 
 7.24500000e-10  1.88222659e+00 
 7.25500000e-10  1.88617972e+00 
 7.26500000e-10  1.89017737e+00 
 7.27500000e-10  1.89422868e+00 
 7.28500000e-10  1.89831135e+00 
 7.29500000e-10  1.90242621e+00 
 7.30500000e-10  1.90654345e+00 
 7.31500000e-10  1.91065343e+00 
 7.32500000e-10  1.91471998e+00 
 7.33500000e-10  1.91872726e+00 
 7.34500000e-10  1.92263796e+00 
 7.35500000e-10  1.92643583e+00 
 7.36500000e-10  1.93008785e+00 
 7.37500000e-10  1.93358306e+00 
 7.38500000e-10  1.93689795e+00 
 7.39500000e-10  1.94003138e+00 
 7.40500000e-10  1.94297225e+00 
 7.41500000e-10  1.94573035e+00 
 7.42500000e-10  1.94830594e+00 
 7.43500000e-10  1.95071758e+00 
 7.44500000e-10  1.95297358e+00 
 7.45500000e-10  1.95509755e+00 
 7.46500000e-10  1.95710232e+00 
 7.47500000e-10  1.95901406e+00 
 7.48500000e-10  1.96084877e+00 
 7.49500000e-10  1.96263555e+00 
 7.50000000e-10  1.96351649e+00 
 7.50100000e-10  1.96359263e+00 
 7.50300000e-10  1.96382271e+00 
 7.50700000e-10  1.96444302e+00 
 7.51500000e-10  1.96561034e+00 
 7.52500000e-10  1.96690093e+00 
 7.53500000e-10  1.96813412e+00 
 7.54500000e-10  1.96931677e+00 
 7.55500000e-10  1.97049926e+00 
 7.56500000e-10  1.97179041e+00 
 7.57500000e-10  1.97313279e+00 
 7.58500000e-10  1.97448854e+00 
 7.59500000e-10  1.97591092e+00 
 7.60500000e-10  1.97739167e+00 
 7.61500000e-10  1.97894879e+00 
 7.62500000e-10  1.98055024e+00 
 7.63500000e-10  1.98216020e+00 
 7.64500000e-10  1.98368364e+00 
 7.65500000e-10  1.98499624e+00 
 7.66500000e-10  1.98591024e+00 
 7.67500000e-10  1.98621862e+00 
 7.68500000e-10  1.98569612e+00 
 7.69500000e-10  1.98415716e+00 
 7.70500000e-10  1.98145791e+00 
 7.71500000e-10  1.97770227e+00 
 7.72500000e-10  1.97296512e+00 
 7.73500000e-10  1.96706176e+00 
 7.74500000e-10  1.95997128e+00 
 7.75500000e-10  1.95174549e+00 
 7.76500000e-10  1.94240750e+00 
 7.77500000e-10  1.93200849e+00 
 7.78500000e-10  1.92058651e+00 
 7.79500000e-10  1.90819613e+00 
 7.80500000e-10  1.89485879e+00 
 7.81500000e-10  1.88064609e+00 
 7.82500000e-10  1.86564491e+00 
 7.83500000e-10  1.84990227e+00 
 7.84500000e-10  1.83346701e+00 
 7.85500000e-10  1.81638314e+00 
 7.86500000e-10  1.79868781e+00 
 7.87500000e-10  1.78041569e+00 
 7.88500000e-10  1.76159360e+00 
 7.89500000e-10  1.74224795e+00 
 7.90500000e-10  1.72239769e+00 
 7.91500000e-10  1.70206214e+00 
 7.92500000e-10  1.68125447e+00 
 7.93500000e-10  1.65998855e+00 
 7.94500000e-10  1.63827281e+00 
 7.95500000e-10  1.61611525e+00 
 7.96500000e-10  1.59353298e+00 
 7.97500000e-10  1.57050988e+00 
 7.98500000e-10  1.54706998e+00 
 7.99500000e-10  1.52319371e+00 
 8.00500000e-10  1.49889783e+00 
 8.01500000e-10  1.47416120e+00 
 8.02500000e-10  1.44899187e+00 
 8.03500000e-10  1.42336511e+00 
 8.04500000e-10  1.39727892e+00 
 8.05500000e-10  1.37070210e+00 
 8.06500000e-10  1.34362008e+00 
 8.07500000e-10  1.31599110e+00 
 8.08500000e-10  1.28778428e+00 
 8.09500000e-10  1.25894234e+00 
 8.10500000e-10  1.22941397e+00 
 8.11500000e-10  1.19912335e+00 
 8.12500000e-10  1.16800049e+00 
 8.13500000e-10  1.13596066e+00 
 8.14500000e-10  1.10293806e+00 
 8.15500000e-10  1.06887545e+00 
 8.16500000e-10  1.03375422e+00 
 8.17500000e-10  9.97576084e-01 
 8.18500000e-10  9.60373091e-01 
 8.19500000e-10  9.22182199e-01 
 8.20500000e-10  8.83058817e-01 
 8.21500000e-10  8.43063514e-01 
 8.22500000e-10  8.02277672e-01 
 8.23500000e-10  7.60790074e-01 
 8.24500000e-10  7.18711957e-01 
 8.25500000e-10  6.76181739e-01 
 8.26500000e-10  6.33372593e-01 
 8.27500000e-10  5.90483490e-01 
 8.28500000e-10  5.47801798e-01 
 8.29500000e-10  5.05652278e-01 
 8.30500000e-10  4.64401785e-01 
 8.31500000e-10  4.24416008e-01 
 8.32500000e-10  3.86089089e-01 
 8.33500000e-10  3.49798813e-01 
 8.34500000e-10  3.15868201e-01 
 8.35500000e-10  2.84478245e-01 
 8.36500000e-10  2.55684997e-01 
 8.37500000e-10  2.29433345e-01 
 8.38500000e-10  2.05618925e-01 
 8.39500000e-10  1.84094333e-01 
 8.40500000e-10  1.64706096e-01 
 8.41500000e-10  1.47284945e-01 
 8.42500000e-10  1.31671342e-01 
 8.43500000e-10  1.17699912e-01 
 8.44500000e-10  1.05222134e-01 
 8.45500000e-10  9.40891307e-02 
 8.46500000e-10  8.41703835e-02 
 8.47500000e-10  7.53372843e-02 
 8.48500000e-10  6.74795273e-02 
 8.49500000e-10  6.04894389e-02 
 8.50500000e-10  5.42761152e-02 
 8.51500000e-10  4.87508441e-02 
 8.52500000e-10  4.38406795e-02 
 8.53500000e-10  3.94738693e-02 
 8.54500000e-10  3.55923004e-02 
 8.55500000e-10  3.21383888e-02 
 8.56500000e-10  2.90664439e-02 
 8.57500000e-10  2.63305109e-02 
 8.58500000e-10  2.38949548e-02 
 8.59500000e-10  2.17232065e-02 
 8.60500000e-10  1.97876517e-02 
 8.61500000e-10  1.80592133e-02 
 8.62500000e-10  1.65166086e-02 
 8.63500000e-10  1.51366991e-02 
 8.64500000e-10  1.39031646e-02 
 8.65500000e-10  1.27975540e-02 
 8.66500000e-10  1.18042250e-02 
 8.67500000e-10  1.09130658e-02 
 8.68500000e-10  1.01144061e-02 
 8.69500000e-10  9.39622863e-03 
 8.70500000e-10  8.75087703e-03 
 8.71500000e-10  8.16855543e-03 
 8.72500000e-10  7.64380352e-03 
 8.73500000e-10  7.16864676e-03 
 8.74500000e-10  6.73919914e-03 
 8.75500000e-10  6.34894709e-03 
 8.76500000e-10  5.99515463e-03 
 8.77500000e-10  5.67246922e-03 
 8.78500000e-10  5.37900543e-03 
 8.79500000e-10  5.11033092e-03 
 8.80500000e-10  4.86519405e-03 
 8.81500000e-10  4.63989264e-03 
 8.82500000e-10  4.43364915e-03 
 8.83500000e-10  4.24334269e-03 
 8.84500000e-10  4.06855063e-03 
 8.85500000e-10  3.90661705e-03 
 8.86500000e-10  3.75738456e-03 
 8.87500000e-10  3.61857123e-03 
 8.88500000e-10  3.49021699e-03 
 8.89500000e-10  3.37034261e-03 
 8.90500000e-10  3.25913371e-03 
 8.91500000e-10  3.15485768e-03 
 8.92500000e-10  3.05780653e-03 
 8.93500000e-10  2.96644994e-03 
 8.94500000e-10  2.88115635e-03 
 8.95500000e-10  2.80056260e-03 
 8.96500000e-10  2.72509074e-03 
 8.97500000e-10  2.65351672e-03 
 8.98500000e-10  2.58629886e-03 
 8.99500000e-10  2.52232975e-03 
 9.00500000e-10  2.46209083e-03 
 9.01500000e-10  2.40457324e-03 
 9.02500000e-10  2.35027162e-03 
 9.03500000e-10  2.29826096e-03 
 9.04500000e-10  2.24904171e-03 
 9.05500000e-10  2.20176072e-03 
 9.06500000e-10  2.15691876e-03 
 9.07500000e-10  2.11372473e-03 
 9.08500000e-10  2.07267567e-03 
 9.09500000e-10  2.03303441e-03 
 9.10500000e-10  1.99529138e-03 
 9.11500000e-10  1.95875660e-03 
 9.12500000e-10  1.92391188e-03 
 9.13500000e-10  1.89010874e-03 
 9.14500000e-10  1.85781902e-03 
 9.15500000e-10  1.82643102e-03 
 9.16500000e-10  1.79640571e-03 
 9.17500000e-10  1.76716413e-03 
 9.18500000e-10  1.73915592e-03 
 9.19500000e-10  1.71183138e-03 
 9.20500000e-10  1.68562868e-03 
 9.21500000e-10  1.66002438e-03 
 9.22500000e-10  1.63544517e-03 
 9.23500000e-10  1.61139133e-03 
 9.24500000e-10  1.58827825e-03 
 9.25500000e-10  1.56562765e-03 
 9.26500000e-10  1.54384395e-03 
 9.27500000e-10  1.52246832e-03 
 9.28500000e-10  1.50189500e-03 
 9.29500000e-10  1.48168233e-03 
 9.30500000e-10  1.46221371e-03 
 9.31500000e-10  1.44306469e-03 
 9.32500000e-10  1.42460864e-03 
 9.33500000e-10  1.40643614e-03 
 9.34500000e-10  1.38891105e-03 
 9.35500000e-10  1.37163767e-03 
 9.36500000e-10  1.35497094e-03 
 9.37500000e-10  1.33852767e-03 
 9.38500000e-10  1.32265445e-03 
 9.39500000e-10  1.30697958e-03 
 9.40500000e-10  1.29184177e-03 
 9.41500000e-10  1.27687986e-03 
 9.42500000e-10  1.26242523e-03 
 9.43500000e-10  1.24812637e-03 
 9.44500000e-10  1.23430778e-03 
 9.45500000e-10  1.22062685e-03 
 9.46500000e-10  1.20740168e-03 
 9.47500000e-10  1.19429780e-03 
 9.48500000e-10  1.18162732e-03 
 9.49500000e-10  1.16906332e-03 
 9.50000000e-10  1.16299514e-03 
 9.50100000e-10  1.16173678e-03 
 9.50300000e-10  1.15929985e-03 
 9.50700000e-10  1.15445975e-03 
 9.51500000e-10  1.14489372e-03 
 9.52500000e-10  1.13315446e-03 
 9.53500000e-10  1.12164628e-03 
 9.54500000e-10  1.11036619e-03 
 9.55500000e-10  1.09930352e-03 
 9.56500000e-10  1.08845554e-03 
 9.57500000e-10  1.07781241e-03 
 9.58500000e-10  1.06737164e-03 
 9.59500000e-10  1.05712417e-03 
 9.60500000e-10  1.04706768e-03 
 9.61500000e-10  1.03719385e-03 
 9.62500000e-10  1.02750048e-03 
 9.63500000e-10  1.01797991e-03 
 9.64500000e-10  1.00863009e-03 
 9.65500000e-10  9.99443948e-04 
 9.66500000e-10  9.90419543e-04 
 9.67500000e-10  9.81550347e-04 
 9.68500000e-10  9.72834519e-04 
 9.69500000e-10  9.64266033e-04 
 9.70500000e-10  9.55843132e-04 
 9.71500000e-10  9.47560247e-04 
 9.72500000e-10  9.39415694e-04 
 9.73500000e-10  9.31404328e-04 
 9.74500000e-10  9.23524528e-04 
 9.75500000e-10  9.15771537e-04 
 9.76500000e-10  9.08143792e-04 
 9.77500000e-10  9.00636891e-04 
 9.78500000e-10  8.93249325e-04 
 9.79500000e-10  8.85977022e-04 
 9.80500000e-10  8.78818509e-04 
 9.81500000e-10  8.71770018e-04 
 9.82500000e-10  8.64830122e-04 
 9.83500000e-10  8.57995333e-04 
 9.84500000e-10  8.51264260e-04 
 9.85500000e-10  8.44633672e-04 
 9.86500000e-10  8.38102215e-04 
 9.87500000e-10  8.31666894e-04 
 9.88500000e-10  8.25326388e-04 
 9.89500000e-10  8.19077921e-04 
 9.90500000e-10  8.12920201e-04 
 9.91500000e-10  8.06850653e-04 
 9.92500000e-10  8.00868022e-04 
 9.93500000e-10  7.94969919e-04 
 9.94500000e-10  7.89155113e-04 
 9.95500000e-10  7.83421388e-04 
 9.96500000e-10  7.77767539e-04 
 9.97500000e-10  7.72191513e-04 
 9.98500000e-10  7.66692130e-04 
 9.99500000e-10  7.61267486e-04 
 1.00000000e-09  7.58582929e-04 
 1.00010000e-09  7.58048329e-04 
 1.00030000e-09  7.56981054e-04 
 1.00070000e-09  7.54855106e-04 
 1.00150000e-09  7.50637485e-04 
 1.00250000e-09  7.45428848e-04 
 1.00350000e-09  7.40289365e-04 
 1.00450000e-09  7.35217713e-04 
 1.00550000e-09  7.30212560e-04 
 1.00650000e-09  7.25272652e-04 
 1.00750000e-09  7.20396722e-04 
 1.00850000e-09  7.15583583e-04 
 1.00950000e-09  7.10832030e-04 
 1.01050000e-09  7.06140933e-04 
 1.01150000e-09  7.01509147e-04 
 1.01250000e-09  6.96935596e-04 
 1.01350000e-09  6.92419192e-04 
 1.01450000e-09  6.87958907e-04 
 1.01550000e-09  6.83553709e-04 
 1.01650000e-09  6.79202617e-04 
 1.01750000e-09  6.74904649e-04 
 1.01850000e-09  6.70658867e-04 
 1.01950000e-09  6.66464338e-04 
 1.02050000e-09  6.62320167e-04 
 1.02150000e-09  6.58225462e-04 
 1.02250000e-09  6.54179369e-04 
 1.02350000e-09  6.50181042e-04 
 1.02450000e-09  6.46229660e-04 
 1.02550000e-09  6.42324416e-04 
 1.02650000e-09  6.38464524e-04 
 1.02750000e-09  6.34649214e-04 
 1.02850000e-09  6.30877736e-04 
 1.02950000e-09  6.27149354e-04 
 1.03050000e-09  6.23463347e-04 
 1.03150000e-09  6.19819017e-04 
 1.03250000e-09  6.16215672e-04 
 1.03350000e-09  6.12652644e-04 
 1.03450000e-09  6.09129269e-04 
 1.03550000e-09  6.05644908e-04 
 1.03650000e-09  6.02198925e-04 
 1.03750000e-09  5.98790709e-04 
 1.03850000e-09  5.95419648e-04 
 1.03950000e-09  5.92085159e-04 
 1.04050000e-09  5.88786655e-04 
 1.04150000e-09  5.85523576e-04 
 1.04250000e-09  5.82295359e-04 
 1.04350000e-09  5.79101469e-04 
 1.04450000e-09  5.75941362e-04 
 1.04550000e-09  5.72814528e-04 
 1.04650000e-09  5.69720443e-04 
 1.04750000e-09  5.66658617e-04 
 1.04850000e-09  5.63628549e-04 
 1.04950000e-09  5.60629767e-04 
 1.05000000e-09  5.59141960e-04 
 1.05010000e-09  5.58845353e-04 
 1.05030000e-09  5.58253013e-04 
 1.05070000e-09  5.57071925e-04 
 1.05150000e-09  5.54724250e-04 
 1.05250000e-09  5.51816518e-04 
 1.05350000e-09  5.48938238e-04 
 1.05450000e-09  5.46088965e-04 
 1.05550000e-09  5.43268279e-04 
 1.05650000e-09  5.40475757e-04 
 1.05750000e-09  5.37710991e-04 
 1.05850000e-09  5.34973575e-04 
 1.05950000e-09  5.32263115e-04 
 1.06050000e-09  5.29579222e-04 
 1.06150000e-09  5.26921516e-04 
 1.06250000e-09  5.24289622e-04 
 1.06350000e-09  5.21683175e-04 
 1.06450000e-09  5.19101813e-04 
 1.06550000e-09  5.16545185e-04 
 1.06650000e-09  5.14012942e-04 
 1.06750000e-09  5.11504746e-04 
 1.06850000e-09  5.09020260e-04 
 1.06950000e-09  5.06559157e-04 
 1.07050000e-09  5.04121116e-04 
 1.07150000e-09  5.01705819e-04 
 1.07250000e-09  4.99312956e-04 
 1.07350000e-09  4.96942222e-04 
 1.07450000e-09  4.94593316e-04 
 1.07550000e-09  4.92265946e-04 
 1.07650000e-09  4.89959820e-04 
 1.07750000e-09  4.87674657e-04 
 1.07850000e-09  4.85410174e-04 
 1.07950000e-09  4.83166101e-04 
 1.08050000e-09  4.80942164e-04 
 1.08150000e-09  4.78738102e-04 
 1.08250000e-09  4.76553651e-04 
 1.08350000e-09  4.74388559e-04 
 1.08450000e-09  4.72242570e-04 
 1.08550000e-09  4.70115442e-04 
 1.08650000e-09  4.68006927e-04 
 1.08750000e-09  4.65916790e-04 
 1.08850000e-09  4.63844793e-04 
 1.08950000e-09  4.61790708e-04 
 1.09050000e-09  4.59754304e-04 
 1.09150000e-09  4.57735362e-04 
 1.09250000e-09  4.55733659e-04 
 1.09350000e-09  4.53748981e-04 
 1.09450000e-09  4.51781113e-04 
 1.09550000e-09  4.49829850e-04 
 1.09650000e-09  4.47894981e-04 
 1.09750000e-09  4.45976309e-04 
 1.09850000e-09  4.44073631e-04 
 1.09950000e-09  4.42186754e-04 
 1.10050000e-09  4.40315482e-04 
 1.10150000e-09  4.38459630e-04 
 1.10250000e-09  4.36619006e-04 
 1.10350000e-09  4.34793432e-04 
 1.10450000e-09  4.32982721e-04 
 1.10550000e-09  4.31186702e-04 
 1.10650000e-09  4.29405193e-04 
 1.10750000e-09  4.27638028e-04 
 1.10850000e-09  4.25885032e-04 
 1.10950000e-09  4.24146042e-04 
 1.11050000e-09  4.22420891e-04 
 1.11150000e-09  4.20709418e-04 
 1.11250000e-09  4.19011463e-04 
 1.11350000e-09  4.17326870e-04 
 1.11450000e-09  4.15655482e-04 
 1.11550000e-09  4.13997151e-04 
 1.11650000e-09  4.12351722e-04 
 1.11750000e-09  4.10719051e-04 
 1.11850000e-09  4.09098990e-04 
 1.11950000e-09  4.07491399e-04 
 1.12050000e-09  4.05896132e-04 
 1.12150000e-09  4.04313055e-04 
 1.12250000e-09  4.02742026e-04 
 1.12350000e-09  4.01182915e-04 
 1.12450000e-09  3.99635584e-04 
 1.12550000e-09  3.98099906e-04 
 1.12650000e-09  3.96575749e-04 
 1.12750000e-09  3.95062988e-04 
 1.12850000e-09  3.93561495e-04 
 1.12950000e-09  3.92071149e-04 
 1.13050000e-09  3.90591825e-04 
 1.13150000e-09  3.89123407e-04 
 1.13250000e-09  3.87665772e-04 
 1.13350000e-09  3.86218808e-04 
 1.13450000e-09  3.84782396e-04 
 1.13550000e-09  3.83356426e-04 
 1.13650000e-09  3.81940782e-04 
 1.13750000e-09  3.80535358e-04 
 1.13850000e-09  3.79140042e-04 
 1.13950000e-09  3.77754729e-04 
 1.14050000e-09  3.76379312e-04 
 1.14150000e-09  3.75013688e-04 
 1.14250000e-09  3.73657752e-04 
 1.14350000e-09  3.72311406e-04 
 1.14450000e-09  3.70974546e-04 
 1.14550000e-09  3.69647078e-04 
 1.14650000e-09  3.68328900e-04 
 1.14750000e-09  3.67019920e-04 
 1.14850000e-09  3.65720040e-04 
 1.14950000e-09  3.64429170e-04 
 1.15050000e-09  3.63147215e-04 
 1.15150000e-09  3.61874086e-04 
 1.15250000e-09  3.60609692e-04 
 1.15350000e-09  3.59353946e-04 
 1.15450000e-09  3.58106759e-04 
 1.15550000e-09  3.56868047e-04 
 1.15650000e-09  3.55637723e-04 
 1.15750000e-09  3.54415705e-04 
 1.15850000e-09  3.53201907e-04 
 1.15950000e-09  3.51996252e-04 
 1.16050000e-09  3.50798655e-04 
 1.16150000e-09  3.49609040e-04 
 1.16250000e-09  3.48427326e-04 
 1.16350000e-09  3.47253437e-04 
 1.16450000e-09  3.46087295e-04 
 1.16550000e-09  3.44928827e-04 
 1.16650000e-09  3.43777954e-04 
 1.16750000e-09  3.42634607e-04 
 1.16850000e-09  3.41498711e-04 
 1.16950000e-09  3.40370195e-04 
 1.17050000e-09  3.39248987e-04 
 1.17150000e-09  3.38135019e-04 
 1.17250000e-09  3.37028220e-04 
 1.17350000e-09  3.35928524e-04 
 1.17450000e-09  3.34835861e-04 
 1.17550000e-09  3.33750167e-04 
 1.17650000e-09  3.32671374e-04 
 1.17750000e-09  3.31599419e-04 
 1.17850000e-09  3.30534237e-04 
 1.17950000e-09  3.29475765e-04 
 1.18050000e-09  3.28423940e-04 
 1.18150000e-09  3.27378702e-04 
 1.18250000e-09  3.26339987e-04 
 1.18350000e-09  3.25307739e-04 
 1.18450000e-09  3.24281894e-04 
 1.18550000e-09  3.23262396e-04 
 1.18650000e-09  3.22249186e-04 
 1.18750000e-09  3.21242207e-04 
 1.18850000e-09  3.20241401e-04 
 1.18950000e-09  3.19246715e-04 
 1.19050000e-09  3.18258091e-04 
 1.19150000e-09  3.17275475e-04 
 1.19250000e-09  3.16298813e-04 
 1.19350000e-09  3.15328053e-04 
 1.19450000e-09  3.14363139e-04 
 1.19550000e-09  3.13404022e-04 
 1.19650000e-09  3.12450649e-04 
 1.19750000e-09  3.11502970e-04 
 1.19850000e-09  3.10560933e-04 
 1.19950000e-09  3.09624491e-04 
 1.20000000e-09  3.09158350e-04 
 1.20010000e-09  3.48779931e-04 
 1.20030000e-09  4.36539656e-04 
 1.20070000e-09  7.17143856e-04 
 1.20150000e-09  1.22514148e-03 
 1.20250000e-09  1.66325062e-03 
 1.20350000e-09  1.96173923e-03 
 1.20450000e-09  2.12261340e-03 
 1.20550000e-09  2.21175227e-03 
 1.20650000e-09  2.22056767e-03 
 1.20750000e-09  2.19589978e-03 
 1.20850000e-09  2.12373760e-03 
 1.20950000e-09  2.03788821e-03 
 1.21050000e-09  1.92157636e-03 
 1.21150000e-09  1.79957544e-03 
 1.21250000e-09  1.65404585e-03 
 1.21350000e-09  1.50377225e-03 
 1.21450000e-09  1.33117057e-03 
 1.21550000e-09  1.15145087e-03 
 1.21650000e-09  9.49647562e-04 
 1.21750000e-09  7.40588573e-04 
 1.21850000e-09  5.14433260e-04 
 1.21950000e-09  2.89223159e-04 
 1.22050000e-09  6.32040063e-05 
 1.22150000e-09 -1.49897200e-04 
 1.22250000e-09 -3.33133473e-04 
 1.22350000e-09 -4.48649054e-04 
 1.22450000e-09 -4.85266670e-04 
 1.22550000e-09 -4.13610029e-04 
 1.22650000e-09 -2.25773526e-04 
 1.22750000e-09  9.17098222e-05 
 1.22850000e-09  5.20460741e-04 
 1.22950000e-09  1.09097386e-03 
 1.23050000e-09  1.79515303e-03 
 1.23150000e-09  2.63114164e-03 
 1.23250000e-09  3.58226383e-03 
 1.23350000e-09  4.63478261e-03 
 1.23450000e-09  5.76838595e-03 
 1.23550000e-09  6.97815973e-03 
 1.23650000e-09  8.26327432e-03 
 1.23750000e-09  9.64420313e-03 
 1.23850000e-09  1.11490288e-02 
 1.23950000e-09  1.28228798e-02 
 1.24050000e-09  1.47094065e-02 
 1.24150000e-09  1.68627862e-02 
 1.24250000e-09  1.93422883e-02 
 1.24350000e-09  2.22259754e-02 
 1.24450000e-09  2.55819477e-02 
 1.24550000e-09  2.94421775e-02 
 1.24650000e-09  3.37554401e-02 
 1.24750000e-09  3.83875362e-02 
 1.24850000e-09  4.31540352e-02 
 1.24950000e-09  4.79107815e-02 
 1.25000000e-09  5.02656732e-02 
 1.25010000e-09  5.14125805e-02 
 1.25030000e-09  5.29948485e-02 
 1.25070000e-09  5.55497042e-02 
 1.25150000e-09  6.05948233e-02 
 1.25250000e-09  6.63186253e-02 
 1.25350000e-09  7.18064978e-02 
 1.25450000e-09  7.69295894e-02 
 1.25550000e-09  8.19166341e-02 
 1.25650000e-09  8.66305375e-02 
 1.25750000e-09  9.12408502e-02 
 1.25850000e-09  9.56299855e-02 
 1.25950000e-09  9.99357051e-02 
 1.26050000e-09  1.04067737e-01 
 1.26150000e-09  1.08144126e-01 
 1.26250000e-09  1.12097292e-01 
 1.26350000e-09  1.16029034e-01 
 1.26450000e-09  1.19890075e-01 
 1.26550000e-09  1.23769999e-01 
 1.26650000e-09  1.27632636e-01 
 1.26750000e-09  1.31556898e-01 
 1.26850000e-09  1.35517165e-01 
 1.26950000e-09  1.39584429e-01 
 1.27050000e-09  1.43742088e-01 
 1.27150000e-09  1.48055297e-01 
 1.27250000e-09  1.52515941e-01 
 1.27350000e-09  1.57185829e-01 
 1.27450000e-09  1.62065661e-01 
 1.27550000e-09  1.67216742e-01 
 1.27650000e-09  1.72649840e-01 
 1.27750000e-09  1.78429196e-01 
 1.27850000e-09  1.84577944e-01 
 1.27950000e-09  1.91167412e-01 
 1.28050000e-09  1.98236148e-01 
 1.28150000e-09  2.05866356e-01 
 1.28250000e-09  2.14112928e-01 
 1.28350000e-09  2.23066688e-01 
 1.28450000e-09  2.32788448e-01 
 1.28550000e-09  2.43358563e-01 
 1.28650000e-09  2.54816445e-01 
 1.28750000e-09  2.67205618e-01 
 1.28850000e-09  2.80528117e-01 
 1.28950000e-09  2.94791127e-01 
 1.29050000e-09  3.09970990e-01 
 1.29150000e-09  3.26053342e-01 
 1.29250000e-09  3.42999467e-01 
 1.29350000e-09  3.60779215e-01 
 1.29450000e-09  3.79340677e-01 
 1.29550000e-09  3.98638804e-01 
 1.29650000e-09  4.18609673e-01 
 1.29750000e-09  4.39196639e-01 
 1.29850000e-09  4.60329459e-01 
 1.29950000e-09  4.81948620e-01 
 1.30050000e-09  5.03988318e-01 
 1.30150000e-09  5.26397971e-01 
 1.30250000e-09  5.49126818e-01 
 1.30350000e-09  5.72141160e-01 
 1.30450000e-09  5.95409120e-01 
 1.30550000e-09  6.18913813e-01 
 1.30650000e-09  6.42638718e-01 
 1.30750000e-09  6.66578218e-01 
 1.30850000e-09  6.90724448e-01 
 1.30950000e-09  7.15076397e-01 
 1.31050000e-09  7.39628751e-01 
 1.31150000e-09  7.64380493e-01 
 1.31250000e-09  7.89326039e-01 
 1.31350000e-09  8.14463699e-01 
 1.31450000e-09  8.39788501e-01 
 1.31550000e-09  8.65299802e-01 
 1.31650000e-09  8.90994342e-01 
 1.31750000e-09  9.16871840e-01 
 1.31850000e-09  9.42927071e-01 
 1.31950000e-09  9.69153226e-01 
 1.32050000e-09  9.95533363e-01 
 1.32150000e-09  1.02204261e+00 
 1.32250000e-09  1.04863999e+00 
 1.32350000e-09  1.07527058e+00 
 1.32450000e-09  1.10185852e+00 
 1.32550000e-09  1.12830901e+00 
 1.32650000e-09  1.15450495e+00 
 1.32750000e-09  1.18031434e+00 
 1.32850000e-09  1.20559385e+00 
 1.32950000e-09  1.23020432e+00 
 1.33050000e-09  1.25402159e+00 
 1.33150000e-09  1.27695337e+00 
 1.33250000e-09  1.29894313e+00 
 1.33350000e-09  1.31997245e+00 
 1.33450000e-09  1.34005107e+00 
 1.33550000e-09  1.35920986e+00 
 1.33650000e-09  1.37748930e+00 
 1.33750000e-09  1.39493566e+00 
 1.33850000e-09  1.41159460e+00 
 1.33950000e-09  1.42751136e+00 
 1.34050000e-09  1.44272745e+00 
 1.34150000e-09  1.45728250e+00 
 1.34250000e-09  1.47121212e+00 
 1.34350000e-09  1.48455010e+00 
 1.34450000e-09  1.49732664e+00 
 1.34550000e-09  1.50957050e+00 
 1.34650000e-09  1.52130741e+00 
 1.34750000e-09  1.53256205e+00 
 1.34850000e-09  1.54335656e+00 
 1.34950000e-09  1.55371233e+00 
 1.35050000e-09  1.56364865e+00 
 1.35150000e-09  1.57318432e+00 
 1.35250000e-09  1.58233636e+00 
 1.35350000e-09  1.59112148e+00 
 1.35450000e-09  1.59955486e+00 
 1.35550000e-09  1.60765154e+00 
 1.35650000e-09  1.61542521e+00 
 1.35750000e-09  1.62288953e+00 
 1.35850000e-09  1.63005697e+00 
 1.35950000e-09  1.63694001e+00 
 1.36050000e-09  1.64355012e+00 
 1.36150000e-09  1.64989878e+00 
 1.36250000e-09  1.65599653e+00 
 1.36350000e-09  1.66185388e+00 
 1.36450000e-09  1.66748042e+00 
 1.36550000e-09  1.67288559e+00 
 1.36650000e-09  1.67807783e+00 
 1.36750000e-09  1.68306541e+00 
 1.36850000e-09  1.68785573e+00 
 1.36950000e-09  1.69245608e+00 
 1.37050000e-09  1.69687312e+00 
 1.37150000e-09  1.70111358e+00 
 1.37250000e-09  1.70518365e+00 
 1.37350000e-09  1.70908970e+00 
 1.37450000e-09  1.71283766e+00 
 1.37550000e-09  1.71643360e+00 
 1.37650000e-09  1.71988315e+00 
 1.37750000e-09  1.72319209e+00 
 1.37850000e-09  1.72636576e+00 
 1.37950000e-09  1.72940958e+00 
 1.38050000e-09  1.73232858e+00 
 1.38150000e-09  1.73512784e+00 
 1.38250000e-09  1.73781207e+00 
 1.38350000e-09  1.74038597e+00 
 1.38450000e-09  1.74285389e+00 
 1.38550000e-09  1.74522025e+00 
 1.38650000e-09  1.74748905e+00 
 1.38750000e-09  1.74966438e+00 
 1.38850000e-09  1.75174996e+00 
 1.38950000e-09  1.75374956e+00 
 1.39050000e-09  1.75566660e+00 
 1.39150000e-09  1.75750455e+00 
 1.39250000e-09  1.75926657e+00 
 1.39350000e-09  1.76095587e+00 
 1.39450000e-09  1.76257534e+00 
 1.39550000e-09  1.76412794e+00 
 1.39650000e-09  1.76561633e+00 
 1.39750000e-09  1.76704324e+00 
 1.39850000e-09  1.76841111e+00 
 1.39950000e-09  1.76972246e+00 
 1.40050000e-09  1.77097952e+00 
 1.40150000e-09  1.77218461e+00 
 1.40250000e-09  1.77333981e+00 
 1.40350000e-09  1.77444722e+00 
 1.40450000e-09  1.77550876e+00 
 1.40550000e-09  1.77652638e+00 
 1.40650000e-09  1.77750182e+00 
 1.40750000e-09  1.77843688e+00 
 1.40850000e-09  1.77933319e+00 
 1.40950000e-09  1.78019237e+00 
 1.41050000e-09  1.78101592e+00 
 1.41150000e-09  1.78180534e+00 
 1.41250000e-09  1.78256202e+00 
 1.41350000e-09  1.78328733e+00 
 1.41450000e-09  1.78398255e+00 
 1.41550000e-09  1.78464893e+00 
 1.41650000e-09  1.78528765e+00 
 1.41750000e-09  1.78589987e+00 
 1.41850000e-09  1.78648667e+00 
 1.41950000e-09  1.78704912e+00 
 1.42050000e-09  1.78758820e+00 
 1.42150000e-09  1.78810490e+00 
 1.42250000e-09  1.78860013e+00 
 1.42350000e-09  1.78907479e+00 
 1.42450000e-09  1.78952972e+00 
 1.42550000e-09  1.78996575e+00 
 1.42650000e-09  1.79038366e+00 
 1.42750000e-09  1.79078419e+00 
 1.42850000e-09  1.79116807e+00 
 1.42950000e-09  1.79153598e+00 
 1.43050000e-09  1.79188860e+00 
 1.43150000e-09  1.79222655e+00 
 1.43250000e-09  1.79255044e+00 
 1.43350000e-09  1.79286085e+00 
 1.43450000e-09  1.79315835e+00 
 1.43550000e-09  1.79344347e+00 
 1.43650000e-09  1.79371672e+00 
 1.43750000e-09  1.79397860e+00 
 1.43850000e-09  1.79422958e+00 
 1.43950000e-09  1.79447010e+00 
 1.44050000e-09  1.79470062e+00 
 1.44150000e-09  1.79492153e+00 
 1.44250000e-09  1.79513324e+00 
 1.44350000e-09  1.79533614e+00 
 1.44450000e-09  1.79553059e+00 
 1.44550000e-09  1.79571693e+00 
 1.44650000e-09  1.79589551e+00 
 1.44750000e-09  1.79606665e+00 
 1.44850000e-09  1.79623066e+00 
 1.44950000e-09  1.79638784e+00 
 1.45000000e-09  1.79646395e+00 
 1.45010000e-09  1.79647894e+00 
 1.45030000e-09  1.79650880e+00 
 1.45070000e-09  1.79656778e+00 
 1.45150000e-09  1.79668276e+00 
 1.45250000e-09  1.79682109e+00 
 1.45350000e-09  1.79695366e+00 
 1.45450000e-09  1.79708071e+00 
 1.45550000e-09  1.79720245e+00 
 1.45650000e-09  1.79731913e+00 
 1.45750000e-09  1.79743094e+00 
 1.45850000e-09  1.79753808e+00 
 1.45950000e-09  1.79764076e+00 
 1.46050000e-09  1.79773916e+00 
 1.46150000e-09  1.79783345e+00 
 1.46250000e-09  1.79792382e+00 
 1.46350000e-09  1.79801041e+00 
 1.46450000e-09  1.79809339e+00 
 1.46550000e-09  1.79817292e+00 
 1.46650000e-09  1.79824912e+00 
 1.46750000e-09  1.79832215e+00 
 1.46850000e-09  1.79839213e+00 
 1.46950000e-09  1.79845919e+00 
 1.47050000e-09  1.79852346e+00 
 1.47150000e-09  1.79858504e+00 
 1.47250000e-09  1.79864406e+00 
 1.47350000e-09  1.79870061e+00 
 1.47450000e-09  1.79875481e+00 
 1.47550000e-09  1.79880674e+00 
 1.47650000e-09  1.79885651e+00 
 1.47750000e-09  1.79890420e+00 
 1.47850000e-09  1.79894990e+00 
 1.47950000e-09  1.79899369e+00 
 1.48050000e-09  1.79903566e+00 
 1.48150000e-09  1.79907587e+00 
 1.48250000e-09  1.79911441e+00 
 1.48350000e-09  1.79915134e+00 
 1.48450000e-09  1.79918673e+00 
 1.48550000e-09  1.79922064e+00 
 1.48650000e-09  1.79925314e+00 
 1.48750000e-09  1.79928428e+00 
 1.48850000e-09  1.79931412e+00 
 1.48950000e-09  1.79934272e+00 
 1.49050000e-09  1.79937012e+00 
 1.49150000e-09  1.79939638e+00 
 1.49250000e-09  1.79942154e+00 
 1.49350000e-09  1.79944566e+00 
 1.49450000e-09  1.79946876e+00 
 1.49550000e-09  1.79949091e+00 
 1.49650000e-09  1.79951212e+00 
 1.49750000e-09  1.79953246e+00 
 1.49850000e-09  1.79955194e+00 
 1.49950000e-09  1.79957061e+00 
 1.50000000e-09  1.79957965e+00 
 1.50010000e-09  1.79958144e+00 
 1.50030000e-09  1.79958498e+00 
 1.50070000e-09  1.79959199e+00 
 1.50150000e-09  1.79960564e+00 
 1.50250000e-09  1.79962208e+00 
 1.50350000e-09  1.79963782e+00 
 1.50450000e-09  1.79965291e+00 
 1.50550000e-09  1.79966736e+00 
 1.50650000e-09  1.79968122e+00 
 1.50750000e-09  1.79969450e+00 
 1.50850000e-09  1.79970722e+00 
 1.50950000e-09  1.79971941e+00 
 1.51050000e-09  1.79973109e+00 
 1.51150000e-09  1.79974229e+00 
 1.51250000e-09  1.79975301e+00 
 1.51350000e-09  1.79976329e+00 
 1.51450000e-09  1.79977314e+00 
 1.51550000e-09  1.79978258e+00 
 1.51650000e-09  1.79979163e+00 
 1.51750000e-09  1.79980030e+00 
 1.51850000e-09  1.79980860e+00 
 1.51950000e-09  1.79981656e+00 
 1.52050000e-09  1.79982419e+00 
 1.52150000e-09  1.79983150e+00 
 1.52250000e-09  1.79983850e+00 
 1.52350000e-09  1.79984522e+00 
 1.52450000e-09  1.79985165e+00 
 1.52550000e-09  1.79985781e+00 
 1.52650000e-09  1.79986372e+00 
 1.52750000e-09  1.79986938e+00 
 1.52850000e-09  1.79987480e+00 
 1.52950000e-09  1.79988000e+00 
 1.53050000e-09  1.79988498e+00 
 1.53150000e-09  1.79988975e+00 
 1.53250000e-09  1.79989432e+00 
 1.53350000e-09  1.79989870e+00 
 1.53450000e-09  1.79990290e+00 
 1.53550000e-09  1.79990693e+00 
 1.53650000e-09  1.79991078e+00 
 1.53750000e-09  1.79991448e+00 
 1.53850000e-09  1.79991802e+00 
 1.53950000e-09  1.79992141e+00 
 1.54050000e-09  1.79992466e+00 
 1.54150000e-09  1.79992778e+00 
 1.54250000e-09  1.79993077e+00 
 1.54350000e-09  1.79993363e+00 
 1.54450000e-09  1.79993637e+00 
 1.54550000e-09  1.79993900e+00 
 1.54650000e-09  1.79994151e+00 
 1.54750000e-09  1.79994393e+00 
 1.54850000e-09  1.79994624e+00 
 1.54950000e-09  1.79994845e+00 
 1.55000000e-09  1.79994953e+00 
 1.55010000e-09  1.79994974e+00 
 1.55030000e-09  1.79995016e+00 
 1.55070000e-09  1.79995099e+00 
 1.55150000e-09  1.79995261e+00 
 1.55250000e-09  1.79995456e+00 
 1.55350000e-09  1.79995643e+00 
 1.55450000e-09  1.79995822e+00 
 1.55550000e-09  1.79995993e+00 
 1.55650000e-09  1.79996158e+00 
 1.55750000e-09  1.79996315e+00 
 1.55850000e-09  1.79996466e+00 
 1.55950000e-09  1.79996611e+00 
 1.56050000e-09  1.79996750e+00 
 1.56150000e-09  1.79996883e+00 
 1.56250000e-09  1.79997010e+00 
 1.56350000e-09  1.79997132e+00 
 1.56450000e-09  1.79997249e+00 
 1.56550000e-09  1.79997361e+00 
 1.56650000e-09  1.79997468e+00 
 1.56750000e-09  1.79997571e+00 
 1.56850000e-09  1.79997670e+00 
 1.56950000e-09  1.79997764e+00 
 1.57050000e-09  1.79997855e+00 
 1.57150000e-09  1.79997941e+00 
 1.57250000e-09  1.79998025e+00 
 1.57350000e-09  1.79998104e+00 
 1.57450000e-09  1.79998181e+00 
 1.57550000e-09  1.79998254e+00 
 1.57650000e-09  1.79998324e+00 
 1.57750000e-09  1.79998391e+00 
 1.57850000e-09  1.79998455e+00 
 1.57950000e-09  1.79998517e+00 
 1.58050000e-09  1.79998576e+00 
 1.58150000e-09  1.79998633e+00 
 1.58250000e-09  1.79998687e+00 
 1.58350000e-09  1.79998739e+00 
 1.58450000e-09  1.79998789e+00 
 1.58550000e-09  1.79998837e+00 
 1.58650000e-09  1.79998883e+00 
 1.58750000e-09  1.79998927e+00 
 1.58850000e-09  1.79998969e+00 
 1.58950000e-09  1.79999009e+00 
 1.59050000e-09  1.79999048e+00 
 1.59150000e-09  1.79999085e+00 
 1.59250000e-09  1.79999120e+00 
 1.59350000e-09  1.79999154e+00 
 1.59450000e-09  1.79999187e+00 
 1.59550000e-09  1.79999218e+00 
 1.59650000e-09  1.79999248e+00 
 1.59750000e-09  1.79999277e+00 
 1.59850000e-09  1.79999304e+00 
 1.59950000e-09  1.79999330e+00 
 1.60050000e-09  1.79999356e+00 
 1.60150000e-09  1.79999380e+00 
 1.60250000e-09  1.79999403e+00 
 1.60350000e-09  1.79999425e+00 
 1.60450000e-09  1.79999447e+00 
 1.60550000e-09  1.79999467e+00 
 1.60650000e-09  1.79999486e+00 
 1.60750000e-09  1.79999505e+00 
 1.60850000e-09  1.79999523e+00 
 1.60950000e-09  1.79999540e+00 
 1.61050000e-09  1.79999557e+00 
 1.61150000e-09  1.79999573e+00 
 1.61250000e-09  1.79999588e+00 
 1.61350000e-09  1.79999602e+00 
 1.61450000e-09  1.79999616e+00 
 1.61550000e-09  1.79999630e+00 
 1.61650000e-09  1.79999642e+00 
 1.61750000e-09  1.79999655e+00 
 1.61850000e-09  1.79999666e+00 
 1.61950000e-09  1.79999678e+00 
 1.62050000e-09  1.79999688e+00 
 1.62150000e-09  1.79999699e+00 
 1.62250000e-09  1.79999709e+00 
 1.62350000e-09  1.79999718e+00 
 1.62450000e-09  1.79999727e+00 
 1.62550000e-09  1.79999736e+00 
 1.62650000e-09  1.79999744e+00 
 1.62750000e-09  1.79999752e+00 
 1.62850000e-09  1.79999760e+00 
 1.62950000e-09  1.79999767e+00 
 1.63050000e-09  1.79999775e+00 
 1.63150000e-09  1.79999781e+00 
 1.63250000e-09  1.79999788e+00 
 1.63350000e-09  1.79999794e+00 
 1.63450000e-09  1.79999800e+00 
 1.63550000e-09  1.79999806e+00 
 1.63650000e-09  1.79999811e+00 
 1.63750000e-09  1.79999816e+00 
 1.63850000e-09  1.79999821e+00 
 1.63950000e-09  1.79999826e+00 
 1.64050000e-09  1.79999831e+00 
 1.64150000e-09  1.79999835e+00 
 1.64250000e-09  1.79999840e+00 
 1.64350000e-09  1.79999844e+00 
 1.64450000e-09  1.79999848e+00 
 1.64550000e-09  1.79999851e+00 
 1.64650000e-09  1.79999855e+00 
 1.64750000e-09  1.79999858e+00 
 1.64850000e-09  1.79999862e+00 
 1.64950000e-09  1.79999865e+00 
 1.65050000e-09  1.79999868e+00 
 1.65150000e-09  1.79999871e+00 
 1.65250000e-09  1.79999874e+00 
 1.65350000e-09  1.79999876e+00 
 1.65450000e-09  1.79999879e+00 
 1.65550000e-09  1.79999881e+00 
 1.65650000e-09  1.79999884e+00 
 1.65750000e-09  1.79999886e+00 
 1.65850000e-09  1.79999888e+00 
 1.65950000e-09  1.79999890e+00 
 1.66050000e-09  1.79999892e+00 
 1.66150000e-09  1.79999894e+00 
 1.66250000e-09  1.79999896e+00 
 1.66350000e-09  1.79999898e+00 
 1.66450000e-09  1.79999899e+00 
 1.66550000e-09  1.79999901e+00 
 1.66650000e-09  1.79999903e+00 
 1.66750000e-09  1.79999904e+00 
 1.66850000e-09  1.79999905e+00 
 1.66950000e-09  1.79999907e+00 
 1.67050000e-09  1.79999908e+00 
 1.67150000e-09  1.79999909e+00 
 1.67250000e-09  1.79999911e+00 
 1.67350000e-09  1.79999912e+00 
 1.67450000e-09  1.79999913e+00 
 1.67550000e-09  1.79999914e+00 
 1.67650000e-09  1.79999915e+00 
 1.67750000e-09  1.79999916e+00 
 1.67850000e-09  1.79999917e+00 
 1.67950000e-09  1.79999918e+00 
 1.68050000e-09  1.79999919e+00 
 1.68150000e-09  1.79999920e+00 
 1.68250000e-09  1.79999920e+00 
 1.68350000e-09  1.79999921e+00 
 1.68450000e-09  1.79999922e+00 
 1.68550000e-09  1.79999923e+00 
 1.68650000e-09  1.79999923e+00 
 1.68750000e-09  1.79999924e+00 
 1.68850000e-09  1.79999925e+00 
 1.68950000e-09  1.79999925e+00 
 1.69050000e-09  1.79999926e+00 
 1.69150000e-09  1.79999926e+00 
 1.69250000e-09  1.79999927e+00 
 1.69350000e-09  1.79999927e+00 
 1.69450000e-09  1.79999928e+00 
 1.69550000e-09  1.79999928e+00 
 1.69650000e-09  1.79999929e+00 
 1.69750000e-09  1.79999929e+00 
 1.69850000e-09  1.79999930e+00 
 1.69950000e-09  1.79999930e+00 
 1.70000000e-09  1.79999930e+00 
 1.70010000e-09  1.80047444e+00 
 1.70030000e-09  1.80101183e+00 
 1.70070000e-09  1.80160856e+00 
 1.70150000e-09  1.80320963e+00 
 1.70250000e-09  1.80560636e+00 
 1.70350000e-09  1.80839531e+00 
 1.70450000e-09  1.81140441e+00 
 1.70550000e-09  1.81461246e+00 
 1.70650000e-09  1.81790817e+00 
 1.70750000e-09  1.82129925e+00 
 1.70850000e-09  1.82471180e+00 
 1.70950000e-09  1.82816921e+00 
 1.71050000e-09  1.83162056e+00 
 1.71150000e-09  1.83509687e+00 
 1.71250000e-09  1.83856156e+00 
 1.71350000e-09  1.84204851e+00 
 1.71450000e-09  1.84553027e+00 
 1.71550000e-09  1.84904084e+00 
 1.71650000e-09  1.85255870e+00 
 1.71750000e-09  1.85611633e+00 
 1.71850000e-09  1.85969588e+00 
 1.71950000e-09  1.86332706e+00 
 1.72050000e-09  1.86699395e+00 
 1.72150000e-09  1.87072202e+00 
 1.72250000e-09  1.87449578e+00 
 1.72350000e-09  1.87833657e+00 
 1.72450000e-09  1.88222638e+00 
 1.72550000e-09  1.88617950e+00 
 1.72650000e-09  1.89017715e+00 
 1.72750000e-09  1.89422845e+00 
 1.72850000e-09  1.89831113e+00 
 1.72950000e-09  1.90242599e+00 
 1.73050000e-09  1.90654323e+00 
 1.73150000e-09  1.91065320e+00 
 1.73250000e-09  1.91471975e+00 
 1.73350000e-09  1.91872703e+00 
 1.73450000e-09  1.92263773e+00 
 1.73550000e-09  1.92643560e+00 
 1.73650000e-09  1.93008762e+00 
 1.73750000e-09  1.93358283e+00 
 1.73850000e-09  1.93689772e+00 
 1.73950000e-09  1.94003114e+00 
 1.74050000e-09  1.94297194e+00 
 1.74150000e-09  1.94572999e+00 
 1.74250000e-09  1.94830564e+00 
 1.74350000e-09  1.95071730e+00 
 1.74450000e-09  1.95297333e+00 
 1.74550000e-09  1.95509730e+00 
 1.74650000e-09  1.95710209e+00 
 1.74750000e-09  1.95901383e+00 
 1.74850000e-09  1.96084855e+00 
 1.74950000e-09  1.96263533e+00 
 1.75000000e-09  1.96351628e+00 
 1.75010000e-09  1.96359242e+00 
 1.75030000e-09  1.96382249e+00 
 1.75070000e-09  1.96444280e+00 
 1.75150000e-09  1.96561013e+00 
 1.75250000e-09  1.96690072e+00 
 1.75350000e-09  1.96813391e+00 
 1.75450000e-09  1.96931669e+00 
 1.75550000e-09  1.97049911e+00 
 1.75650000e-09  1.97179026e+00 
 1.75750000e-09  1.97313257e+00 
 1.75850000e-09  1.97448829e+00 
 1.75950000e-09  1.97591066e+00 
 1.76050000e-09  1.97739145e+00 
 1.76150000e-09  1.97894854e+00 
 1.76250000e-09  1.98055003e+00 
 1.76350000e-09  1.98215996e+00 
 1.76450000e-09  1.98368343e+00 
 1.76550000e-09  1.98499600e+00 
 1.76650000e-09  1.98591003e+00 
 1.76750000e-09  1.98621838e+00 
 1.76850000e-09  1.98569592e+00 
 1.76950000e-09  1.98415699e+00 
 1.77050000e-09  1.98145776e+00 
 1.77150000e-09  1.97770206e+00 
 1.77250000e-09  1.97296484e+00 
 1.77350000e-09  1.96706154e+00 
 1.77450000e-09  1.95997111e+00 
 1.77550000e-09  1.95174534e+00 
 1.77650000e-09  1.94240741e+00 
 1.77750000e-09  1.93200841e+00 
 1.77850000e-09  1.92058651e+00 
 1.77950000e-09  1.90819613e+00 
 1.78050000e-09  1.89485887e+00 
 1.78150000e-09  1.88064618e+00 
 1.78250000e-09  1.86564510e+00 
 1.78350000e-09  1.84990247e+00 
 1.78450000e-09  1.83346732e+00 
 1.78550000e-09  1.81638347e+00 
 1.78650000e-09  1.79868827e+00 
 1.78750000e-09  1.78041619e+00 
 1.78850000e-09  1.76159425e+00 
 1.78950000e-09  1.74224865e+00 
 1.79050000e-09  1.72239855e+00 
 1.79150000e-09  1.70206308e+00 
 1.79250000e-09  1.68125560e+00 
 1.79350000e-09  1.65998978e+00 
 1.79450000e-09  1.63827423e+00 
 1.79550000e-09  1.61611680e+00 
 1.79650000e-09  1.59353474e+00 
 1.79750000e-09  1.57051178e+00 
 1.79850000e-09  1.54707211e+00 
 1.79950000e-09  1.52319599e+00 
 1.80050000e-09  1.49890034e+00 
 1.80150000e-09  1.47416386e+00 
 1.80250000e-09  1.44899478e+00 
 1.80350000e-09  1.42336819e+00 
 1.80450000e-09  1.39728224e+00 
 1.80550000e-09  1.37070557e+00 
 1.80650000e-09  1.34362376e+00 
 1.80750000e-09  1.31599493e+00 
 1.80850000e-09  1.28778829e+00 
 1.80950000e-09  1.25894647e+00 
 1.81050000e-09  1.22941826e+00 
 1.81150000e-09  1.19912772e+00 
 1.81250000e-09  1.16800497e+00 
 1.81350000e-09  1.13596515e+00 
 1.81450000e-09  1.10294256e+00 
 1.81550000e-09  1.06887984e+00 
 1.81650000e-09  1.03375844e+00 
 1.81750000e-09  9.97580007e-01 
 1.81850000e-09  9.60376675e-01 
 1.81950000e-09  9.22185363e-01 
 1.82050000e-09  8.83061592e-01 
 1.82150000e-09  8.43065880e-01 
 1.82250000e-09  8.02279694e-01 
 1.82350000e-09  7.60791748e-01 
 1.82450000e-09  7.18713346e-01 
 1.82550000e-09  6.76182661e-01 
 1.82650000e-09  6.33373231e-01 
 1.82750000e-09  5.90484056e-01 
 1.82850000e-09  5.47802054e-01 
 1.82950000e-09  5.05652482e-01 
 1.83050000e-09  4.64401683e-01 
 1.83150000e-09  4.24415876e-01 
 1.83250000e-09  3.86088678e-01 
 1.83350000e-09  3.49798402e-01 
 1.83450000e-09  3.15867551e-01 
 1.83550000e-09  2.84477630e-01 
 1.83650000e-09  2.55684184e-01 
 1.83750000e-09  2.29432599e-01 
 1.83850000e-09  2.05618020e-01 
 1.83950000e-09  1.84093520e-01 
 1.84050000e-09  1.64705155e-01 
 1.84150000e-09  1.47284178e-01 
 1.84250000e-09  1.31670417e-01 
 1.84350000e-09  1.17699117e-01 
 1.84450000e-09  1.05221228e-01 
 1.84550000e-09  9.40883670e-02 
 1.84650000e-09  8.41695373e-02 
 1.84750000e-09  7.53365829e-02 
 1.84850000e-09  6.74787611e-02 
 1.84950000e-09  6.04888137e-02 
 1.85050000e-09  5.42754363e-02 
 1.85150000e-09  4.87502988e-02 
 1.85250000e-09  4.38400871e-02 
 1.85350000e-09  3.94734014e-02 
 1.85450000e-09  3.55917897e-02 
 1.85550000e-09  3.21379927e-02 
 1.85650000e-09  2.90660078e-02 
 1.85750000e-09  2.63301793e-02 
 1.85850000e-09  2.38945850e-02 
 1.85950000e-09  2.17229318e-02 
 1.86050000e-09  1.97873402e-02 
 1.86150000e-09  1.80589879e-02 
 1.86250000e-09  1.65163476e-02 
 1.86350000e-09  1.51365158e-02 
 1.86450000e-09  1.39029468e-02 
 1.86550000e-09  1.27974063e-02 
 1.86650000e-09  1.18040456e-02 
 1.86750000e-09  1.09129483e-02 
 1.86850000e-09  1.01142567e-02 
 1.86950000e-09  9.39613538e-03 
 1.87050000e-09  8.75075314e-03 
 1.87150000e-09  8.16848239e-03 
 1.87250000e-09  7.64370116e-03 
 1.87350000e-09  7.16859043e-03 
 1.87450000e-09  6.73911482e-03 
 1.87550000e-09  6.34890447e-03 
 1.87650000e-09  5.99508538e-03 
 1.87750000e-09  5.67243776e-03 
 1.87850000e-09  5.37894870e-03 
 1.87950000e-09  5.11030846e-03 
 1.88050000e-09  4.86514769e-03 
 1.88150000e-09  4.63987741e-03 
 1.88250000e-09  4.43361137e-03 
 1.88350000e-09  4.24333319e-03 
 1.88450000e-09  4.06851992e-03 
 1.88550000e-09  3.90661208e-03 
 1.88650000e-09  3.75735968e-03 
 1.88750000e-09  3.61856980e-03 
 1.88850000e-09  3.49019692e-03 
 1.88950000e-09  3.37034390e-03 
 1.89050000e-09  3.25911759e-03 
 1.89150000e-09  3.15486105e-03 
 1.89250000e-09  3.05779366e-03 
 1.89350000e-09  2.96645486e-03 
 1.89450000e-09  2.88114616e-03 
 1.89550000e-09  2.80056864e-03 
 1.89650000e-09  2.72508275e-03 
 1.89750000e-09  2.65352356e-03 
 1.89850000e-09  2.58629268e-03 
 1.89950000e-09  2.52233712e-03 
 1.90050000e-09  2.46208616e-03 
 1.90150000e-09  2.40458093e-03 
 1.90250000e-09  2.35026818e-03 
 1.90350000e-09  2.29826880e-03 
 1.90450000e-09  2.24903929e-03 
 1.90550000e-09  2.20176860e-03 
 1.90650000e-09  2.15691719e-03 
 1.90750000e-09  2.11373255e-03 
 1.90850000e-09  2.07267480e-03 
 1.90950000e-09  2.03304209e-03 
 1.91050000e-09  1.99529109e-03 
 1.91150000e-09  1.95876410e-03 
 1.91250000e-09  1.92391207e-03 
 1.91350000e-09  1.89011602e-03 
 1.91450000e-09  1.85781963e-03 
 1.91550000e-09  1.82643805e-03 
 1.91650000e-09  1.79640665e-03 
 1.91750000e-09  1.76717089e-03 
 1.91850000e-09  1.73915714e-03 
 1.91950000e-09  1.71183787e-03 
 1.92050000e-09  1.68563014e-03 
 1.92150000e-09  1.66003059e-03 
 1.92250000e-09  1.63544682e-03 
 1.92350000e-09  1.61139726e-03 
 1.92450000e-09  1.58828006e-03 
 1.92550000e-09  1.56563331e-03 
 1.92650000e-09  1.54384589e-03 
 1.92750000e-09  1.52247371e-03 
 1.92850000e-09  1.50189663e-03 
 1.92950000e-09  1.48168673e-03 
 1.93050000e-09  1.46221517e-03 
 1.93150000e-09  1.44306878e-03 
 1.93250000e-09  1.42461036e-03 
 1.93350000e-09  1.40644020e-03 
 1.93450000e-09  1.38891313e-03 
 1.93550000e-09  1.37164176e-03 
 1.93650000e-09  1.35497346e-03 
 1.93750000e-09  1.33853199e-03 
 1.93850000e-09  1.32265725e-03 
 1.93950000e-09  1.30698376e-03 
 1.94050000e-09  1.29184459e-03 
 1.94150000e-09  1.27688377e-03 
 1.94250000e-09  1.26242800e-03 
 1.94350000e-09  1.24812998e-03 
 1.94450000e-09  1.23431050e-03 
 1.94550000e-09  1.22063021e-03 
 1.94650000e-09  1.20740437e-03 
 1.94750000e-09  1.19430093e-03 
 1.94850000e-09  1.18163002e-03 
 1.94950000e-09  1.16906627e-03 
 1.95000000e-09  1.16299790e-03 
 1.95010000e-09  1.16173949e-03 
 1.95030000e-09  1.15930272e-03 
 1.95070000e-09  1.15446247e-03 
 1.95150000e-09  1.14489653e-03 
 1.95250000e-09  1.13315713e-03 
 1.95350000e-09  1.12164903e-03 
 1.95450000e-09  1.11036882e-03 
 1.95550000e-09  1.09930621e-03 
 1.95650000e-09  1.08845812e-03 
 1.95750000e-09  1.07781505e-03 
 1.95850000e-09  1.06737417e-03 
 1.95950000e-09  1.05712675e-03 
 1.96050000e-09  1.04707017e-03 
 1.96150000e-09  1.03719636e-03 
 1.96250000e-09  1.02750292e-03 
 1.96350000e-09  1.01798236e-03 
 1.96450000e-09  1.00863248e-03 
 1.96550000e-09  9.99446338e-04 
 1.96650000e-09  9.90421870e-04 
 1.96750000e-09  9.81552671e-04 
 1.96850000e-09  9.72836788e-04 
 1.96950000e-09  9.64268291e-04 
 1.97050000e-09  9.55845341e-04 
 1.97150000e-09  9.47562437e-04 
 1.97250000e-09  9.39417843e-04 
 1.97350000e-09  9.31406452e-04 
 1.97450000e-09  9.23526617e-04 
 1.97550000e-09  9.15773678e-04 
 1.97650000e-09  9.08146078e-04 
 1.97750000e-09  9.00639186e-04 
 1.97850000e-09  8.93251623e-04 
 1.97950000e-09  8.85979239e-04 
 1.98050000e-09  8.78820677e-04 
 1.98150000e-09  8.71772078e-04 
 1.98250000e-09  8.64832124e-04 
 1.98350000e-09  8.57997227e-04 
 1.98450000e-09  8.51266104e-04 
 1.98550000e-09  8.44635419e-04 
 1.98650000e-09  8.38103927e-04 
 1.98750000e-09  8.31668521e-04 
 1.98850000e-09  8.25327995e-04 
 1.98950000e-09  8.19079455e-04 
 1.99050000e-09  8.12921727e-04 
 1.99150000e-09  8.06852115e-04 
 1.99250000e-09  8.00869486e-04 
 1.99350000e-09  7.94971325e-04 
 1.99450000e-09  7.89156528e-04 
 1.99550000e-09  7.83422749e-04 
 1.99650000e-09  7.77768916e-04 
 1.99750000e-09  7.72192837e-04 
 1.99850000e-09  7.66693474e-04 
 1.99950000e-09  7.61268779e-04 
 2.00000000e-09  7.58584251e-04 
