 0.00000000e+00  2.66845816e-02 
 1.00000000e-14  2.66845816e-02 
 2.00000000e-14  2.66845816e-02 
 4.00000000e-14  2.66845816e-02 
 8.00000000e-14  2.66845816e-02 
 1.60000000e-13  2.66845816e-02 
 3.20000000e-13  2.66845816e-02 
 6.40000000e-13  2.66845816e-02 
 1.28000000e-12  2.66845816e-02 
 2.28000000e-12  2.66845816e-02 
 3.28000000e-12  2.66845816e-02 
 4.28000000e-12  2.66845816e-02 
 5.28000000e-12  2.66845816e-02 
 6.28000000e-12  2.66845816e-02 
 7.28000000e-12  2.66845816e-02 
 8.28000000e-12  2.66845816e-02 
 9.28000000e-12  2.66845816e-02 
 1.02800000e-11  2.66845816e-02 
 1.12800000e-11  2.66845816e-02 
 1.22800000e-11  2.66845816e-02 
 1.32800000e-11  2.66845816e-02 
 1.42800000e-11  2.66845816e-02 
 1.52800000e-11  2.66845816e-02 
 1.62800000e-11  2.66845816e-02 
 1.72800000e-11  2.66845816e-02 
 1.82800000e-11  2.66845816e-02 
 1.92800000e-11  2.66845816e-02 
 2.02800000e-11  2.66845816e-02 
 2.12800000e-11  2.66845816e-02 
 2.22800000e-11  2.66845816e-02 
 2.32800000e-11  2.66845816e-02 
 2.42800000e-11  2.66845816e-02 
 2.52800000e-11  2.66845816e-02 
 2.62800000e-11  2.66845816e-02 
 2.72800000e-11  2.66845816e-02 
 2.82800000e-11  2.66845816e-02 
 2.92800000e-11  2.66845816e-02 
 3.02800000e-11  2.66845816e-02 
 3.12800000e-11  2.66845816e-02 
 3.22800000e-11  2.66845816e-02 
 3.32800000e-11  2.66845816e-02 
 3.42800000e-11  2.66845816e-02 
 3.52800000e-11  2.66845816e-02 
 3.62800000e-11  2.66845816e-02 
 3.72800000e-11  2.66845816e-02 
 3.82800000e-11  2.66845816e-02 
 3.92800000e-11  2.66845816e-02 
 4.02800000e-11  2.66845816e-02 
 4.12800000e-11  2.66845816e-02 
 4.22800000e-11  2.66845816e-02 
 4.32800000e-11  2.66845816e-02 
 4.42800000e-11  2.66845816e-02 
 4.52800000e-11  2.66845816e-02 
 4.62800000e-11  2.66845816e-02 
 4.72800000e-11  2.66845816e-02 
 4.82800000e-11  2.66845816e-02 
 4.92800000e-11  2.66845816e-02 
 5.00000000e-11  2.66845816e-02 
 5.01000000e-11  2.66845816e-02 
 5.03000000e-11  2.66845816e-02 
 5.07000000e-11  2.66845816e-02 
 5.15000000e-11  2.66845816e-02 
 5.25000000e-11  2.66845816e-02 
 5.35000000e-11  2.66845816e-02 
 5.45000000e-11  2.66845816e-02 
 5.55000000e-11  2.66845816e-02 
 5.65000000e-11  2.66845816e-02 
 5.75000000e-11  2.66845816e-02 
 5.85000000e-11  2.66845816e-02 
 5.95000000e-11  2.66845816e-02 
 6.05000000e-11  2.66845816e-02 
 6.15000000e-11  2.66845816e-02 
 6.25000000e-11  2.66845816e-02 
 6.35000000e-11  2.66845816e-02 
 6.45000000e-11  2.66845816e-02 
 6.55000000e-11  2.66845816e-02 
 6.65000000e-11  2.66845816e-02 
 6.75000000e-11  2.66845816e-02 
 6.85000000e-11  2.66845816e-02 
 6.95000000e-11  2.66845816e-02 
 7.05000000e-11  2.66845816e-02 
 7.15000000e-11  2.66845816e-02 
 7.25000000e-11  2.66845816e-02 
 7.35000000e-11  2.66845816e-02 
 7.45000000e-11  2.66845816e-02 
 7.55000000e-11  2.66845816e-02 
 7.65000000e-11  2.66845816e-02 
 7.75000000e-11  2.66845816e-02 
 7.85000000e-11  2.66845816e-02 
 7.95000000e-11  2.66845816e-02 
 8.05000000e-11  2.66845816e-02 
 8.15000000e-11  2.66845816e-02 
 8.25000000e-11  2.66845816e-02 
 8.35000000e-11  2.66845816e-02 
 8.45000000e-11  2.66845816e-02 
 8.55000000e-11  2.66845816e-02 
 8.65000000e-11  2.66845816e-02 
 8.75000000e-11  2.66845816e-02 
 8.85000000e-11  2.66845816e-02 
 8.95000000e-11  2.66845816e-02 
 9.05000000e-11  2.66845816e-02 
 9.15000000e-11  2.66845816e-02 
 9.25000000e-11  2.66845816e-02 
 9.35000000e-11  2.66845816e-02 
 9.45000000e-11  2.66845816e-02 
 9.55000000e-11  2.66845816e-02 
 9.65000000e-11  2.66845816e-02 
 9.75000000e-11  2.66845816e-02 
 9.85000000e-11  2.66845816e-02 
 9.95000000e-11  2.66845816e-02 
 1.00500000e-10  2.66845816e-02 
 1.01500000e-10  2.66845816e-02 
 1.02500000e-10  2.66845816e-02 
 1.03500000e-10  2.66845816e-02 
 1.04500000e-10  2.66845816e-02 
 1.05500000e-10  2.66845816e-02 
 1.06500000e-10  2.66845816e-02 
 1.07500000e-10  2.66845816e-02 
 1.08500000e-10  2.66845816e-02 
 1.09500000e-10  2.66845816e-02 
 1.10500000e-10  2.66845816e-02 
 1.11500000e-10  2.66845816e-02 
 1.12500000e-10  2.66845816e-02 
 1.13500000e-10  2.66845816e-02 
 1.14500000e-10  2.66845816e-02 
 1.15500000e-10  2.66845816e-02 
 1.16500000e-10  2.66845816e-02 
 1.17500000e-10  2.66845816e-02 
 1.18500000e-10  2.66845816e-02 
 1.19500000e-10  2.66845816e-02 
 1.20500000e-10  2.66845816e-02 
 1.21500000e-10  2.66845816e-02 
 1.22500000e-10  2.66845816e-02 
 1.23500000e-10  2.66845816e-02 
 1.24500000e-10  2.66845816e-02 
 1.25500000e-10  2.66845816e-02 
 1.26500000e-10  2.66845816e-02 
 1.27500000e-10  2.66845816e-02 
 1.28500000e-10  2.66845816e-02 
 1.29500000e-10  2.66845816e-02 
 1.30500000e-10  2.66845816e-02 
 1.31500000e-10  2.66845816e-02 
 1.32500000e-10  2.66845816e-02 
 1.33500000e-10  2.66845816e-02 
 1.34500000e-10  2.66845816e-02 
 1.35500000e-10  2.66845816e-02 
 1.36500000e-10  2.66845816e-02 
 1.37500000e-10  2.66845816e-02 
 1.38500000e-10  2.66845816e-02 
 1.39500000e-10  2.66845816e-02 
 1.40500000e-10  2.66845816e-02 
 1.41500000e-10  2.66845816e-02 
 1.42500000e-10  2.66845816e-02 
 1.43500000e-10  2.66845816e-02 
 1.44500000e-10  2.66845816e-02 
 1.45500000e-10  2.66845816e-02 
 1.46500000e-10  2.66845816e-02 
 1.47500000e-10  2.66845816e-02 
 1.48500000e-10  2.66845816e-02 
 1.49500000e-10  2.66845816e-02 
 1.50500000e-10  2.66845816e-02 
 1.51500000e-10  2.66845816e-02 
 1.52500000e-10  2.66845816e-02 
 1.53500000e-10  2.66845816e-02 
 1.54500000e-10  2.66845816e-02 
 1.55500000e-10  2.66845816e-02 
 1.56500000e-10  2.66845816e-02 
 1.57500000e-10  2.66845816e-02 
 1.58500000e-10  2.66845816e-02 
 1.59500000e-10  2.66845816e-02 
 1.60500000e-10  2.66845816e-02 
 1.61500000e-10  2.66845816e-02 
 1.62500000e-10  2.66845816e-02 
 1.63500000e-10  2.66845816e-02 
 1.64500000e-10  2.66845816e-02 
 1.65500000e-10  2.66845816e-02 
 1.66500000e-10  2.66845816e-02 
 1.67500000e-10  2.66845816e-02 
 1.68500000e-10  2.66845816e-02 
 1.69500000e-10  2.66845816e-02 
 1.70500000e-10  2.66845816e-02 
 1.71500000e-10  2.66845816e-02 
 1.72500000e-10  2.66845816e-02 
 1.73500000e-10  2.66845816e-02 
 1.74500000e-10  2.66845816e-02 
 1.75500000e-10  2.66845816e-02 
 1.76500000e-10  2.66845816e-02 
 1.77500000e-10  2.66845816e-02 
 1.78500000e-10  2.66845816e-02 
 1.79500000e-10  2.66845816e-02 
 1.80500000e-10  2.66845816e-02 
 1.81500000e-10  2.66845816e-02 
 1.82500000e-10  2.66845816e-02 
 1.83500000e-10  2.66845816e-02 
 1.84500000e-10  2.66845816e-02 
 1.85500000e-10  2.66845816e-02 
 1.86500000e-10  2.66845816e-02 
 1.87500000e-10  2.66845816e-02 
 1.88500000e-10  2.66845816e-02 
 1.89500000e-10  2.66845816e-02 
 1.90500000e-10  2.66845816e-02 
 1.91500000e-10  2.66845816e-02 
 1.92500000e-10  2.66845816e-02 
 1.93500000e-10  2.66845816e-02 
 1.94500000e-10  2.66845816e-02 
 1.95500000e-10  2.66845816e-02 
 1.96500000e-10  2.66845816e-02 
 1.97500000e-10  2.66845816e-02 
 1.98500000e-10  2.66845816e-02 
 1.99500000e-10  2.66845816e-02 
 2.00000000e-10  2.66845816e-02 
 2.00100000e-10  2.72166275e-02 
 2.00300000e-10  2.78671371e-02 
 2.00700000e-10  2.85768424e-02 
 2.01500000e-10  2.96177554e-02 
 2.02500000e-10  3.01794740e-02 
 2.03500000e-10  3.03779970e-02 
 2.04500000e-10  3.02839237e-02 
 2.05500000e-10  3.01235583e-02 
 2.06500000e-10  2.98681283e-02 
 2.07500000e-10  2.96381714e-02 
 2.08500000e-10  2.93816425e-02 
 2.09500000e-10  2.91722715e-02 
 2.10500000e-10  2.89590956e-02 
 2.11500000e-10  2.87927270e-02 
 2.12500000e-10  2.86292949e-02 
 2.13500000e-10  2.85060488e-02 
 2.14500000e-10  2.83870356e-02 
 2.15500000e-10  2.83007696e-02 
 2.16500000e-10  2.82178797e-02 
 2.17500000e-10  2.81606366e-02 
 2.18500000e-10  2.81048252e-02 
 2.19500000e-10  2.80679069e-02 
 2.20500000e-10  2.80295585e-02 
 2.21500000e-10  2.80034161e-02 
 2.22500000e-10  2.79722107e-02 
 2.23500000e-10  2.79468288e-02 
 2.24500000e-10  2.79130587e-02 
 2.25500000e-10  2.78807219e-02 
 2.26500000e-10  2.78392786e-02 
 2.27500000e-10  2.77980089e-02 
 2.28500000e-10  2.77472894e-02 
 2.29500000e-10  2.76916007e-02 
 2.30500000e-10  2.76185500e-02 
 2.31500000e-10  2.75300281e-02 
 2.32500000e-10  2.74173109e-02 
 2.33500000e-10  2.72868363e-02 
 2.34500000e-10  2.71371680e-02 
 2.35500000e-10  2.69803038e-02 
 2.36500000e-10  2.68208359e-02 
 2.37500000e-10  2.66736521e-02 
 2.38500000e-10  2.65434719e-02 
 2.39500000e-10  2.64369351e-02 
 2.40500000e-10  2.63445087e-02 
 2.41500000e-10  2.62580248e-02 
 2.42500000e-10  2.61597679e-02 
 2.43500000e-10  2.60370178e-02 
 2.44500000e-10  2.58724892e-02 
 2.45500000e-10  2.56583839e-02 
 2.46500000e-10  2.53886628e-02 
 2.47500000e-10  2.50723805e-02 
 2.48500000e-10  2.47229673e-02 
 2.49500000e-10  2.43638374e-02 
 2.50000000e-10  2.41858127e-02 
 2.50100000e-10  2.40414392e-02 
 2.50300000e-10  2.38184066e-02 
 2.50700000e-10  2.35841369e-02 
 2.51500000e-10  2.32256042e-02 
 2.52500000e-10  2.28251072e-02 
 2.53500000e-10  2.24998890e-02 
 2.54500000e-10  2.22351195e-02 
 2.55500000e-10  2.20401229e-02 
 2.56500000e-10  2.18917722e-02 
 2.57500000e-10  2.17938730e-02 
 2.58500000e-10  2.17252349e-02 
 2.59500000e-10  2.16890572e-02 
 2.60500000e-10  2.16690481e-02 
 2.61500000e-10  2.16689496e-02 
 2.62500000e-10  2.16769714e-02 
 2.63500000e-10  2.16970775e-02 
 2.64500000e-10  2.17208861e-02 
 2.65500000e-10  2.17521891e-02 
 2.66500000e-10  2.17849681e-02 
 2.67500000e-10  2.18225705e-02 
 2.68500000e-10  2.18606138e-02 
 2.69500000e-10  2.19019143e-02 
 2.70500000e-10  2.19432327e-02 
 2.71500000e-10  2.19868681e-02 
 2.72500000e-10  2.20303946e-02 
 2.73500000e-10  2.20756541e-02 
 2.74500000e-10  2.21208155e-02 
 2.75500000e-10  2.21673279e-02 
 2.76500000e-10  2.22137951e-02 
 2.77500000e-10  2.22613656e-02 
 2.78500000e-10  2.23089633e-02 
 2.79500000e-10  2.23574843e-02 
 2.80500000e-10  2.24060849e-02 
 2.81500000e-10  2.24554264e-02 
 2.82500000e-10  2.25059398e-02 
 2.83500000e-10  2.25557283e-02 
 2.84500000e-10  2.26065244e-02 
 2.85500000e-10  2.26571777e-02 
 2.86500000e-10  2.27089999e-02 
 2.87500000e-10  2.27607436e-02 
 2.88500000e-10  2.28135347e-02 
 2.89500000e-10  2.28662782e-02 
 2.90500000e-10  2.29199567e-02 
 2.91500000e-10  2.29736432e-02 
 2.92500000e-10  2.30281811e-02 
 2.93500000e-10  2.30827909e-02 
 2.94500000e-10  2.31381881e-02 
 2.95500000e-10  2.31937157e-02 
 2.96500000e-10  2.32499770e-02 
 2.97500000e-10  2.33064133e-02 
 2.98500000e-10  2.33635294e-02 
 2.99500000e-10  2.34208394e-02 
 3.00500000e-10  2.34787513e-02 
 3.01500000e-10  2.35368090e-02 
 3.02500000e-10  2.35952755e-02 
 3.03500000e-10  2.36559107e-02 
 3.04500000e-10  2.37183974e-02 
 3.05500000e-10  2.37791918e-02 
 3.06500000e-10  2.38402705e-02 
 3.07500000e-10  2.39011193e-02 
 3.08500000e-10  2.39628814e-02 
 3.09500000e-10  2.40248043e-02 
 3.10500000e-10  2.40876966e-02 
 3.11500000e-10  2.41508703e-02 
 3.12500000e-10  2.42149541e-02 
 3.13500000e-10  2.42793708e-02 
 3.14500000e-10  2.43446305e-02 
 3.15500000e-10  2.44102567e-02 
 3.16500000e-10  2.44766724e-02 
 3.17500000e-10  2.45434830e-02 
 3.18500000e-10  2.46110441e-02 
 3.19500000e-10  2.46790259e-02 
 3.20500000e-10  2.47477305e-02 
 3.21500000e-10  2.48168792e-02 
 3.22500000e-10  2.48867316e-02 
 3.23500000e-10  2.49570492e-02 
 3.24500000e-10  2.50280573e-02 
 3.25500000e-10  2.50995495e-02 
 3.26500000e-10  2.51717234e-02 
 3.27500000e-10  2.52443981e-02 
 3.28500000e-10  2.53177486e-02 
 3.29500000e-10  2.53916149e-02 
 3.30500000e-10  2.54661531e-02 
 3.31500000e-10  2.55412204e-02 
 3.32500000e-10  2.56169572e-02 
 3.33500000e-10  2.56932347e-02 
 3.34500000e-10  2.57701801e-02 
 3.35500000e-10  2.58476764e-02 
 3.36500000e-10  2.59258394e-02 
 3.37500000e-10  2.60045620e-02 
 3.38500000e-10  2.60839504e-02 
 3.39500000e-10  2.61639056e-02 
 3.40500000e-10  2.62445254e-02 
 3.41500000e-10  2.63257177e-02 
 3.42500000e-10  2.64075729e-02 
 3.43500000e-10  2.64900049e-02 
 3.44500000e-10  2.65730974e-02 
 3.45500000e-10  2.66567691e-02 
 3.46500000e-10  2.67410978e-02 
 3.47500000e-10  2.68260065e-02 
 3.48500000e-10  2.69115676e-02 
 3.49500000e-10  2.69977072e-02 
 3.50500000e-10  2.70844930e-02 
 3.51500000e-10  2.71718537e-02 
 3.52500000e-10  2.72598525e-02 
 3.53500000e-10  2.73484201e-02 
 3.54500000e-10  2.74376153e-02 
 3.55500000e-10  2.75273706e-02 
 3.56500000e-10  2.76177403e-02 
 3.57500000e-10  2.77086580e-02 
 3.58500000e-10  2.78001740e-02 
 3.59500000e-10  2.78922224e-02 
 3.60500000e-10  2.79848492e-02 
 3.61500000e-10  2.80779887e-02 
 3.62500000e-10  2.81716826e-02 
 3.63500000e-10  2.82658648e-02 
 3.64500000e-10  2.83605725e-02 
 3.65500000e-10  2.84557387e-02 
 3.66500000e-10  2.85513960e-02 
 3.67500000e-10  2.86474759e-02 
 3.68500000e-10  2.87440059e-02 
 3.69500000e-10  2.88409157e-02 
 3.70500000e-10  2.89382289e-02 
 3.71500000e-10  2.90358694e-02 
 3.72500000e-10  2.91338533e-02 
 3.73500000e-10  2.92321053e-02 
 3.74500000e-10  2.93306340e-02 
 3.75500000e-10  2.94293601e-02 
 3.76500000e-10  2.95282846e-02 
 3.77500000e-10  2.96273229e-02 
 3.78500000e-10  2.97264678e-02 
 3.79500000e-10  2.98256282e-02 
 3.80500000e-10  2.99247882e-02 
 3.81500000e-10  3.00238486e-02 
 3.82500000e-10  3.01227836e-02 
 3.83500000e-10  3.02214848e-02 
 3.84500000e-10  3.03199148e-02 
 3.85500000e-10  3.04179544e-02 
 3.86500000e-10  3.05155532e-02 
 3.87500000e-10  3.06125790e-02 
 3.88500000e-10  3.07089665e-02 
 3.89500000e-10  3.08045688e-02 
 3.90500000e-10  3.08993032e-02 
 3.91500000e-10  3.09930056e-02 
 3.92500000e-10  3.10855735e-02 
 3.93500000e-10  3.11768228e-02 
 3.94500000e-10  3.12666288e-02 
 3.95500000e-10  3.13547841e-02 
 3.96500000e-10  3.14411385e-02 
 3.97500000e-10  3.15254587e-02 
 3.98500000e-10  3.16075656e-02 
 3.99500000e-10  3.16871965e-02 
 4.00500000e-10  3.17641406e-02 
 4.01500000e-10  3.18381025e-02 
 4.02500000e-10  3.19088369e-02 
 4.03500000e-10  3.19760126e-02 
 4.04500000e-10  3.20393469e-02 
 4.05500000e-10  3.20984702e-02 
 4.06500000e-10  3.21530581e-02 
 4.07500000e-10  3.22026973e-02 
 4.08500000e-10  3.22470125e-02 
 4.09500000e-10  3.22855291e-02 
 4.10500000e-10  3.23177909e-02 
 4.11500000e-10  3.23432089e-02 
 4.12500000e-10  3.23611563e-02 
 4.13500000e-10  3.23707859e-02 
 4.14500000e-10  3.23710818e-02 
 4.15500000e-10  3.23606326e-02 
 4.16500000e-10  3.23376471e-02 
 4.17500000e-10  3.22997252e-02 
 4.18500000e-10  3.22439238e-02 
 4.19500000e-10  3.21666531e-02 
 4.20500000e-10  3.20639239e-02 
 4.21500000e-10  3.19314446e-02 
 4.22500000e-10  3.17650259e-02 
 4.23500000e-10  3.15607456e-02 
 4.24500000e-10  3.13153077e-02 
 4.25500000e-10  3.10260777e-02 
 4.26500000e-10  3.06912749e-02 
 4.27500000e-10  3.03099048e-02 
 4.28500000e-10  2.98817543e-02 
 4.29500000e-10  2.94070950e-02 
 4.30500000e-10  2.88870383e-02 
 4.31500000e-10  2.83231384e-02 
 4.32500000e-10  2.77175460e-02 
 4.33500000e-10  2.70727823e-02 
 4.34500000e-10  2.63918762e-02 
 4.35500000e-10  2.56781828e-02 
 4.36500000e-10  2.49355177e-02 
 4.37500000e-10  2.41679986e-02 
 4.38500000e-10  2.33801705e-02 
 4.39500000e-10  2.25768498e-02 
 4.40500000e-10  2.17632216e-02 
 4.41500000e-10  2.09446574e-02 
 4.42500000e-10  2.01267593e-02 
 4.43500000e-10  1.93151281e-02 
 4.44500000e-10  1.85153489e-02 
 4.45500000e-10  1.77327209e-02 
 4.46500000e-10  1.69722168e-02 
 4.47500000e-10  1.62382070e-02 
 4.48500000e-10  1.55344103e-02 
 4.49500000e-10  1.48636162e-02 
 4.50000000e-10  1.45410178e-02 
 4.50100000e-10  1.44778427e-02 
 4.50300000e-10  1.43518830e-02 
 4.50700000e-10  1.41044832e-02 
 4.51500000e-10  1.36267101e-02 
 4.52500000e-10  1.30609943e-02 
 4.53500000e-10  1.25281165e-02 
 4.54500000e-10  1.20254104e-02 
 4.55500000e-10  1.15491329e-02 
 4.56500000e-10  1.10955516e-02 
 4.57500000e-10  1.06607748e-02 
 4.58500000e-10  1.02417188e-02 
 4.59500000e-10  9.83593616e-03 
 4.60500000e-10  9.44229971e-03 
 4.61500000e-10  9.06068025e-03 
 4.62500000e-10  8.69232475e-03 
 4.63500000e-10  8.33939990e-03 
 4.64500000e-10  8.00515814e-03 
 4.65500000e-10  7.69344600e-03 
 4.66500000e-10  7.40878791e-03 
 4.67500000e-10  7.15594214e-03 
 4.68500000e-10  6.93995113e-03 
 4.69500000e-10  6.76570516e-03 
 4.70500000e-10  6.63785316e-03 
 4.71500000e-10  6.56022566e-03 
 4.72500000e-10  6.53550861e-03 
 4.73500000e-10  6.56453111e-03 
 4.74500000e-10  6.64593230e-03 
 4.75500000e-10  6.77578436e-03 
 4.76500000e-10  6.94790860e-03 
 4.77500000e-10  7.15403510e-03 
 4.78500000e-10  7.38508319e-03 
 4.79500000e-10  7.63159293e-03 
 4.80500000e-10  7.88468231e-03 
 4.81500000e-10  8.13635454e-03 
 4.82500000e-10  8.37993710e-03 
 4.83500000e-10  8.61002535e-03 
 4.84500000e-10  8.82256300e-03 
 4.85500000e-10  9.01460445e-03 
 4.86500000e-10  9.18425387e-03 
 4.87500000e-10  9.33040154e-03 
 4.88500000e-10  9.45264388e-03 
 4.89500000e-10  9.55105952e-03 
 4.90500000e-10  9.62615354e-03 
 4.91500000e-10  9.67868609e-03 
 4.92500000e-10  9.70964695e-03 
 4.93500000e-10  9.72012966e-03 
 4.94500000e-10  9.71133034e-03 
 4.95500000e-10  9.68445587e-03 
 4.96500000e-10  9.64073902e-03 
 4.97500000e-10  9.58137052e-03 
 4.98500000e-10  9.50752399e-03 
 4.99500000e-10  9.42030414e-03 
 5.00000000e-10  9.37195965e-03 
 5.00100000e-10  9.36182600e-03 
 5.00300000e-10  9.34145157e-03 
 5.00700000e-10  9.29927806e-03 
 5.01500000e-10  9.20972614e-03 
 5.02500000e-10  9.08856929e-03 
 5.03500000e-10  8.95786962e-03 
 5.04500000e-10  8.81843820e-03 
 5.05500000e-10  8.67101352e-03 
 5.06500000e-10  8.51627576e-03 
 5.07500000e-10  8.35484771e-03 
 5.08500000e-10  8.18729361e-03 
 5.09500000e-10  8.01412958e-03 
 5.10500000e-10  7.83581685e-03 
 5.11500000e-10  7.65277499e-03 
 5.12500000e-10  7.46537267e-03 
 5.13500000e-10  7.27394105e-03 
 5.14500000e-10  7.07876318e-03 
 5.15500000e-10  6.88008632e-03 
 5.16500000e-10  6.67811045e-03 
 5.17500000e-10  6.47299931e-03 
 5.18500000e-10  6.26486863e-03 
 5.19500000e-10  6.05379623e-03 
 5.20500000e-10  5.83981113e-03 
 5.21500000e-10  5.62290371e-03 
 5.22500000e-10  5.40301711e-03 
 5.23500000e-10  5.18005783e-03 
 5.24500000e-10  4.95389280e-03 
 5.25500000e-10  4.72436106e-03 
 5.26500000e-10  4.49127211e-03 
 5.27500000e-10  4.25442168e-03 
 5.28500000e-10  4.01359032e-03 
 5.29500000e-10  3.76855981e-03 
 5.30500000e-10  3.51911407e-03 
 5.31500000e-10  3.26505229e-03 
 5.32500000e-10  3.00619021e-03 
 5.33500000e-10  2.74237106e-03 
 5.34500000e-10  2.47346604e-03 
 5.35500000e-10  2.19938313e-03 
 5.36500000e-10  1.92006673e-03 
 5.37500000e-10  1.63550451e-03 
 5.38500000e-10  1.34572597e-03 
 5.39500000e-10  1.05080861e-03 
 5.40500000e-10  7.50875855e-04 
 5.41500000e-10  4.46099364e-04 
 5.42500000e-10  1.36698039e-04 
 5.43500000e-10 -2.01620559e-04 
 5.44500000e-10 -5.68143241e-04 
 5.45500000e-10 -9.38033768e-04 
 5.46500000e-10 -1.30776458e-03 
 5.47500000e-10 -1.67797011e-03 
 5.48500000e-10 -2.04828640e-03 
 5.49500000e-10 -2.41820336e-03 
 5.50000000e-10 -2.60300704e-03 
 5.50100000e-10 -2.63993273e-03 
 5.50300000e-10 -2.71374713e-03 
 5.50700000e-10 -2.86125423e-03 
 5.51500000e-10 -3.15560444e-03 
 5.52500000e-10 -3.52199319e-03 
 5.53500000e-10 -3.88615545e-03 
 5.54500000e-10 -4.24753295e-03 
 5.55500000e-10 -4.60553694e-03 
 5.56500000e-10 -4.95957889e-03 
 5.57500000e-10 -5.30905594e-03 
 5.58500000e-10 -5.65337644e-03 
 5.59500000e-10 -5.99194827e-03 
 5.60500000e-10 -6.32419957e-03 
 5.61500000e-10 -6.64956981e-03 
 5.62500000e-10 -6.96752772e-03 
 5.63500000e-10 -7.27756056e-03 
 5.64500000e-10 -7.57919219e-03 
 5.65500000e-10 -7.87197256e-03 
 5.66500000e-10 -8.15549038e-03 
 5.67500000e-10 -8.42936570e-03 
 5.68500000e-10 -8.69326058e-03 
 5.69500000e-10 -8.94687096e-03 
 5.70500000e-10 -9.18993597e-03 
 5.71500000e-10 -9.42222294e-03 
 5.72500000e-10 -9.64355213e-03 
 5.73500000e-10 -9.85379220e-03 
 5.74500000e-10 -1.00528333e-02 
 5.75500000e-10 -1.02406086e-02 
 5.76500000e-10 -1.04170863e-02 
 5.77500000e-10 -1.05822745e-02 
 5.78500000e-10 -1.07362153e-02 
 5.79500000e-10 -1.08789881e-02 
 5.80500000e-10 -1.10107052e-02 
 5.81500000e-10 -1.11315123e-02 
 5.82500000e-10 -1.12415847e-02 
 5.83500000e-10 -1.13411284e-02 
 5.84500000e-10 -1.14303775e-02 
 5.85500000e-10 -1.15095916e-02 
 5.86500000e-10 -1.15790481e-02 
 5.87500000e-10 -1.16390487e-02 
 5.88500000e-10 -1.16899141e-02 
 5.89500000e-10 -1.17319811e-02 
 5.90500000e-10 -1.17655996e-02 
 5.91500000e-10 -1.17911305e-02 
 5.92500000e-10 -1.18089420e-02 
 5.93500000e-10 -1.18194084e-02 
 5.94500000e-10 -1.18229054e-02 
 5.95500000e-10 -1.18198090e-02 
 5.96500000e-10 -1.18104914e-02 
 5.97500000e-10 -1.17953198e-02 
 5.98500000e-10 -1.17746524e-02 
 5.99500000e-10 -1.17488369e-02 
 6.00500000e-10 -1.17182075e-02 
 6.01500000e-10 -1.16830832e-02 
 6.02500000e-10 -1.16437651e-02 
 6.03500000e-10 -1.16005350e-02 
 6.04500000e-10 -1.15536525e-02 
 6.05500000e-10 -1.15033546e-02 
 6.06500000e-10 -1.14498527e-02 
 6.07500000e-10 -1.13933320e-02 
 6.08500000e-10 -1.13339495e-02 
 6.09500000e-10 -1.12718334e-02 
 6.10500000e-10 -1.12070812e-02 
 6.11500000e-10 -1.11397598e-02 
 6.12500000e-10 -1.10699040e-02 
 6.13500000e-10 -1.09975175e-02 
 6.14500000e-10 -1.09225721e-02 
 6.15500000e-10 -1.08450100e-02 
 6.16500000e-10 -1.07647444e-02 
 6.17500000e-10 -1.06816633e-02 
 6.18500000e-10 -1.05956327e-02 
 6.19500000e-10 -1.05065023e-02 
 6.20500000e-10 -1.04141106e-02 
 6.21500000e-10 -1.03182933e-02 
 6.22500000e-10 -1.02188902e-02 
 6.23500000e-10 -1.01157537e-02 
 6.24500000e-10 -1.00087574e-02 
 6.25500000e-10 -9.89780345e-03 
 6.26500000e-10 -9.78282883e-03 
 6.27500000e-10 -9.66381091e-03 
 6.28500000e-10 -9.54077326e-03 
 6.29500000e-10 -9.41377974e-03 
 6.30500000e-10 -9.28293650e-03 
 6.31500000e-10 -9.14839288e-03 
 6.32500000e-10 -9.01033352e-03 
 6.33500000e-10 -8.86897440e-03 
 6.34500000e-10 -8.72455601e-03 
 6.35500000e-10 -8.57733802e-03 
 6.36500000e-10 -8.42759292e-03 
 6.37500000e-10 -8.27560138e-03 
 6.38500000e-10 -8.12164731e-03 
 6.39500000e-10 -7.96601453e-03 
 6.40500000e-10 -7.80898342e-03 
 6.41500000e-10 -7.65081982e-03 
 6.42500000e-10 -7.49177043e-03 
 6.43500000e-10 -7.33214135e-03 
 6.44500000e-10 -7.17216951e-03 
 6.45500000e-10 -7.01209969e-03 
 6.46500000e-10 -6.85215507e-03 
 6.47500000e-10 -6.69255688e-03 
 6.48500000e-10 -6.53351018e-03 
 6.49500000e-10 -6.37521369e-03 
 6.50500000e-10 -6.21785296e-03 
 6.51500000e-10 -6.06160488e-03 
 6.52500000e-10 -5.90663505e-03 
 6.53500000e-10 -5.75309925e-03 
 6.54500000e-10 -5.60114317e-03 
 6.55500000e-10 -5.45090216e-03 
 6.56500000e-10 -5.30250234e-03 
 6.57500000e-10 -5.15605937e-03 
 6.58500000e-10 -5.01168033e-03 
 6.59500000e-10 -4.86946200e-03 
 6.60500000e-10 -4.72949312e-03 
 6.61500000e-10 -4.59185252e-03 
 6.62500000e-10 -4.45661147e-03 
 6.63500000e-10 -4.32383186e-03 
 6.64500000e-10 -4.19356853e-03 
 6.65500000e-10 -4.06586756e-03 
 6.66500000e-10 -3.94076850e-03 
 6.67500000e-10 -3.81830285e-03 
 6.68500000e-10 -3.69849610e-03 
 6.69500000e-10 -3.58136648e-03 
 6.70500000e-10 -3.46692672e-03 
 6.71500000e-10 -3.35518310e-03 
 6.72500000e-10 -3.24613694e-03 
 6.73500000e-10 -3.13978392e-03 
 6.74500000e-10 -3.03611530e-03 
 6.75500000e-10 -2.93511745e-03 
 6.76500000e-10 -2.83677290e-03 
 6.77500000e-10 -2.74106003e-03 
 6.78500000e-10 -2.64795387e-03 
 6.79500000e-10 -2.55742605e-03 
 6.80500000e-10 -2.46944532e-03 
 6.81500000e-10 -2.38397770e-03 
 6.82500000e-10 -2.30098678e-03 
 6.83500000e-10 -2.22043401e-03 
 6.84500000e-10 -2.14227891e-03 
 6.85500000e-10 -2.06647933e-03 
 6.86500000e-10 -1.99299160e-03 
 6.87500000e-10 -1.92177091e-03 
 6.88500000e-10 -1.85277124e-03 
 6.89500000e-10 -1.78594586e-03 
 6.90500000e-10 -1.72124718e-03 
 6.91500000e-10 -1.65862725e-03 
 6.92500000e-10 -1.59803751e-03 
 6.93500000e-10 -1.53942458e-03 
 6.94500000e-10 -1.48274624e-03 
 6.95500000e-10 -1.42795580e-03 
 6.96500000e-10 -1.37500005e-03 
 6.97500000e-10 -1.32383487e-03 
 6.98500000e-10 -1.27440660e-03 
 6.99500000e-10 -1.22667274e-03 
 7.00000000e-10 -1.20342467e-03 
 7.00100000e-10 -8.06633690e-04 
 7.00300000e-10 -3.34898129e-04 
 7.00700000e-10  2.56447623e-04 
 7.01500000e-10  1.44851880e-03 
 7.02500000e-10  2.65418199e-03 
 7.03500000e-10  3.76424537e-03 
 7.04500000e-10  4.67290548e-03 
 7.05500000e-10  5.52917846e-03 
 7.06500000e-10  6.24162477e-03 
 7.07500000e-10  6.92390453e-03 
 7.08500000e-10  7.49936311e-03 
 7.09500000e-10  8.05553778e-03 
 7.10500000e-10  8.52913028e-03 
 7.11500000e-10  8.98793606e-03 
 7.12500000e-10  9.37984968e-03 
 7.13500000e-10  9.75768200e-03 
 7.14500000e-10  1.00786132e-02 
 7.15500000e-10  1.03844070e-02 
 7.16500000e-10  1.06400695e-02 
 7.17500000e-10  1.08608126e-02 
 7.18500000e-10  1.10436031e-02 
 7.19500000e-10  1.12126316e-02 
 7.20500000e-10  1.13537371e-02 
 7.21500000e-10  1.14947272e-02 
 7.22500000e-10  1.16288335e-02 
 7.23500000e-10  1.17846472e-02 
 7.24500000e-10  1.19611771e-02 
 7.25500000e-10  1.21837963e-02 
 7.26500000e-10  1.24504059e-02 
 7.27500000e-10  1.27787176e-02 
 7.28500000e-10  1.31624446e-02 
 7.29500000e-10  1.35882495e-02 
 7.30500000e-10  1.40317220e-02 
 7.31500000e-10  1.45393180e-02 
 7.32500000e-10  1.51052634e-02 
 7.33500000e-10  1.57435897e-02 
 7.34500000e-10  1.64610938e-02 
 7.35500000e-10  1.72774216e-02 
 7.36500000e-10  1.82046350e-02 
 7.37500000e-10  1.92685442e-02 
 7.38500000e-10  2.04864930e-02 
 7.39500000e-10  2.18906999e-02 
 7.40500000e-10  2.35071239e-02 
 7.41500000e-10  2.53812143e-02 
 7.42500000e-10  2.75616800e-02 
 7.43500000e-10  3.01303410e-02 
 7.44500000e-10  3.31767842e-02 
 7.45500000e-10  3.68246026e-02 
 7.46500000e-10  4.11357921e-02 
 7.47500000e-10  4.60997326e-02 
 7.48500000e-10  5.18346175e-02 
 7.49500000e-10  5.84365269e-02 
 7.50000000e-10  6.21199315e-02 
 7.50100000e-10  6.31727492e-02 
 7.50300000e-10  6.50298631e-02 
 7.50700000e-10  6.86416639e-02 
 7.51500000e-10  7.60804276e-02 
 7.52500000e-10  8.54697017e-02 
 7.53500000e-10  9.46406579e-02 
 7.54500000e-10  1.02570603e-01 
 7.55500000e-10  1.08036680e-01 
 7.56500000e-10  1.09802943e-01 
 7.57500000e-10  1.07559225e-01 
 7.58500000e-10  1.01587041e-01 
 7.59500000e-10  9.28760078e-02 
 7.60500000e-10  8.23257277e-02 
 7.61500000e-10  7.05643778e-02 
 7.62500000e-10  5.82534975e-02 
 7.63500000e-10  4.60266347e-02 
 7.64500000e-10  3.42747084e-02 
 7.65500000e-10  2.33430578e-02 
 7.66500000e-10  1.33868499e-02 
 7.67500000e-10  4.54363808e-03 
 7.68500000e-10 -3.57051508e-03 
 7.69500000e-10 -1.09652856e-02 
 7.70500000e-10 -1.70069791e-02 
 7.71500000e-10 -2.16809103e-02 
 7.72500000e-10 -2.51850480e-02 
 7.73500000e-10 -2.76402561e-02 
 7.74500000e-10 -2.93889638e-02 
 7.75500000e-10 -3.08144001e-02 
 7.76500000e-10 -3.21920286e-02 
 7.77500000e-10 -3.35892888e-02 
 7.78500000e-10 -3.49172184e-02 
 7.79500000e-10 -3.58493479e-02 
 7.80500000e-10 -3.58837733e-02 
 7.81500000e-10 -3.44870590e-02 
 7.82500000e-10 -3.16662765e-02 
 7.83500000e-10 -2.76906871e-02 
 7.84500000e-10 -2.29451034e-02 
 7.85500000e-10 -1.79496131e-02 
 7.86500000e-10 -1.31384487e-02 
 7.87500000e-10 -8.81409904e-03 
 7.88500000e-10 -5.13335656e-03 
 7.89500000e-10 -2.15137421e-03 
 7.90500000e-10  1.55489619e-04 
 7.91500000e-10  1.72061568e-03 
 7.92500000e-10  2.86028885e-03 
 7.93500000e-10  3.70090277e-03 
 7.94500000e-10  4.26474238e-03 
 7.95500000e-10  4.61024580e-03 
 7.96500000e-10  4.78891837e-03 
 7.97500000e-10  4.83658595e-03 
 7.98500000e-10  4.79600170e-03 
 7.99500000e-10  4.68615640e-03 
 8.00500000e-10  4.53696987e-03 
 8.01500000e-10  4.35620346e-03 
 8.02500000e-10  4.16439985e-03 
 8.03500000e-10  3.96188888e-03 
 8.04500000e-10  3.76300692e-03 
 8.05500000e-10  3.56391539e-03 
 8.06500000e-10  3.37519031e-03 
 8.07500000e-10  3.19093009e-03 
 8.08500000e-10  3.01947994e-03 
 8.09500000e-10  2.85411733e-03 
 8.10500000e-10  2.70183858e-03 
 8.11500000e-10  2.55578447e-03 
 8.12500000e-10  2.42208534e-03 
 8.13500000e-10  2.29409802e-03 
 8.14500000e-10  2.17734301e-03 
 8.15500000e-10  2.06555969e-03 
 8.16500000e-10  1.96379316e-03 
 8.17500000e-10  1.86623152e-03 
 8.18500000e-10  1.77751673e-03 
 8.19500000e-10  1.69229976e-03 
 8.20500000e-10  1.61486121e-03 
 8.21500000e-10  1.54030332e-03 
 8.22500000e-10  1.47257300e-03 
 8.23500000e-10  1.40720009e-03 
 8.24500000e-10  1.34781927e-03 
 8.25500000e-10  1.29035950e-03 
 8.26500000e-10  1.23816206e-03 
 8.27500000e-10  1.18752534e-03 
 8.28500000e-10  1.14151499e-03 
 8.29500000e-10  1.09676966e-03 
 8.30500000e-10  1.05609661e-03 
 8.31500000e-10  1.01644704e-03 
 8.32500000e-10  9.80386585e-04 
 8.33500000e-10  9.45153021e-04 
 8.34500000e-10  9.13086675e-04 
 8.35500000e-10  8.81687769e-04 
 8.36500000e-10  8.53087056e-04 
 8.37500000e-10  8.25024938e-04 
 8.38500000e-10  7.99437645e-04 
 8.39500000e-10  7.74285272e-04 
 8.40500000e-10  7.51323839e-04 
 8.41500000e-10  7.28714320e-04 
 8.42500000e-10  7.08046057e-04 
 8.43500000e-10  6.87663645e-04 
 8.44500000e-10  6.69002491e-04 
 8.45500000e-10  6.50574998e-04 
 8.46500000e-10  6.33674574e-04 
 8.47500000e-10  6.16966949e-04 
 8.48500000e-10  6.01614698e-04 
 8.49500000e-10  5.86423615e-04 
 8.50500000e-10  5.72435848e-04 
 8.51500000e-10  5.58585114e-04 
 8.52500000e-10  5.45802820e-04 
 8.53500000e-10  5.33139486e-04 
 8.54500000e-10  5.21424774e-04 
 8.55500000e-10  5.09815833e-04 
 8.56500000e-10  4.99048924e-04 
 8.57500000e-10  4.88378499e-04 
 8.58500000e-10  4.78455157e-04 
 8.59500000e-10  4.68622113e-04 
 8.60500000e-10  4.59451465e-04 
 8.61500000e-10  4.50367367e-04 
 8.62500000e-10  4.41870043e-04 
 8.63500000e-10  4.33457416e-04 
 8.64500000e-10  4.25563966e-04 
 8.65500000e-10  4.17754804e-04 
 8.66500000e-10  4.10404336e-04 
 8.67500000e-10  4.03138831e-04 
 8.68500000e-10  3.96277854e-04 
 8.69500000e-10  3.89503301e-04 
 8.70500000e-10  3.83084733e-04 
 8.71500000e-10  3.76754591e-04 
 8.72500000e-10  3.70736904e-04 
 8.73500000e-10  3.64809997e-04 
 8.74500000e-10  3.59156486e-04 
 8.75500000e-10  3.53596304e-04 
 8.76500000e-10  3.48274459e-04 
 8.77500000e-10  3.43048561e-04 
 8.78500000e-10  3.38029527e-04 
 8.79500000e-10  3.33109031e-04 
 8.80500000e-10  3.28367137e-04 
 8.81500000e-10  3.23726271e-04 
 8.82500000e-10  3.19238634e-04 
 8.83500000e-10  3.14854354e-04 
 8.84500000e-10  3.10600527e-04 
 8.85500000e-10  3.06452184e-04 
 8.86500000e-10  3.02413857e-04 
 8.87500000e-10  2.98482908e-04 
 8.88500000e-10  2.94643647e-04 
 8.89500000e-10  2.90913405e-04 
 8.90500000e-10  2.87258428e-04 
 8.91500000e-10  2.83713845e-04 
 8.92500000e-10  2.80229825e-04 
 8.93500000e-10  2.76857300e-04 
 8.94500000e-10  2.73532195e-04 
 8.95500000e-10  2.70319414e-04 
 8.96500000e-10  2.67142317e-04 
 8.97500000e-10  2.64078104e-04 
 8.98500000e-10  2.61039118e-04 
 8.99500000e-10  2.58113310e-04 
 9.00500000e-10  2.55203432e-04 
 9.01500000e-10  2.52406772e-04 
 9.02500000e-10  2.49617794e-04 
 9.03500000e-10  2.46941828e-04 
 9.04500000e-10  2.44266254e-04 
 9.05500000e-10  2.41703252e-04 
 9.06500000e-10  2.39134219e-04 
 9.07500000e-10  2.36677097e-04 
 9.08500000e-10  2.34208308e-04 
 9.09500000e-10  2.31850564e-04 
 9.10500000e-10  2.29476232e-04 
 9.11500000e-10  2.27211885e-04 
 9.12500000e-10  2.24926682e-04 
 9.13500000e-10  2.22750225e-04 
 9.14500000e-10  2.20549233e-04 
 9.15500000e-10  2.18455580e-04 
 9.16500000e-10  2.16334254e-04 
 9.17500000e-10  2.14318709e-04 
 9.18500000e-10  2.12272839e-04 
 9.19500000e-10  2.10331053e-04 
 9.20500000e-10  2.08356733e-04 
 9.21500000e-10  2.06484674e-04 
 9.22500000e-10  2.04578276e-04 
 9.23500000e-10  2.02772202e-04 
 9.24500000e-10  2.00930349e-04 
 9.25500000e-10  1.99186780e-04 
 9.26500000e-10  1.97406322e-04 
 9.27500000e-10  1.95722018e-04 
 9.28500000e-10  1.94000016e-04 
 9.29500000e-10  1.92371959e-04 
 9.30500000e-10  1.90705664e-04 
 9.31500000e-10  1.89131034e-04 
 9.32500000e-10  1.87517873e-04 
 9.33500000e-10  1.85994037e-04 
 9.34500000e-10  1.84431597e-04 
 9.35500000e-10  1.82956091e-04 
 9.36500000e-10  1.81442107e-04 
 9.37500000e-10  1.80012623e-04 
 9.38500000e-10  1.78544967e-04 
 9.39500000e-10  1.77159342e-04 
 9.40500000e-10  1.75736010e-04 
 9.41500000e-10  1.74392213e-04 
 9.42500000e-10  1.73011317e-04 
 9.43500000e-10  1.71707440e-04 
 9.44500000e-10  1.70367201e-04 
 9.45500000e-10  1.69101451e-04 
 9.46500000e-10  1.67800187e-04 
 9.47500000e-10  1.66570874e-04 
 9.48500000e-10  1.65306998e-04 
 9.49500000e-10  1.64112532e-04 
 9.50000000e-10  1.63484011e-04 
 9.50100000e-10  1.63375473e-04 
 9.50300000e-10  1.63136754e-04 
 9.50700000e-10  1.62657955e-04 
 9.51500000e-10  1.61711746e-04 
 9.52500000e-10  1.60541402e-04 
 9.53500000e-10  1.59389515e-04 
 9.54500000e-10  1.58251344e-04 
 9.55500000e-10  1.57130978e-04 
 9.56500000e-10  1.56023701e-04 
 9.57500000e-10  1.54933603e-04 
 9.58500000e-10  1.53856002e-04 
 9.59500000e-10  1.52794983e-04 
 9.60500000e-10  1.51745902e-04 
 9.61500000e-10  1.50712833e-04 
 9.62500000e-10  1.49691176e-04 
 9.63500000e-10  1.48684984e-04 
 9.64500000e-10  1.47689708e-04 
 9.65500000e-10  1.46709375e-04 
 9.66500000e-10  1.45739491e-04 
 9.67500000e-10  1.44784049e-04 
 9.68500000e-10  1.43838615e-04 
 9.69500000e-10  1.42907143e-04 
 9.70500000e-10  1.41985263e-04 
 9.71500000e-10  1.41076885e-04 
 9.72500000e-10  1.40177707e-04 
 9.73500000e-10  1.39291589e-04 
 9.74500000e-10  1.38414299e-04 
 9.75500000e-10  1.37549645e-04 
 9.76500000e-10  1.36693470e-04 
 9.77500000e-10  1.35849523e-04 
 9.78500000e-10  1.35013724e-04 
 9.79500000e-10  1.34189761e-04 
 9.80500000e-10  1.33373632e-04 
 9.81500000e-10  1.32568963e-04 
 9.82500000e-10  1.31771831e-04 
 9.83500000e-10  1.30985797e-04 
 9.84500000e-10  1.30207019e-04 
 9.85500000e-10  1.29438989e-04 
 9.86500000e-10  1.28677950e-04 
 9.87500000e-10  1.27927324e-04 
 9.88500000e-10  1.27183436e-04 
 9.89500000e-10  1.26449637e-04 
 9.90500000e-10  1.25722338e-04 
 9.91500000e-10  1.25004817e-04 
 9.92500000e-10  1.24293567e-04 
 9.93500000e-10  1.23591796e-04 
 9.94500000e-10  1.22896080e-04 
 9.95500000e-10  1.22209554e-04 
 9.96500000e-10  1.21528878e-04 
 9.97500000e-10  1.20857114e-04 
 9.98500000e-10  1.20191006e-04 
 9.99500000e-10  1.19533539e-04 
 1.00000000e-09  1.19206297e-04 
 1.00010000e-09  1.19141515e-04 
 1.00030000e-09  1.19011595e-04 
 1.00070000e-09  1.18752477e-04 
 1.00150000e-09  1.18237564e-04 
 1.00250000e-09  1.17599979e-04 
 1.00350000e-09  1.16969084e-04 
 1.00450000e-09  1.16344730e-04 
 1.00550000e-09  1.15726867e-04 
 1.00650000e-09  1.15115348e-04 
 1.00750000e-09  1.14510126e-04 
 1.00850000e-09  1.13911057e-04 
 1.00950000e-09  1.13318100e-04 
 1.01050000e-09  1.12731111e-04 
 1.01150000e-09  1.12150056e-04 
 1.01250000e-09  1.11574792e-04 
 1.01350000e-09  1.11005290e-04 
 1.01450000e-09  1.10441408e-04 
 1.01550000e-09  1.09883123e-04 
 1.01650000e-09  1.09330295e-04 
 1.01750000e-09  1.08782904e-04 
 1.01850000e-09  1.08240812e-04 
 1.01950000e-09  1.07704004e-04 
 1.02050000e-09  1.07172344e-04 
 1.02150000e-09  1.06645819e-04 
 1.02250000e-09  1.06124297e-04 
 1.02350000e-09  1.05607768e-04 
 1.02450000e-09  1.05096101e-04 
 1.02550000e-09  1.04589290e-04 
 1.02650000e-09  1.04087205e-04 
 1.02750000e-09  1.03589843e-04 
 1.02850000e-09  1.03097079e-04 
 1.02950000e-09  1.02608911e-04 
 1.03050000e-09  1.02125214e-04 
 1.03150000e-09  1.01645991e-04 
 1.03250000e-09  1.01171116e-04 
 1.03350000e-09  1.00700594e-04 
 1.03450000e-09  1.00234305e-04 
 1.03550000e-09  9.97722540e-05 
 1.03650000e-09  9.93143226e-05 
 1.03750000e-09  9.88605182e-05 
 1.03850000e-09  9.84107250e-05 
 1.03950000e-09  9.79649517e-05 
 1.04050000e-09  9.75230852e-05 
 1.04150000e-09  9.70851346e-05 
 1.04250000e-09  9.66509900e-05 
 1.04350000e-09  9.62206610e-05 
 1.04450000e-09  9.57940405e-05 
 1.04550000e-09  9.53711385e-05 
 1.04650000e-09  9.49518509e-05 
 1.04750000e-09  9.45361879e-05 
 1.04850000e-09  9.41240483e-05 
 1.04950000e-09  9.37154425e-05 
 1.05000000e-09  9.35124184e-05 
 1.05010000e-09  9.34718864e-05 
 1.05030000e-09  9.33910113e-05 
 1.05070000e-09  9.32296466e-05 
 1.05150000e-09  9.29085319e-05 
 1.05250000e-09  9.25101846e-05 
 1.05350000e-09  9.21151566e-05 
 1.05450000e-09  9.17234324e-05 
 1.05550000e-09  9.13349485e-05 
 1.05650000e-09  9.09496888e-05 
 1.05750000e-09  9.05675919e-05 
 1.05850000e-09  9.01886408e-05 
 1.05950000e-09  8.98127774e-05 
 1.06050000e-09  8.94399835e-05 
 1.06150000e-09  8.90702044e-05 
 1.06250000e-09  8.87034207e-05 
 1.06350000e-09  8.83395814e-05 
 1.06450000e-09  8.79786657e-05 
 1.06550000e-09  8.76206256e-05 
 1.06650000e-09  8.72654397e-05 
 1.06750000e-09  8.69130634e-05 
 1.06850000e-09  8.65634737e-05 
 1.06950000e-09  8.62166288e-05 
 1.07050000e-09  8.58725058e-05 
 1.07150000e-09  8.55310650e-05 
 1.07250000e-09  8.51922827e-05 
 1.07350000e-09  8.48561220e-05 
 1.07450000e-09  8.45225586e-05 
 1.07550000e-09  8.41915577e-05 
 1.07650000e-09  8.38630953e-05 
 1.07750000e-09  8.35371380e-05 
 1.07850000e-09  8.32136614e-05 
 1.07950000e-09  8.28926343e-05 
 1.08050000e-09  8.25740323e-05 
 1.08150000e-09  8.22578257e-05 
 1.08250000e-09  8.19439902e-05 
 1.08350000e-09  8.16324976e-05 
 1.08450000e-09  8.13233235e-05 
 1.08550000e-09  8.10164413e-05 
 1.08650000e-09  8.07118268e-05 
 1.08750000e-09  8.04094545e-05 
 1.08850000e-09  8.01093006e-05 
 1.08950000e-09  7.98113405e-05 
 1.09050000e-09  7.95155507e-05 
 1.09150000e-09  7.92219079e-05 
 1.09250000e-09  7.89303892e-05 
 1.09350000e-09  7.86409716e-05 
 1.09450000e-09  7.83536328e-05 
 1.09550000e-09  7.80683510e-05 
 1.09650000e-09  7.77851040e-05 
 1.09750000e-09  7.75038707e-05 
 1.09850000e-09  7.72246294e-05 
 1.09950000e-09  7.69473600e-05 
 1.10050000e-09  7.66720410e-05 
 1.10150000e-09  7.63986530e-05 
 1.10250000e-09  7.61271751e-05 
 1.10350000e-09  7.58575884e-05 
 1.10450000e-09  7.55898726e-05 
 1.10550000e-09  7.53240093e-05 
 1.10650000e-09  7.50599788e-05 
 1.10750000e-09  7.47977631e-05 
 1.10850000e-09  7.45373428e-05 
 1.10950000e-09  7.42787008e-05 
 1.11050000e-09  7.40218182e-05 
 1.11150000e-09  7.37666781e-05 
 1.11250000e-09  7.35132621e-05 
 1.11350000e-09  7.32615539e-05 
 1.11450000e-09  7.30115355e-05 
 1.11550000e-09  7.27631911e-05 
 1.11650000e-09  7.25165031e-05 
 1.11750000e-09  7.22714562e-05 
 1.11850000e-09  7.20280330e-05 
 1.11950000e-09  7.17862189e-05 
 1.12050000e-09  7.15459971e-05 
 1.12150000e-09  7.13073528e-05 
 1.12250000e-09  7.10702698e-05 
 1.12350000e-09  7.08347341e-05 
 1.12450000e-09  7.06007297e-05 
 1.12550000e-09  7.03682428e-05 
 1.12650000e-09  7.01372577e-05 
 1.12750000e-09  6.99077612e-05 
 1.12850000e-09  6.96797381e-05 
 1.12950000e-09  6.94531752e-05 
 1.13050000e-09  6.92280578e-05 
 1.13150000e-09  6.90043733e-05 
 1.13250000e-09  6.87821069e-05 
 1.13350000e-09  6.85612465e-05 
 1.13450000e-09  6.83417779e-05 
 1.13550000e-09  6.81236891e-05 
 1.13650000e-09  6.79069662e-05 
 1.13750000e-09  6.76915975e-05 
 1.13850000e-09  6.74775695e-05 
 1.13950000e-09  6.72648707e-05 
 1.14050000e-09  6.70534880e-05 
 1.14150000e-09  6.68434105e-05 
 1.14250000e-09  6.66346250e-05 
 1.14350000e-09  6.64271208e-05 
 1.14450000e-09  6.62208853e-05 
 1.14550000e-09  6.60159078e-05 
 1.14650000e-09  6.58121763e-05 
 1.14750000e-09  6.56096801e-05 
 1.14850000e-09  6.54084072e-05 
 1.14950000e-09  6.52083477e-05 
 1.15050000e-09  6.50094900e-05 
 1.15150000e-09  6.48118241e-05 
 1.15250000e-09  6.46153385e-05 
 1.15350000e-09  6.44200239e-05 
 1.15450000e-09  6.42258687e-05 
 1.15550000e-09  6.40328635e-05 
 1.15650000e-09  6.38409977e-05 
 1.15750000e-09  6.36502620e-05 
 1.15850000e-09  6.34606458e-05 
 1.15950000e-09  6.32721401e-05 
 1.16050000e-09  6.30847342e-05 
 1.16150000e-09  6.28984197e-05 
 1.16250000e-09  6.27131863e-05 
 1.16350000e-09  6.25290254e-05 
 1.16450000e-09  6.23459270e-05 
 1.16550000e-09  6.21638829e-05 
 1.16650000e-09  6.19828832e-05 
 1.16750000e-09  6.18029199e-05 
 1.16850000e-09  6.16239834e-05 
 1.16950000e-09  6.14460657e-05 
 1.17050000e-09  6.12691573e-05 
 1.17150000e-09  6.10932507e-05 
 1.17250000e-09  6.09183365e-05 
 1.17350000e-09  6.07444074e-05 
 1.17450000e-09  6.05714543e-05 
 1.17550000e-09  6.03994697e-05 
 1.17650000e-09  6.02284449e-05 
 1.17750000e-09  6.00583725e-05 
 1.17850000e-09  5.98892442e-05 
 1.17950000e-09  5.97210529e-05 
 1.18050000e-09  5.95537901e-05 
 1.18150000e-09  5.93874489e-05 
 1.18250000e-09  5.92220209e-05 
 1.18350000e-09  5.90574996e-05 
 1.18450000e-09  5.88938769e-05 
 1.18550000e-09  5.87311461e-05 
 1.18650000e-09  5.85692991e-05 
 1.18750000e-09  5.84083298e-05 
 1.18850000e-09  5.82482304e-05 
 1.18950000e-09  5.80889945e-05 
 1.19050000e-09  5.79306145e-05 
 1.19150000e-09  5.77730841e-05 
 1.19250000e-09  5.76163959e-05 
 1.19350000e-09  5.74605442e-05 
 1.19450000e-09  5.73055215e-05 
 1.19550000e-09  5.71513218e-05 
 1.19650000e-09  5.69979382e-05 
 1.19750000e-09  5.68453647e-05 
 1.19850000e-09  5.66935943e-05 
 1.19950000e-09  5.65426214e-05 
 1.20000000e-09  5.64674311e-05 
 1.20010000e-09  5.44214372e-04 
 1.20030000e-09  1.16844472e-03 
 1.20070000e-09  1.89878349e-03 
 1.20150000e-09  2.94162991e-03 
 1.20250000e-09  3.54158228e-03 
 1.20350000e-09  3.79044257e-03 
 1.20450000e-09  3.76020206e-03 
 1.20550000e-09  3.67019784e-03 
 1.20650000e-09  3.48486000e-03 
 1.20750000e-09  3.32823664e-03 
 1.20850000e-09  3.13792223e-03 
 1.20950000e-09  2.99656889e-03 
 1.21050000e-09  2.84110455e-03 
 1.21150000e-09  2.73312267e-03 
 1.21250000e-09  2.61653209e-03 
 1.21350000e-09  2.54015161e-03 
 1.21450000e-09  2.45584552e-03 
 1.21550000e-09  2.40365277e-03 
 1.21650000e-09  2.34336358e-03 
 1.21750000e-09  2.30872888e-03 
 1.21850000e-09  2.26673805e-03 
 1.21950000e-09  2.24680100e-03 
 1.22050000e-09  2.22256605e-03 
 1.22150000e-09  2.22048359e-03 
 1.22250000e-09  2.22003227e-03 
 1.22350000e-09  2.24523625e-03 
 1.22450000e-09  2.27993680e-03 
 1.22550000e-09  2.34545151e-03 
 1.22650000e-09  2.42826030e-03 
 1.22750000e-09  2.54569049e-03 
 1.22850000e-09  2.68317156e-03 
 1.22950000e-09  2.85004932e-03 
 1.23050000e-09  3.02812054e-03 
 1.23150000e-09  3.22280238e-03 
 1.23250000e-09  3.41842473e-03 
 1.23350000e-09  3.62215724e-03 
 1.23450000e-09  3.82367646e-03 
 1.23550000e-09  4.03287547e-03 
 1.23650000e-09  4.24377233e-03 
 1.23750000e-09  4.46722097e-03 
 1.23850000e-09  4.69936161e-03 
 1.23950000e-09  4.95051535e-03 
 1.24050000e-09  5.21813274e-03 
 1.24150000e-09  5.51619350e-03 
 1.24250000e-09  5.84955456e-03 
 1.24350000e-09  6.23895762e-03 
 1.24450000e-09  6.69753097e-03 
 1.24550000e-09  7.24937609e-03 
 1.24650000e-09  7.90237781e-03 
 1.24750000e-09  8.66225799e-03 
 1.24850000e-09  9.51021813e-03 
 1.24950000e-09  1.04232074e-02 
 1.25000000e-09  1.08910355e-02 
 1.25010000e-09  1.11547497e-02 
 1.25030000e-09  1.14065561e-02 
 1.25070000e-09  1.18264628e-02 
 1.25150000e-09  1.27753864e-02 
 1.25250000e-09  1.36845285e-02 
 1.25350000e-09  1.45514034e-02 
 1.25450000e-09  1.52774172e-02 
 1.25550000e-09  1.60084938e-02 
 1.25650000e-09  1.66372545e-02 
 1.25750000e-09  1.72646970e-02 
 1.25850000e-09  1.78019151e-02 
 1.25950000e-09  1.83276738e-02 
 1.26050000e-09  1.87734734e-02 
 1.26150000e-09  1.92032449e-02 
 1.26250000e-09  1.95646549e-02 
 1.26350000e-09  1.99101206e-02 
 1.26450000e-09  2.01993416e-02 
 1.26550000e-09  2.04749886e-02 
 1.26650000e-09  2.07055114e-02 
 1.26750000e-09  2.09256491e-02 
 1.26850000e-09  2.11102291e-02 
 1.26950000e-09  2.12874576e-02 
 1.27050000e-09  2.14369560e-02 
 1.27150000e-09  2.15816498e-02 
 1.27250000e-09  2.17048406e-02 
 1.27350000e-09  2.18252140e-02 
 1.27450000e-09  2.19289494e-02 
 1.27550000e-09  2.20313327e-02 
 1.27650000e-09  2.21208118e-02 
 1.27750000e-09  2.22104448e-02 
 1.27850000e-09  2.22900161e-02 
 1.27950000e-09  2.23694707e-02 
 1.28050000e-09  2.24414295e-02 
 1.28150000e-09  2.25141721e-02 
 1.28250000e-09  2.25811953e-02 
 1.28350000e-09  2.26492821e-02 
 1.28450000e-09  2.27128997e-02 
 1.28550000e-09  2.27777372e-02 
 1.28650000e-09  2.28390709e-02 
 1.28750000e-09  2.29017189e-02 
 1.28850000e-09  2.29616187e-02 
 1.28950000e-09  2.30228784e-02 
 1.29050000e-09  2.30819808e-02 
 1.29150000e-09  2.31424496e-02 
 1.29250000e-09  2.32012221e-02 
 1.29350000e-09  2.32613355e-02 
 1.29450000e-09  2.33201071e-02 
 1.29550000e-09  2.33801622e-02 
 1.29650000e-09  2.34391288e-02 
 1.29750000e-09  2.34992631e-02 
 1.29850000e-09  2.35584089e-02 
 1.29950000e-09  2.36187785e-02 
 1.30050000e-09  2.36830621e-02 
 1.30150000e-09  2.37446561e-02 
 1.30250000e-09  2.38064749e-02 
 1.30350000e-09  2.38676189e-02 
 1.30450000e-09  2.39297010e-02 
 1.30550000e-09  2.39917445e-02 
 1.30650000e-09  2.40547262e-02 
 1.30750000e-09  2.41179315e-02 
 1.30850000e-09  2.41819541e-02 
 1.30950000e-09  2.42463415e-02 
 1.31050000e-09  2.43114329e-02 
 1.31150000e-09  2.43769811e-02 
 1.31250000e-09  2.44431497e-02 
 1.31350000e-09  2.45098409e-02 
 1.31450000e-09  2.45770958e-02 
 1.31550000e-09  2.46449218e-02 
 1.31650000e-09  2.47132753e-02 
 1.31750000e-09  2.47822358e-02 
 1.31850000e-09  2.48517022e-02 
 1.31950000e-09  2.49218022e-02 
 1.32050000e-09  2.49923964e-02 
 1.32150000e-09  2.50636439e-02 
 1.32250000e-09  2.51353809e-02 
 1.32350000e-09  2.52077853e-02 
 1.32450000e-09  2.52806793e-02 
 1.32550000e-09  2.53542508e-02 
 1.32650000e-09  2.54283149e-02 
 1.32750000e-09  2.55030635e-02 
 1.32850000e-09  2.55783096e-02 
 1.32950000e-09  2.56542449e-02 
 1.33050000e-09  2.57306836e-02 
 1.33150000e-09  2.58078140e-02 
 1.33250000e-09  2.58854543e-02 
 1.33350000e-09  2.59637872e-02 
 1.33450000e-09  2.60426363e-02 
 1.33550000e-09  2.61221775e-02 
 1.33650000e-09  2.62022406e-02 
 1.33750000e-09  2.62829938e-02 
 1.33850000e-09  2.63642740e-02 
 1.33950000e-09  2.64462408e-02 
 1.34050000e-09  2.65287386e-02 
 1.34150000e-09  2.66119181e-02 
 1.34250000e-09  2.66956310e-02 
 1.34350000e-09  2.67800192e-02 
 1.34450000e-09  2.68649416e-02 
 1.34550000e-09  2.69505310e-02 
 1.34650000e-09  2.70366533e-02 
 1.34750000e-09  2.71234324e-02 
 1.34850000e-09  2.72107409e-02 
 1.34950000e-09  2.72986936e-02 
 1.35050000e-09  2.73871695e-02 
 1.35150000e-09  2.74762744e-02 
 1.35250000e-09  2.75658930e-02 
 1.35350000e-09  2.76561227e-02 
 1.35450000e-09  2.77468532e-02 
 1.35550000e-09  2.78381730e-02 
 1.35650000e-09  2.79299768e-02 
 1.35750000e-09  2.80223443e-02 
 1.35850000e-09  2.81151742e-02 
 1.35950000e-09  2.82085376e-02 
 1.36050000e-09  2.83023366e-02 
 1.36150000e-09  2.83966335e-02 
 1.36250000e-09  2.84913332e-02 
 1.36350000e-09  2.85864889e-02 
 1.36450000e-09  2.86820077e-02 
 1.36550000e-09  2.87779337e-02 
 1.36650000e-09  2.88741749e-02 
 1.36750000e-09  2.89707662e-02 
 1.36850000e-09  2.90676158e-02 
 1.36950000e-09  2.91647489e-02 
 1.37050000e-09  2.92620728e-02 
 1.37150000e-09  2.93596025e-02 
 1.37250000e-09  2.94572435e-02 
 1.37350000e-09  2.95549997e-02 
 1.37450000e-09  2.96527738e-02 
 1.37550000e-09  2.97505577e-02 
 1.37650000e-09  2.98482498e-02 
 1.37750000e-09  2.99458294e-02 
 1.37850000e-09  3.00431887e-02 
 1.37950000e-09  3.01402931e-02 
 1.38050000e-09  3.02370273e-02 
 1.38150000e-09  3.03333413e-02 
 1.38250000e-09  3.04291101e-02 
 1.38350000e-09  3.05242667e-02 
 1.38450000e-09  3.06186743e-02 
 1.38550000e-09  3.07122468e-02 
 1.38650000e-09  3.08048331e-02 
 1.38750000e-09  3.08963259e-02 
 1.38850000e-09  3.09865569e-02 
 1.38950000e-09  3.10753951e-02 
 1.39050000e-09  3.11626520e-02 
 1.39150000e-09  3.12481700e-02 
 1.39250000e-09  3.13317371e-02 
 1.39350000e-09  3.14131662e-02 
 1.39450000e-09  3.14922186e-02 
 1.39550000e-09  3.15686743e-02 
 1.39650000e-09  3.16422647e-02 
 1.39750000e-09  3.17127346e-02 
 1.39850000e-09  3.17797820e-02 
 1.39950000e-09  3.18431136e-02 
 1.40050000e-09  3.19023914e-02 
 1.40150000e-09  3.19572809e-02 
 1.40250000e-09  3.20074032e-02 
 1.40350000e-09  3.20523757e-02 
 1.40450000e-09  3.20917651e-02 
 1.40550000e-09  3.21251179e-02 
 1.40650000e-09  3.21519053e-02 
 1.40750000e-09  3.21715320e-02 
 1.40850000e-09  3.21832569e-02 
 1.40950000e-09  3.21861620e-02 
 1.41050000e-09  3.21790287e-02 
 1.41150000e-09  3.21602655e-02 
 1.41250000e-09  3.21277631e-02 
 1.41350000e-09  3.20788447e-02 
 1.41450000e-09  3.20102133e-02 
 1.41550000e-09  3.19180619e-02 
 1.41650000e-09  3.17982160e-02 
 1.41750000e-09  3.16464308e-02 
 1.41850000e-09  3.14586443e-02 
 1.41950000e-09  3.12312814e-02 
 1.42050000e-09  3.09614080e-02 
 1.42150000e-09  3.06468816e-02 
 1.42250000e-09  3.02863367e-02 
 1.42350000e-09  2.98792049e-02 
 1.42450000e-09  2.94256103e-02 
 1.42550000e-09  2.89263498e-02 
 1.42650000e-09  2.83827754e-02 
 1.42750000e-09  2.77969252e-02 
 1.42850000e-09  2.71709783e-02 
 1.42950000e-09  2.65077493e-02 
 1.43050000e-09  2.58104201e-02 
 1.43150000e-09  2.50826349e-02 
 1.43250000e-09  2.43283473e-02 
 1.43350000e-09  2.35519315e-02 
 1.43450000e-09  2.27580522e-02 
 1.43550000e-09  2.19517415e-02 
 1.43650000e-09  2.11382571e-02 
 1.43750000e-09  2.03231055e-02 
 1.43850000e-09  1.95118586e-02 
 1.43950000e-09  1.87101127e-02 
 1.44050000e-09  1.79232653e-02 
 1.44150000e-09  1.71564372e-02 
 1.44250000e-09  1.64142399e-02 
 1.44350000e-09  1.57006887e-02 
 1.44450000e-09  1.50189666e-02 
 1.44550000e-09  1.43713299e-02 
 1.44650000e-09  1.37588865e-02 
 1.44750000e-09  1.31815635e-02 
 1.44850000e-09  1.26380236e-02 
 1.44950000e-09  1.21258490e-02 
 1.45000000e-09  1.18804281e-02 
 1.45010000e-09  1.18325324e-02 
 1.45030000e-09  1.17366438e-02 
 1.45070000e-09  1.15480843e-02 
 1.45150000e-09  1.11819059e-02 
 1.45250000e-09  1.07424771e-02 
 1.45350000e-09  1.03198668e-02 
 1.45450000e-09  9.91150908e-03 
 1.45550000e-09  9.51550292e-03 
 1.45650000e-09  9.13143325e-03 
 1.45750000e-09  8.75980307e-03 
 1.45850000e-09  8.40251726e-03 
 1.45950000e-09  8.06224247e-03 
 1.46050000e-09  7.74268489e-03 
 1.46150000e-09  7.44797354e-03 
 1.46250000e-09  7.18285810e-03 
 1.46350000e-09  6.95216782e-03 
 1.46450000e-09  6.76093898e-03 
 1.46550000e-09  6.61386387e-03 
 1.46650000e-09  6.51522129e-03 
 1.46750000e-09  6.46821222e-03 
 1.46850000e-09  6.47461155e-03 
 1.46950000e-09  6.53387656e-03 
 1.47050000e-09  6.64327908e-03 
 1.47150000e-09  6.79742427e-03 
 1.47250000e-09  6.98900825e-03 
 1.47350000e-09  7.20924436e-03 
 1.47450000e-09  7.44878320e-03 
 1.47550000e-09  7.69840415e-03 
 1.47650000e-09  7.94973487e-03 
 1.47750000e-09  8.19550727e-03 
 1.47850000e-09  8.42982224e-03 
 1.47950000e-09  8.64805830e-03 
 1.48050000e-09  8.84685998e-03 
 1.48150000e-09  9.02390821e-03 
 1.48250000e-09  9.17782019e-03 
 1.48350000e-09  9.30791537e-03 
 1.48450000e-09  9.41411897e-03 
 1.48550000e-09  9.49677230e-03 
 1.48650000e-09  9.55656732e-03 
 1.48750000e-09  9.59440686e-03 
 1.48850000e-09  9.61137031e-03 
 1.48950000e-09  9.60861484e-03 
 1.49050000e-09  9.58736441e-03 
 1.49150000e-09  9.54884086e-03 
 1.49250000e-09  9.49426817e-03 
 1.49350000e-09  9.42482415e-03 
 1.49450000e-09  9.34165372e-03 
 1.49550000e-09  9.24583423e-03 
 1.49650000e-09  9.13839360e-03 
 1.49750000e-09  9.02028457e-03 
 1.49850000e-09  8.89240487e-03 
 1.49950000e-09  8.75557734e-03 
 1.50000000e-09  8.68401617e-03 
 1.50010000e-09  8.66939295e-03 
 1.50030000e-09  8.64008504e-03 
 1.50070000e-09  8.58051863e-03 
 1.50150000e-09  8.45795480e-03 
 1.50250000e-09  8.29864699e-03 
 1.50350000e-09  8.13309499e-03 
 1.50450000e-09  7.96181972e-03 
 1.50550000e-09  7.78535887e-03 
 1.50650000e-09  7.60407177e-03 
 1.50750000e-09  7.41838119e-03 
 1.50850000e-09  7.22861103e-03 
 1.50950000e-09  7.03508643e-03 
 1.51050000e-09  6.83805382e-03 
 1.51150000e-09  6.63774973e-03 
 1.51250000e-09  6.43434165e-03 
 1.51350000e-09  6.22797894e-03 
 1.51450000e-09  6.01874690e-03 
 1.51550000e-09  5.80670617e-03 
 1.51650000e-09  5.59185682e-03 
 1.51750000e-09  5.37417079e-03 
 1.51850000e-09  5.15356403e-03 
 1.51950000e-09  4.92992728e-03 
 1.52050000e-09  4.70310540e-03 
 1.52150000e-09  4.47292428e-03 
 1.52250000e-09  4.23917859e-03 
 1.52350000e-09  4.00165654e-03 
 1.52450000e-09  3.76013169e-03 
 1.52550000e-09  3.51438550e-03 
 1.52650000e-09  3.26420105e-03 
 1.52750000e-09  3.00938320e-03 
 1.52850000e-09  2.74975140e-03 
 1.52950000e-09  2.48515767e-03 
 1.53050000e-09  2.21548056e-03 
 1.53150000e-09  1.94063883e-03 
 1.53250000e-09  1.66058579e-03 
 1.53350000e-09  1.37532070e-03 
 1.53450000e-09  1.08488273e-03 
 1.53550000e-09  7.89360622e-04 
 1.53650000e-09  4.88886217e-04 
 1.53750000e-09  1.83642482e-04 
 1.53850000e-09 -1.43583871e-04 
 1.53950000e-09 -5.04406086e-04 
 1.54050000e-09 -8.71354450e-04 
 1.54150000e-09 -1.23739067e-03 
 1.54250000e-09 -1.60480971e-03 
 1.54350000e-09 -1.97229054e-03 
 1.54450000e-09 -2.34016637e-03 
 1.54550000e-09 -2.70753548e-03 
 1.54650000e-09 -3.07443770e-03 
 1.54750000e-09 -3.43993813e-03 
 1.54850000e-09 -3.80394747e-03 
 1.54950000e-09 -4.16550267e-03 
 1.55000000e-09 -4.34540221e-03 
 1.55010000e-09 -4.38125169e-03 
 1.55030000e-09 -4.45289059e-03 
 1.55070000e-09 -4.59578773e-03 
 1.55150000e-09 -4.87980805e-03 
 1.55250000e-09 -5.23117672e-03 
 1.55350000e-09 -5.57790678e-03 
 1.55450000e-09 -5.91941402e-03 
 1.55550000e-09 -6.25509070e-03 
 1.55650000e-09 -6.58437359e-03 
 1.55750000e-09 -6.90669199e-03 
 1.55850000e-09 -7.22152303e-03 
 1.55950000e-09 -7.52834880e-03 
 1.56050000e-09 -7.82670103e-03 
 1.56150000e-09 -8.11612621e-03 
 1.56250000e-09 -8.39622283e-03 
 1.56350000e-09 -8.66660971e-03 
 1.56450000e-09 -8.92695801e-03 
 1.56550000e-09 -9.17696463e-03 
 1.56650000e-09 -9.41637768e-03 
 1.56750000e-09 -9.64497388e-03 
 1.56850000e-09 -9.86257971e-03 
 1.56950000e-09 -1.00690517e-02 
 1.57050000e-09 -1.02642912e-02 
 1.57150000e-09 -1.04482267e-02 
 1.57250000e-09 -1.06208538e-02 
 1.57350000e-09 -1.07821884e-02 
 1.57450000e-09 -1.09322709e-02 
 1.57550000e-09 -1.10711963e-02 
 1.57650000e-09 -1.11990725e-02 
 1.57750000e-09 -1.13160563e-02 
 1.57850000e-09 -1.14223123e-02 
 1.57950000e-09 -1.15180609e-02 
 1.58050000e-09 -1.16035303e-02 
 1.58150000e-09 -1.16789950e-02 
 1.58250000e-09 -1.17447276e-02 
 1.58350000e-09 -1.18010448e-02 
 1.58450000e-09 -1.18482606e-02 
 1.58550000e-09 -1.18867258e-02 
 1.58650000e-09 -1.19167800e-02 
 1.58750000e-09 -1.19387958e-02 
 1.58850000e-09 -1.19531342e-02 
 1.58950000e-09 -1.19601802e-02 
 1.59050000e-09 -1.19603027e-02 
 1.59150000e-09 -1.19538876e-02 
 1.59250000e-09 -1.19413004e-02 
 1.59350000e-09 -1.19229174e-02 
 1.59450000e-09 -1.18990901e-02 
 1.59550000e-09 -1.18701748e-02 
 1.59650000e-09 -1.18364993e-02 
 1.59750000e-09 -1.17983903e-02 
 1.59850000e-09 -1.17561428e-02 
 1.59950000e-09 -1.17100453e-02 
 1.60050000e-09 -1.16603522e-02 
 1.60150000e-09 -1.16073063e-02 
 1.60250000e-09 -1.15511139e-02 
 1.60350000e-09 -1.14919657e-02 
 1.60450000e-09 -1.14300138e-02 
 1.60550000e-09 -1.13653912e-02 
 1.60650000e-09 -1.12981909e-02 
 1.60750000e-09 -1.12284842e-02 
 1.60850000e-09 -1.11563015e-02 
 1.60950000e-09 -1.10816504e-02 
 1.61050000e-09 -1.10044987e-02 
 1.61150000e-09 -1.09247919e-02 
 1.61250000e-09 -1.08424392e-02 
 1.61350000e-09 -1.07573316e-02 
 1.61450000e-09 -1.06693312e-02 
 1.61550000e-09 -1.05782898e-02 
 1.61650000e-09 -1.04840421e-02 
 1.61750000e-09 -1.03864255e-02 
 1.61850000e-09 -1.02852754e-02 
 1.61950000e-09 -1.01804458e-02 
 1.62050000e-09 -1.00718056e-02 
 1.62150000e-09 -9.95925755e-03 
 1.62250000e-09 -9.84273431e-03 
 1.62350000e-09 -9.72221354e-03 
 1.62450000e-09 -9.59771430e-03 
 1.62550000e-09 -9.46930067e-03 
 1.62650000e-09 -9.33707457e-03 
 1.62750000e-09 -9.20118558e-03 
 1.62850000e-09 -9.06181448e-03 
 1.62950000e-09 -8.91917767e-03 
 1.63050000e-09 -8.77351224e-03 
 1.63150000e-09 -8.62507842e-03 
 1.63250000e-09 -8.47414576e-03 
 1.63350000e-09 -8.32096128e-03 
 1.63450000e-09 -8.16584377e-03 
 1.63550000e-09 -8.00908226e-03 
 1.63650000e-09 -7.85095635e-03 
 1.63750000e-09 -7.69173743e-03 
 1.63850000e-09 -7.53169156e-03 
 1.63950000e-09 -7.37107638e-03 
 1.64050000e-09 -7.21013970e-03 
 1.64150000e-09 -7.04912102e-03 
 1.64250000e-09 -6.88824771e-03 
 1.64350000e-09 -6.72773912e-03 
 1.64450000e-09 -6.56780145e-03 
 1.64550000e-09 -6.40863320e-03 
 1.64650000e-09 -6.25041941e-03 
 1.64750000e-09 -6.09333767e-03 
 1.64850000e-09 -5.93755216e-03 
 1.64950000e-09 -5.78321984e-03 
 1.65050000e-09 -5.63048453e-03 
 1.65150000e-09 -5.47948300e-03 
 1.65250000e-09 -5.33033928e-03 
 1.65350000e-09 -5.18317054e-03 
 1.65450000e-09 -5.03808172e-03 
 1.65550000e-09 -4.89517111e-03 
 1.65650000e-09 -4.75452535e-03 
 1.65750000e-09 -4.61622470e-03 
 1.65850000e-09 -4.48033846e-03 
 1.65950000e-09 -4.34692983e-03 
 1.66050000e-09 -4.21605180e-03 
 1.66150000e-09 -4.08775166e-03 
 1.66250000e-09 -3.96206725e-03 
 1.66350000e-09 -3.83903114e-03 
 1.66450000e-09 -3.71866728e-03 
 1.66550000e-09 -3.60099480e-03 
 1.66650000e-09 -3.48602507e-03 
 1.66750000e-09 -3.37376513e-03 
 1.66850000e-09 -3.26421510e-03 
 1.66950000e-09 -3.15737126e-03 
 1.67050000e-09 -3.05322381e-03 
 1.67150000e-09 -2.95175964e-03 
 1.67250000e-09 -2.85296031e-03 
 1.67350000e-09 -2.75680461e-03 
 1.67450000e-09 -2.66326674e-03 
 1.67550000e-09 -2.57231862e-03 
 1.67650000e-09 -2.48392829e-03 
 1.67750000e-09 -2.39806194e-03 
 1.67850000e-09 -2.31468257e-03 
 1.67950000e-09 -2.23375174e-03 
 1.68050000e-09 -2.15522843e-03 
 1.68150000e-09 -2.07907054e-03 
 1.68250000e-09 -2.00523183e-03 
 1.68350000e-09 -1.93366672e-03 
 1.68450000e-09 -1.86433464e-03 
 1.68550000e-09 -1.79718834e-03 
 1.68650000e-09 -1.73217844e-03 
 1.68750000e-09 -1.66925766e-03 
 1.68850000e-09 -1.60837537e-03 
 1.68950000e-09 -1.54948419e-03 
 1.69050000e-09 -1.49253309e-03 
 1.69150000e-09 -1.43747480e-03 
 1.69250000e-09 -1.38425848e-03 
 1.69350000e-09 -1.33283726e-03 
 1.69450000e-09 -1.28316093e-03 
 1.69550000e-09 -1.23518332e-03 
 1.69650000e-09 -1.18885522e-03 
 1.69750000e-09 -1.14413138e-03 
 1.69850000e-09 -1.10096387e-03 
 1.69950000e-09 -1.05930861e-03 
 1.70000000e-09 -1.03903459e-03 
 1.70010000e-09 -6.41225090e-04 
 1.70030000e-09 -1.71426844e-04 
 1.70070000e-09  4.11632158e-04 
 1.70150000e-09  1.59926291e-03 
 1.70250000e-09  2.80042623e-03 
 1.70350000e-09  3.90512513e-03 
 1.70450000e-09  4.80985901e-03 
 1.70550000e-09  5.66083838e-03 
 1.70650000e-09  6.36964645e-03 
 1.70750000e-09  7.04681931e-03 
 1.70850000e-09  7.61880133e-03 
 1.70950000e-09  8.17010593e-03 
 1.71050000e-09  8.64034197e-03 
 1.71150000e-09  9.09453521e-03 
 1.71250000e-09  9.48320684e-03 
 1.71350000e-09  9.85669180e-03 
 1.71450000e-09  1.01745030e-02 
 1.71550000e-09  1.04762153e-02 
 1.71650000e-09  1.07249573e-02 
 1.71750000e-09  1.09430518e-02 
 1.71850000e-09  1.11231666e-02 
 1.71950000e-09  1.12891588e-02 
 1.72050000e-09  1.14278662e-02 
 1.72150000e-09  1.15660798e-02 
 1.72250000e-09  1.16978118e-02 
 1.72350000e-09  1.18510059e-02 
 1.72450000e-09  1.20251724e-02 
 1.72550000e-09  1.22452346e-02 
 1.72650000e-09  1.25094786e-02 
 1.72750000e-09  1.28352472e-02 
 1.72850000e-09  1.32165968e-02 
 1.72950000e-09  1.36409649e-02 
 1.73050000e-09  1.40815616e-02 
 1.73150000e-09  1.45865987e-02 
 1.73250000e-09  1.51499111e-02 
 1.73350000e-09  1.57856295e-02 
 1.73450000e-09  1.65005143e-02 
 1.73550000e-09  1.73142447e-02 
 1.73650000e-09  1.82388309e-02 
 1.73750000e-09  1.93001195e-02 
 1.73850000e-09  2.05153844e-02 
 1.73950000e-09  2.19168273e-02 
 1.74050000e-09  2.35303192e-02 
 1.74150000e-09  2.54011935e-02 
 1.74250000e-09  2.75779948e-02 
 1.74350000e-09  3.01423219e-02 
 1.74450000e-09  3.31837192e-02 
 1.74550000e-09  3.68260954e-02 
 1.74650000e-09  4.11317539e-02 
 1.74750000e-09  4.60903288e-02 
 1.74850000e-09  5.18191263e-02 
 1.74950000e-09  5.84145190e-02 
 1.75000000e-09  6.20943652e-02 
 1.75010000e-09  6.31463643e-02 
 1.75030000e-09  6.50018666e-02 
 1.75070000e-09  6.86106151e-02 
 1.75150000e-09  7.60440725e-02 
 1.75250000e-09  8.54293878e-02 
 1.75350000e-09  9.46019626e-02 
 1.75450000e-09  1.02543106e-01 
 1.75550000e-09  1.08031561e-01 
 1.75650000e-09  1.09826966e-01 
 1.75750000e-09  1.07612344e-01 
 1.75850000e-09  1.01664469e-01 
 1.75950000e-09  9.29687409e-02 
 1.76050000e-09  8.24275727e-02 
 1.76150000e-09  7.06726900e-02 
 1.76250000e-09  5.83605975e-02 
 1.76350000e-09  4.61308615e-02 
 1.76450000e-09  3.43715627e-02 
 1.76550000e-09  2.34321695e-02 
 1.76650000e-09  1.34660849e-02 
 1.76750000e-09  4.61352480e-03 
 1.76850000e-09 -3.50335847e-03 
 1.76950000e-09 -1.09084798e-02 
 1.77050000e-09 -1.69633464e-02 
 1.77150000e-09 -2.16471222e-02 
 1.77250000e-09 -2.51614081e-02 
 1.77350000e-09 -2.76240080e-02 
 1.77450000e-09 -2.93773418e-02 
 1.77550000e-09 -3.08036696e-02 
 1.77650000e-09 -3.21813107e-02 
 1.77750000e-09 -3.35781230e-02 
 1.77850000e-09 -3.49078571e-02 
 1.77950000e-09 -3.58451288e-02 
 1.78050000e-09 -3.58902934e-02 
 1.78150000e-09 -3.45068337e-02 
 1.78250000e-09 -3.16975188e-02 
 1.78350000e-09 -2.77305483e-02 
 1.78450000e-09 -2.29895874e-02 
 1.78550000e-09 -1.79940581e-02 
 1.78650000e-09 -1.31796896e-02 
 1.78750000e-09 -8.84989414e-03 
 1.78850000e-09 -5.16315189e-03 
 1.78950000e-09 -2.17492059e-03 
 1.79050000e-09  1.39170215e-04 
 1.79150000e-09  1.70866390e-03 
 1.79250000e-09  2.85107424e-03 
 1.79350000e-09  3.69462840e-03 
 1.79450000e-09  4.26052456e-03 
 1.79550000e-09  4.60790059e-03 
 1.79650000e-09  4.78779095e-03 
 1.79750000e-09  4.83654518e-03 
 1.79850000e-09  4.79653296e-03 
 1.79950000e-09  4.68728801e-03 
 1.80050000e-09  4.53832990e-03 
 1.80150000e-09  4.35784688e-03 
 1.80250000e-09  4.16605966e-03 
 1.80350000e-09  3.96366243e-03 
 1.80450000e-09  3.76469213e-03 
 1.80550000e-09  3.56562971e-03 
 1.80650000e-09  3.37677226e-03 
 1.80750000e-09  3.19250302e-03 
 1.80850000e-09  3.02090836e-03 
 1.80950000e-09  2.85552260e-03 
 1.81050000e-09  2.70310271e-03 
 1.81150000e-09  2.55702294e-03 
 1.81250000e-09  2.42319277e-03 
 1.81350000e-09  2.29518241e-03 
 1.81450000e-09  2.17830867e-03 
 1.81550000e-09  2.06650678e-03 
 1.81650000e-09  1.96463395e-03 
 1.81750000e-09  1.86705854e-03 
 1.81850000e-09  1.77824901e-03 
 1.81950000e-09  1.69302269e-03 
 1.82050000e-09  1.61549984e-03 
 1.82150000e-09  1.54093643e-03 
 1.82250000e-09  1.47313102e-03 
 1.82350000e-09  1.40775577e-03 
 1.82450000e-09  1.34830795e-03 
 1.82550000e-09  1.29084844e-03 
 1.82650000e-09  1.23859107e-03 
 1.82750000e-09  1.18795667e-03 
 1.82850000e-09  1.14189255e-03 
 1.82950000e-09  1.09715117e-03 
 1.83050000e-09  1.05642976e-03 
 1.83150000e-09  1.01678541e-03 
 1.83250000e-09  9.80681332e-04 
 1.83350000e-09  9.45453945e-04 
 1.83450000e-09  9.13348136e-04 
 1.83550000e-09  8.81956126e-04 
 1.83650000e-09  8.53319611e-04 
 1.83750000e-09  8.25264907e-04 
 1.83850000e-09  7.99645044e-04 
 1.83950000e-09  7.74500443e-04 
 1.84050000e-09  7.51509300e-04 
 1.84150000e-09  7.28907780e-04 
 1.84250000e-09  7.08212344e-04 
 1.84350000e-09  6.87838057e-04 
 1.84450000e-09  6.69151985e-04 
 1.84550000e-09  6.50732659e-04 
 1.84650000e-09  6.33809326e-04 
 1.84750000e-09  6.17109847e-04 
 1.84850000e-09  6.01736481e-04 
 1.84950000e-09  5.86553472e-04 
 1.85050000e-09  5.72546196e-04 
 1.85150000e-09  5.58703425e-04 
 1.85250000e-09  5.45903061e-04 
 1.85350000e-09  5.33247552e-04 
 1.85450000e-09  5.21516062e-04 
 1.85550000e-09  5.09914786e-04 
 1.85650000e-09  4.99132263e-04 
 1.85750000e-09  4.88469330e-04 
 1.85850000e-09  4.78531421e-04 
 1.85950000e-09  4.68705685e-04 
 1.86050000e-09  4.59521417e-04 
 1.86150000e-09  4.50444439e-04 
 1.86250000e-09  4.41934352e-04 
 1.86350000e-09  4.33528655e-04 
 1.86450000e-09  4.25623215e-04 
 1.86550000e-09  4.17820795e-04 
 1.86650000e-09  4.10459039e-04 
 1.86750000e-09  4.03200089e-04 
 1.86850000e-09  3.96328463e-04 
 1.86950000e-09  3.89560283e-04 
 1.87050000e-09  3.83131645e-04 
 1.87150000e-09  3.76807702e-04 
 1.87250000e-09  3.70780471e-04 
 1.87350000e-09  3.64859594e-04 
 1.87450000e-09  3.59197019e-04 
 1.87550000e-09  3.53642704e-04 
 1.87650000e-09  3.48312233e-04 
 1.87750000e-09  3.43092048e-04 
 1.87850000e-09  3.38064787e-04 
 1.87950000e-09  3.33149857e-04 
 1.88050000e-09  3.28400101e-04 
 1.88150000e-09  3.23764663e-04 
 1.88250000e-09  3.19269496e-04 
 1.88350000e-09  3.14890514e-04 
 1.88450000e-09  3.10629461e-04 
 1.88550000e-09  3.06486294e-04 
 1.88650000e-09  3.02441018e-04 
 1.88750000e-09  2.98515131e-04 
 1.88850000e-09  2.94669176e-04 
 1.88950000e-09  2.90943890e-04 
 1.89050000e-09  2.87282450e-04 
 1.89150000e-09  2.83742723e-04 
 1.89250000e-09  2.80252453e-04 
 1.89350000e-09  2.76884694e-04 
 1.89450000e-09  2.73553533e-04 
 1.89550000e-09  2.70345431e-04 
 1.89650000e-09  2.67162457e-04 
 1.89750000e-09  2.64102845e-04 
 1.89850000e-09  2.61058144e-04 
 1.89950000e-09  2.58136866e-04 
 1.90050000e-09  2.55221421e-04 
 1.90150000e-09  2.52429223e-04 
 1.90250000e-09  2.49634816e-04 
 1.90350000e-09  2.46963252e-04 
 1.90450000e-09  2.44282372e-04 
 1.90550000e-09  2.41723717e-04 
 1.90650000e-09  2.39149491e-04 
 1.90750000e-09  2.36696666e-04 
 1.90850000e-09  2.34222788e-04 
 1.90950000e-09  2.31869295e-04 
 1.91050000e-09  2.29489969e-04 
 1.91150000e-09  2.27229833e-04 
 1.91250000e-09  2.24939721e-04 
 1.91350000e-09  2.22767437e-04 
 1.91450000e-09  2.20561615e-04 
 1.91550000e-09  2.18472103e-04 
 1.91650000e-09  2.16346018e-04 
 1.91750000e-09  2.14334584e-04 
 1.91850000e-09  2.12284020e-04 
 1.91950000e-09  2.10346319e-04 
 1.92050000e-09  2.08367364e-04 
 1.92150000e-09  2.06499368e-04 
 1.92250000e-09  2.04588389e-04 
 1.92350000e-09  2.02786357e-04 
 1.92450000e-09  2.00939970e-04 
 1.92550000e-09  1.99200426e-04 
 1.92650000e-09  1.97415478e-04 
 1.92750000e-09  1.95735186e-04 
 1.92850000e-09  1.94008732e-04 
 1.92950000e-09  1.92384673e-04 
 1.93050000e-09  1.90713962e-04 
 1.93150000e-09  1.89143321e-04 
 1.93250000e-09  1.87525776e-04 
 1.93350000e-09  1.86005919e-04 
 1.93450000e-09  1.84439123e-04 
 1.93550000e-09  1.82967591e-04 
 1.93650000e-09  1.81449276e-04 
 1.93750000e-09  1.80023762e-04 
 1.93850000e-09  1.78551797e-04 
 1.93950000e-09  1.77170138e-04 
 1.94050000e-09  1.75742516e-04 
 1.94150000e-09  1.74402684e-04 
 1.94250000e-09  1.73017516e-04 
 1.94350000e-09  1.71717603e-04 
 1.94450000e-09  1.70373106e-04 
 1.94550000e-09  1.69111321e-04 
 1.94650000e-09  1.67805813e-04 
 1.94750000e-09  1.66580466e-04 
 1.94850000e-09  1.65312357e-04 
 1.94950000e-09  1.64121860e-04 
 1.95000000e-09  1.63489179e-04 
 1.95010000e-09  1.63382674e-04 
 1.95030000e-09  1.63143933e-04 
 1.95070000e-09  1.62665082e-04 
 1.95150000e-09  1.61718776e-04 
 1.95250000e-09  1.60548311e-04 
 1.95350000e-09  1.59396307e-04 
 1.95450000e-09  1.58258021e-04 
 1.95550000e-09  1.57137543e-04 
 1.95650000e-09  1.56030156e-04 
 1.95750000e-09  1.54939951e-04 
 1.95850000e-09  1.53862246e-04 
 1.95950000e-09  1.52801124e-04 
 1.96050000e-09  1.51751945e-04 
 1.96150000e-09  1.50718777e-04 
 1.96250000e-09  1.49697026e-04 
 1.96350000e-09  1.48690739e-04 
 1.96450000e-09  1.47695374e-04 
 1.96550000e-09  1.46714950e-04 
 1.96650000e-09  1.45744981e-04 
 1.96750000e-09  1.44789451e-04 
 1.96850000e-09  1.43843936e-04 
 1.96950000e-09  1.42912380e-04 
 1.97050000e-09  1.41990424e-04 
 1.97150000e-09  1.41081965e-04 
 1.97250000e-09  1.40182713e-04 
 1.97350000e-09  1.39296517e-04 
 1.97450000e-09  1.38419157e-04 
 1.97550000e-09  1.37554429e-04 
 1.97650000e-09  1.36698187e-04 
 1.97750000e-09  1.35854168e-04 
 1.97850000e-09  1.35018306e-04 
 1.97950000e-09  1.34194273e-04 
 1.98050000e-09  1.33378084e-04 
 1.98150000e-09  1.32573348e-04 
 1.98250000e-09  1.31776158e-04 
 1.98350000e-09  1.30990059e-04 
 1.98450000e-09  1.30211226e-04 
 1.98550000e-09  1.29443135e-04 
 1.98650000e-09  1.28682043e-04 
 1.98750000e-09  1.27931357e-04 
 1.98850000e-09  1.27187419e-04 
 1.98950000e-09  1.26453563e-04 
 1.99050000e-09  1.25726215e-04 
 1.99150000e-09  1.25008639e-04 
 1.99250000e-09  1.24297342e-04 
 1.99350000e-09  1.23595518e-04 
 1.99450000e-09  1.22899758e-04 
 1.99550000e-09  1.22213181e-04 
 1.99650000e-09  1.21532463e-04 
 1.99750000e-09  1.20860649e-04 
 1.99850000e-09  1.20194500e-04 
 1.99950000e-09  1.19536985e-04 
 2.00000000e-09  1.19209726e-04 
