 0.00000000e+00  1.41117233e-01 
 1.00000000e-14  1.41117233e-01 
 2.00000000e-14  1.41117233e-01 
 4.00000000e-14  1.41117233e-01 
 8.00000000e-14  1.41117233e-01 
 1.60000000e-13  1.41117233e-01 
 3.20000000e-13  1.41117233e-01 
 6.40000000e-13  1.41117233e-01 
 1.28000000e-12  1.41117233e-01 
 2.28000000e-12  1.41117233e-01 
 3.28000000e-12  1.41117233e-01 
 4.28000000e-12  1.41117233e-01 
 5.28000000e-12  1.41117233e-01 
 6.28000000e-12  1.41117233e-01 
 7.28000000e-12  1.41117233e-01 
 8.28000000e-12  1.41117233e-01 
 9.28000000e-12  1.41117233e-01 
 1.02800000e-11  1.41117233e-01 
 1.12800000e-11  1.41117233e-01 
 1.22800000e-11  1.41117233e-01 
 1.32800000e-11  1.41117233e-01 
 1.42800000e-11  1.41117233e-01 
 1.52800000e-11  1.41117233e-01 
 1.62800000e-11  1.41117233e-01 
 1.72800000e-11  1.41117233e-01 
 1.82800000e-11  1.41117233e-01 
 1.92800000e-11  1.41117233e-01 
 2.02800000e-11  1.41117233e-01 
 2.12800000e-11  1.41117233e-01 
 2.22800000e-11  1.41117233e-01 
 2.32800000e-11  1.41117233e-01 
 2.42800000e-11  1.41117233e-01 
 2.52800000e-11  1.41117233e-01 
 2.62800000e-11  1.41117233e-01 
 2.72800000e-11  1.41117233e-01 
 2.82800000e-11  1.41117233e-01 
 2.92800000e-11  1.41117233e-01 
 3.02800000e-11  1.41117233e-01 
 3.12800000e-11  1.41117233e-01 
 3.22800000e-11  1.41117233e-01 
 3.32800000e-11  1.41117233e-01 
 3.42800000e-11  1.41117233e-01 
 3.52800000e-11  1.41117233e-01 
 3.62800000e-11  1.41117233e-01 
 3.72800000e-11  1.41117233e-01 
 3.82800000e-11  1.41117233e-01 
 3.92800000e-11  1.41117233e-01 
 4.02800000e-11  1.41117233e-01 
 4.12800000e-11  1.41117233e-01 
 4.22800000e-11  1.41117233e-01 
 4.32800000e-11  1.41117233e-01 
 4.42800000e-11  1.41117233e-01 
 4.52800000e-11  1.41117233e-01 
 4.62800000e-11  1.41117233e-01 
 4.72800000e-11  1.41117233e-01 
 4.82800000e-11  1.41117233e-01 
 4.92800000e-11  1.41117233e-01 
 5.00000000e-11  1.41117233e-01 
 5.01000000e-11  1.41117233e-01 
 5.03000000e-11  1.41117233e-01 
 5.07000000e-11  1.41117233e-01 
 5.15000000e-11  1.41117233e-01 
 5.25000000e-11  1.41117233e-01 
 5.35000000e-11  1.41117233e-01 
 5.45000000e-11  1.41117233e-01 
 5.55000000e-11  1.41117233e-01 
 5.65000000e-11  1.41117233e-01 
 5.75000000e-11  1.41117233e-01 
 5.85000000e-11  1.41117233e-01 
 5.95000000e-11  1.41117233e-01 
 6.05000000e-11  1.41117233e-01 
 6.15000000e-11  1.41117233e-01 
 6.25000000e-11  1.41117233e-01 
 6.35000000e-11  1.41117233e-01 
 6.45000000e-11  1.41117233e-01 
 6.55000000e-11  1.41117233e-01 
 6.65000000e-11  1.41117233e-01 
 6.75000000e-11  1.41117233e-01 
 6.85000000e-11  1.41117233e-01 
 6.95000000e-11  1.41117233e-01 
 7.05000000e-11  1.41117233e-01 
 7.15000000e-11  1.41117233e-01 
 7.25000000e-11  1.41117233e-01 
 7.35000000e-11  1.41117233e-01 
 7.45000000e-11  1.41117233e-01 
 7.55000000e-11  1.41117233e-01 
 7.65000000e-11  1.41117233e-01 
 7.75000000e-11  1.41117233e-01 
 7.85000000e-11  1.41117233e-01 
 7.95000000e-11  1.41117233e-01 
 8.05000000e-11  1.41117233e-01 
 8.15000000e-11  1.41117233e-01 
 8.25000000e-11  1.41117233e-01 
 8.35000000e-11  1.41117233e-01 
 8.45000000e-11  1.41117233e-01 
 8.55000000e-11  1.41117233e-01 
 8.65000000e-11  1.41117233e-01 
 8.75000000e-11  1.41117233e-01 
 8.85000000e-11  1.41117233e-01 
 8.95000000e-11  1.41117233e-01 
 9.05000000e-11  1.41117233e-01 
 9.15000000e-11  1.41117233e-01 
 9.25000000e-11  1.41117233e-01 
 9.35000000e-11  1.41117233e-01 
 9.45000000e-11  1.41117233e-01 
 9.55000000e-11  1.41117233e-01 
 9.65000000e-11  1.41117233e-01 
 9.75000000e-11  1.41117233e-01 
 9.85000000e-11  1.41117233e-01 
 9.95000000e-11  1.41117233e-01 
 1.00500000e-10  1.41117233e-01 
 1.01500000e-10  1.41117233e-01 
 1.02500000e-10  1.41117233e-01 
 1.03500000e-10  1.41117233e-01 
 1.04500000e-10  1.41117233e-01 
 1.05500000e-10  1.41117233e-01 
 1.06500000e-10  1.41117233e-01 
 1.07500000e-10  1.41117233e-01 
 1.08500000e-10  1.41117233e-01 
 1.09500000e-10  1.41117233e-01 
 1.10500000e-10  1.41117233e-01 
 1.11500000e-10  1.41117233e-01 
 1.12500000e-10  1.41117233e-01 
 1.13500000e-10  1.41117233e-01 
 1.14500000e-10  1.41117233e-01 
 1.15500000e-10  1.41117233e-01 
 1.16500000e-10  1.41117233e-01 
 1.17500000e-10  1.41117233e-01 
 1.18500000e-10  1.41117233e-01 
 1.19500000e-10  1.41117233e-01 
 1.20500000e-10  1.41117233e-01 
 1.21500000e-10  1.41117233e-01 
 1.22500000e-10  1.41117233e-01 
 1.23500000e-10  1.41117233e-01 
 1.24500000e-10  1.41117233e-01 
 1.25500000e-10  1.41117233e-01 
 1.26500000e-10  1.41117233e-01 
 1.27500000e-10  1.41117233e-01 
 1.28500000e-10  1.41117233e-01 
 1.29500000e-10  1.41117233e-01 
 1.30500000e-10  1.41117233e-01 
 1.31500000e-10  1.41117233e-01 
 1.32500000e-10  1.41117233e-01 
 1.33500000e-10  1.41117233e-01 
 1.34500000e-10  1.41117233e-01 
 1.35500000e-10  1.41117233e-01 
 1.36500000e-10  1.41117233e-01 
 1.37500000e-10  1.41117233e-01 
 1.38500000e-10  1.41117233e-01 
 1.39500000e-10  1.41117233e-01 
 1.40500000e-10  1.41117233e-01 
 1.41500000e-10  1.41117233e-01 
 1.42500000e-10  1.41117233e-01 
 1.43500000e-10  1.41117233e-01 
 1.44500000e-10  1.41117233e-01 
 1.45500000e-10  1.41117233e-01 
 1.46500000e-10  1.41117233e-01 
 1.47500000e-10  1.41117233e-01 
 1.48500000e-10  1.41117233e-01 
 1.49500000e-10  1.41117233e-01 
 1.50500000e-10  1.41117233e-01 
 1.51500000e-10  1.41117233e-01 
 1.52500000e-10  1.41117233e-01 
 1.53500000e-10  1.41117233e-01 
 1.54500000e-10  1.41117233e-01 
 1.55500000e-10  1.41117233e-01 
 1.56500000e-10  1.41117233e-01 
 1.57500000e-10  1.41117233e-01 
 1.58500000e-10  1.41117233e-01 
 1.59500000e-10  1.41117233e-01 
 1.60500000e-10  1.41117233e-01 
 1.61500000e-10  1.41117233e-01 
 1.62500000e-10  1.41117233e-01 
 1.63500000e-10  1.41117233e-01 
 1.64500000e-10  1.41117233e-01 
 1.65500000e-10  1.41117233e-01 
 1.66500000e-10  1.41117233e-01 
 1.67500000e-10  1.41117233e-01 
 1.68500000e-10  1.41117233e-01 
 1.69500000e-10  1.41117233e-01 
 1.70500000e-10  1.41117233e-01 
 1.71500000e-10  1.41117233e-01 
 1.72500000e-10  1.41117233e-01 
 1.73500000e-10  1.41117233e-01 
 1.74500000e-10  1.41117233e-01 
 1.75500000e-10  1.41117233e-01 
 1.76500000e-10  1.41117233e-01 
 1.77500000e-10  1.41117233e-01 
 1.78500000e-10  1.41117233e-01 
 1.79500000e-10  1.41117233e-01 
 1.80500000e-10  1.41117233e-01 
 1.81500000e-10  1.41117233e-01 
 1.82500000e-10  1.41117233e-01 
 1.83500000e-10  1.41117233e-01 
 1.84500000e-10  1.41117233e-01 
 1.85500000e-10  1.41117233e-01 
 1.86500000e-10  1.41117233e-01 
 1.87500000e-10  1.41117233e-01 
 1.88500000e-10  1.41117233e-01 
 1.89500000e-10  1.41117233e-01 
 1.90500000e-10  1.41117233e-01 
 1.91500000e-10  1.41117233e-01 
 1.92500000e-10  1.41117233e-01 
 1.93500000e-10  1.41117233e-01 
 1.94500000e-10  1.41117233e-01 
 1.95500000e-10  1.41117233e-01 
 1.96500000e-10  1.41117233e-01 
 1.97500000e-10  1.41117233e-01 
 1.98500000e-10  1.41117233e-01 
 1.99500000e-10  1.41117233e-01 
 2.00000000e-10  1.41117233e-01 
 2.00100000e-10  1.41299723e-01 
 2.00300000e-10  1.41537072e-01 
 2.00700000e-10  1.41871769e-01 
 2.01500000e-10  1.42412591e-01 
 2.02500000e-10  1.42778483e-01 
 2.03500000e-10  1.42930155e-01 
 2.04500000e-10  1.42885002e-01 
 2.05500000e-10  1.42732893e-01 
 2.06500000e-10  1.42473926e-01 
 2.07500000e-10  1.42169903e-01 
 2.08500000e-10  1.41811955e-01 
 2.09500000e-10  1.41443228e-01 
 2.10500000e-10  1.41050372e-01 
 2.11500000e-10  1.40664545e-01 
 2.12500000e-10  1.40271072e-01 
 2.13500000e-10  1.39892863e-01 
 2.14500000e-10  1.39515268e-01 
 2.15500000e-10  1.39155492e-01 
 2.16500000e-10  1.38799681e-01 
 2.17500000e-10  1.38460969e-01 
 2.18500000e-10  1.38126609e-01 
 2.19500000e-10  1.37806714e-01 
 2.20500000e-10  1.37489707e-01 
 2.21500000e-10  1.37183428e-01 
 2.22500000e-10  1.36877523e-01 
 2.23500000e-10  1.36578272e-01 
 2.24500000e-10  1.36276777e-01 
 2.25500000e-10  1.35978625e-01 
 2.26500000e-10  1.35676922e-01 
 2.27500000e-10  1.35377421e-01 
 2.28500000e-10  1.35075050e-01 
 2.29500000e-10  1.34774912e-01 
 2.30500000e-10  1.34472612e-01 
 2.31500000e-10  1.34174062e-01 
 2.32500000e-10  1.33881045e-01 
 2.33500000e-10  1.33609622e-01 
 2.34500000e-10  1.33377896e-01 
 2.35500000e-10  1.33218208e-01 
 2.36500000e-10  1.33152507e-01 
 2.37500000e-10  1.33179372e-01 
 2.38500000e-10  1.33234929e-01 
 2.39500000e-10  1.33178939e-01 
 2.40500000e-10  1.32789288e-01 
 2.41500000e-10  1.31852304e-01 
 2.42500000e-10  1.30276629e-01 
 2.43500000e-10  1.28160831e-01 
 2.44500000e-10  1.25726123e-01 
 2.45500000e-10  1.23227677e-01 
 2.46500000e-10  1.20882058e-01 
 2.47500000e-10  1.18847485e-01 
 2.48500000e-10  1.17218308e-01 
 2.49500000e-10  1.16044653e-01 
 2.50000000e-10  1.15633256e-01 
 2.50100000e-10  1.15566953e-01 
 2.50300000e-10  1.15427597e-01 
 2.50700000e-10  1.15203489e-01 
 2.51500000e-10  1.14887323e-01 
 2.52500000e-10  1.14840589e-01 
 2.53500000e-10  1.15263146e-01 
 2.54500000e-10  1.16192985e-01 
 2.55500000e-10  1.17656626e-01 
 2.56500000e-10  1.19655072e-01 
 2.57500000e-10  1.22206166e-01 
 2.58500000e-10  1.25316961e-01 
 2.59500000e-10  1.29019350e-01 
 2.60500000e-10  1.33341414e-01 
 2.61500000e-10  1.38346377e-01 
 2.62500000e-10  1.44098418e-01 
 2.63500000e-10  1.50705218e-01 
 2.64500000e-10  1.58288550e-01 
 2.65500000e-10  1.67027825e-01 
 2.66500000e-10  1.77126207e-01 
 2.67500000e-10  1.88814918e-01 
 2.68500000e-10  2.02235684e-01 
 2.69500000e-10  2.17374374e-01 
 2.70500000e-10  2.34025988e-01 
 2.71500000e-10  2.51896983e-01 
 2.72500000e-10  2.70652404e-01 
 2.73500000e-10  2.90002137e-01 
 2.74500000e-10  3.09717193e-01 
 2.75500000e-10  3.29654125e-01 
 2.76500000e-10  3.49705919e-01 
 2.77500000e-10  3.69794001e-01 
 2.78500000e-10  3.89834504e-01 
 2.79500000e-10  4.09754874e-01 
 2.80500000e-10  4.29485967e-01 
 2.81500000e-10  4.48985365e-01 
 2.82500000e-10  4.68219103e-01 
 2.83500000e-10  4.87160645e-01 
 2.84500000e-10  5.05779289e-01 
 2.85500000e-10  5.24058630e-01 
 2.86500000e-10  5.41989520e-01 
 2.87500000e-10  5.59575812e-01 
 2.88500000e-10  5.76821354e-01 
 2.89500000e-10  5.93737031e-01 
 2.90500000e-10  6.10332518e-01 
 2.91500000e-10  6.26623057e-01 
 2.92500000e-10  6.42622094e-01 
 2.93500000e-10  6.58344258e-01 
 2.94500000e-10  6.73797399e-01 
 2.95500000e-10  6.88988351e-01 
 2.96500000e-10  7.03921155e-01 
 2.97500000e-10  7.18602844e-01 
 2.98500000e-10  7.33039932e-01 
 2.99500000e-10  7.47242704e-01 
 3.00500000e-10  7.61221261e-01 
 3.01500000e-10  7.74988205e-01 
 3.02500000e-10  7.88555864e-01 
 3.03500000e-10  8.01938435e-01 
 3.04500000e-10  8.15149856e-01 
 3.05500000e-10  8.28205537e-01 
 3.06500000e-10  8.41120684e-01 
 3.07500000e-10  8.53911695e-01 
 3.08500000e-10  8.66594818e-01 
 3.09500000e-10  8.79187276e-01 
 3.10500000e-10  8.91706190e-01 
 3.11500000e-10  9.04169494e-01 
 3.12500000e-10  9.16595056e-01 
 3.13500000e-10  9.29001445e-01 
 3.14500000e-10  9.41407204e-01 
 3.15500000e-10  9.53831487e-01 
 3.16500000e-10  9.66293458e-01 
 3.17500000e-10  9.78812819e-01 
 3.18500000e-10  9.91409287e-01 
 3.19500000e-10  1.00410302e+00 
 3.20500000e-10  1.01691417e+00 
 3.21500000e-10  1.02986312e+00 
 3.22500000e-10  1.04297007e+00 
 3.23500000e-10  1.05625523e+00 
 3.24500000e-10  1.06973826e+00 
 3.25500000e-10  1.08343926e+00 
 3.26500000e-10  1.09737509e+00 
 3.27500000e-10  1.11156254e+00 
 3.28500000e-10  1.12601589e+00 
 3.29500000e-10  1.14074710e+00 
 3.30500000e-10  1.15576372e+00 
 3.31500000e-10  1.17106840e+00 
 3.32500000e-10  1.18665637e+00 
 3.33500000e-10  1.20251378e+00 
 3.34500000e-10  1.21861514e+00 
 3.35500000e-10  1.23492195e+00 
 3.36500000e-10  1.25137951e+00 
 3.37500000e-10  1.26791776e+00 
 3.38500000e-10  1.28445228e+00 
 3.39500000e-10  1.30088901e+00 
 3.40500000e-10  1.31713064e+00 
 3.41500000e-10  1.33308646e+00 
 3.42500000e-10  1.34868168e+00 
 3.43500000e-10  1.36386513e+00 
 3.44500000e-10  1.37860962e+00 
 3.45500000e-10  1.39290851e+00 
 3.46500000e-10  1.40676912e+00 
 3.47500000e-10  1.42020661e+00 
 3.48500000e-10  1.43323874e+00 
 3.49500000e-10  1.44588341e+00 
 3.50500000e-10  1.45815675e+00 
 3.51500000e-10  1.47007302e+00 
 3.52500000e-10  1.48164423e+00 
 3.53500000e-10  1.49288072e+00 
 3.54500000e-10  1.50379116e+00 
 3.55500000e-10  1.51438322e+00 
 3.56500000e-10  1.52466351e+00 
 3.57500000e-10  1.53463819e+00 
 3.58500000e-10  1.54431283e+00 
 3.59500000e-10  1.55369290e+00 
 3.60500000e-10  1.56278358e+00 
 3.61500000e-10  1.57159014e+00 
 3.62500000e-10  1.58011773e+00 
 3.63500000e-10  1.58837168e+00 
 3.64500000e-10  1.59635727e+00 
 3.65500000e-10  1.60408003e+00 
 3.66500000e-10  1.61154545e+00 
 3.67500000e-10  1.61875924e+00 
 3.68500000e-10  1.62572717e+00 
 3.69500000e-10  1.63245509e+00 
 3.70500000e-10  1.63894867e+00 
 3.71500000e-10  1.64521398e+00 
 3.72500000e-10  1.65125694e+00 
 3.73500000e-10  1.65708365e+00 
 3.74500000e-10  1.66270005e+00 
 3.75500000e-10  1.66811221e+00 
 3.76500000e-10  1.67332602e+00 
 3.77500000e-10  1.67834749e+00 
 3.78500000e-10  1.68318241e+00 
 3.79500000e-10  1.68783664e+00 
 3.80500000e-10  1.69231585e+00 
 3.81500000e-10  1.69662573e+00 
 3.82500000e-10  1.70077177e+00 
 3.83500000e-10  1.70475946e+00 
 3.84500000e-10  1.70859408e+00 
 3.85500000e-10  1.71228092e+00 
 3.86500000e-10  1.71582500e+00 
 3.87500000e-10  1.71923138e+00 
 3.88500000e-10  1.72250485e+00 
 3.89500000e-10  1.72565021e+00 
 3.90500000e-10  1.72867201e+00 
 3.91500000e-10  1.73157478e+00 
 3.92500000e-10  1.73436281e+00 
 3.93500000e-10  1.73704040e+00 
 3.94500000e-10  1.73961158e+00 
 3.95500000e-10  1.74208037e+00 
 3.96500000e-10  1.74445057e+00 
 3.97500000e-10  1.74672596e+00 
 3.98500000e-10  1.74891009e+00 
 3.99500000e-10  1.75100649e+00 
 4.00500000e-10  1.75301848e+00 
 4.01500000e-10  1.75494936e+00 
 4.02500000e-10  1.75680222e+00 
 4.03500000e-10  1.75858014e+00 
 4.04500000e-10  1.76028600e+00 
 4.05500000e-10  1.76192266e+00 
 4.06500000e-10  1.76349280e+00 
 4.07500000e-10  1.76499907e+00 
 4.08500000e-10  1.76644397e+00 
 4.09500000e-10  1.76782996e+00 
 4.10500000e-10  1.76915933e+00 
 4.11500000e-10  1.77043440e+00 
 4.12500000e-10  1.77165728e+00 
 4.13500000e-10  1.77283010e+00 
 4.14500000e-10  1.77395483e+00 
 4.15500000e-10  1.77503344e+00 
 4.16500000e-10  1.77606775e+00 
 4.17500000e-10  1.77705958e+00 
 4.18500000e-10  1.77801060e+00 
 4.19500000e-10  1.77892251e+00 
 4.20500000e-10  1.77979686e+00 
 4.21500000e-10  1.78063519e+00 
 4.22500000e-10  1.78143895e+00 
 4.23500000e-10  1.78220957e+00 
 4.24500000e-10  1.78294837e+00 
 4.25500000e-10  1.78365667e+00 
 4.26500000e-10  1.78433570e+00 
 4.27500000e-10  1.78498667e+00 
 4.28500000e-10  1.78561071e+00 
 4.29500000e-10  1.78620894e+00 
 4.30500000e-10  1.78678240e+00 
 4.31500000e-10  1.78733212e+00 
 4.32500000e-10  1.78785907e+00 
 4.33500000e-10  1.78836419e+00 
 4.34500000e-10  1.78884836e+00 
 4.35500000e-10  1.78931247e+00 
 4.36500000e-10  1.78975731e+00 
 4.37500000e-10  1.79018371e+00 
 4.38500000e-10  1.79059240e+00 
 4.39500000e-10  1.79098414e+00 
 4.40500000e-10  1.79135959e+00 
 4.41500000e-10  1.79171947e+00 
 4.42500000e-10  1.79206438e+00 
 4.43500000e-10  1.79239498e+00 
 4.44500000e-10  1.79271181e+00 
 4.45500000e-10  1.79301549e+00 
 4.46500000e-10  1.79330653e+00 
 4.47500000e-10  1.79358548e+00 
 4.48500000e-10  1.79385282e+00 
 4.49500000e-10  1.79410904e+00 
 4.50000000e-10  1.79423310e+00 
 4.50100000e-10  1.79425755e+00 
 4.50300000e-10  1.79430624e+00 
 4.50700000e-10  1.79440238e+00 
 4.51500000e-10  1.79458984e+00 
 4.52500000e-10  1.79481538e+00 
 4.53500000e-10  1.79503154e+00 
 4.54500000e-10  1.79523869e+00 
 4.55500000e-10  1.79543723e+00 
 4.56500000e-10  1.79562749e+00 
 4.57500000e-10  1.79580982e+00 
 4.58500000e-10  1.79598457e+00 
 4.59500000e-10  1.79615203e+00 
 4.60500000e-10  1.79631251e+00 
 4.61500000e-10  1.79646631e+00 
 4.62500000e-10  1.79661370e+00 
 4.63500000e-10  1.79675495e+00 
 4.64500000e-10  1.79689030e+00 
 4.65500000e-10  1.79702002e+00 
 4.66500000e-10  1.79714433e+00 
 4.67500000e-10  1.79726345e+00 
 4.68500000e-10  1.79737761e+00 
 4.69500000e-10  1.79748701e+00 
 4.70500000e-10  1.79759185e+00 
 4.71500000e-10  1.79769231e+00 
 4.72500000e-10  1.79778859e+00 
 4.73500000e-10  1.79788085e+00 
 4.74500000e-10  1.79796926e+00 
 4.75500000e-10  1.79805398e+00 
 4.76500000e-10  1.79813517e+00 
 4.77500000e-10  1.79821298e+00 
 4.78500000e-10  1.79828753e+00 
 4.79500000e-10  1.79835898e+00 
 4.80500000e-10  1.79842745e+00 
 4.81500000e-10  1.79849305e+00 
 4.82500000e-10  1.79855593e+00 
 4.83500000e-10  1.79861617e+00 
 4.84500000e-10  1.79867391e+00 
 4.85500000e-10  1.79872923e+00 
 4.86500000e-10  1.79878225e+00 
 4.87500000e-10  1.79883305e+00 
 4.88500000e-10  1.79888173e+00 
 4.89500000e-10  1.79892839e+00 
 4.90500000e-10  1.79897309e+00 
 4.91500000e-10  1.79901593e+00 
 4.92500000e-10  1.79905698e+00 
 4.93500000e-10  1.79909632e+00 
 4.94500000e-10  1.79913401e+00 
 4.95500000e-10  1.79917013e+00 
 4.96500000e-10  1.79920475e+00 
 4.97500000e-10  1.79923792e+00 
 4.98500000e-10  1.79926970e+00 
 4.99500000e-10  1.79930016e+00 
 5.00000000e-10  1.79931491e+00 
 5.00100000e-10  1.79931781e+00 
 5.00300000e-10  1.79932360e+00 
 5.00700000e-10  1.79933503e+00 
 5.01500000e-10  1.79935730e+00 
 5.02500000e-10  1.79938411e+00 
 5.03500000e-10  1.79940979e+00 
 5.04500000e-10  1.79943440e+00 
 5.05500000e-10  1.79945798e+00 
 5.06500000e-10  1.79948058e+00 
 5.07500000e-10  1.79950223e+00 
 5.08500000e-10  1.79952299e+00 
 5.09500000e-10  1.79954287e+00 
 5.10500000e-10  1.79956193e+00 
 5.11500000e-10  1.79958018e+00 
 5.12500000e-10  1.79959768e+00 
 5.13500000e-10  1.79961445e+00 
 5.14500000e-10  1.79963051e+00 
 5.15500000e-10  1.79964591e+00 
 5.16500000e-10  1.79966066e+00 
 5.17500000e-10  1.79967480e+00 
 5.18500000e-10  1.79968835e+00 
 5.19500000e-10  1.79970133e+00 
 5.20500000e-10  1.79971377e+00 
 5.21500000e-10  1.79972569e+00 
 5.22500000e-10  1.79973711e+00 
 5.23500000e-10  1.79974806e+00 
 5.24500000e-10  1.79975855e+00 
 5.25500000e-10  1.79976860e+00 
 5.26500000e-10  1.79977823e+00 
 5.27500000e-10  1.79978746e+00 
 5.28500000e-10  1.79979630e+00 
 5.29500000e-10  1.79980478e+00 
 5.30500000e-10  1.79981290e+00 
 5.31500000e-10  1.79982068e+00 
 5.32500000e-10  1.79982814e+00 
 5.33500000e-10  1.79983529e+00 
 5.34500000e-10  1.79984214e+00 
 5.35500000e-10  1.79984870e+00 
 5.36500000e-10  1.79985499e+00 
 5.37500000e-10  1.79986101e+00 
 5.38500000e-10  1.79986679e+00 
 5.39500000e-10  1.79987232e+00 
 5.40500000e-10  1.79987762e+00 
 5.41500000e-10  1.79988270e+00 
 5.42500000e-10  1.79988757e+00 
 5.43500000e-10  1.79989224e+00 
 5.44500000e-10  1.79989671e+00 
 5.45500000e-10  1.79990099e+00 
 5.46500000e-10  1.79990510e+00 
 5.47500000e-10  1.79990903e+00 
 5.48500000e-10  1.79991280e+00 
 5.49500000e-10  1.79991642e+00 
 5.50000000e-10  1.79991817e+00 
 5.50100000e-10  1.79991851e+00 
 5.50300000e-10  1.79991920e+00 
 5.50700000e-10  1.79992055e+00 
 5.51500000e-10  1.79992320e+00 
 5.52500000e-10  1.79992637e+00 
 5.53500000e-10  1.79992942e+00 
 5.54500000e-10  1.79993234e+00 
 5.55500000e-10  1.79993514e+00 
 5.56500000e-10  1.79993782e+00 
 5.57500000e-10  1.79994039e+00 
 5.58500000e-10  1.79994285e+00 
 5.59500000e-10  1.79994521e+00 
 5.60500000e-10  1.79994747e+00 
 5.61500000e-10  1.79994964e+00 
 5.62500000e-10  1.79995172e+00 
 5.63500000e-10  1.79995371e+00 
 5.64500000e-10  1.79995561e+00 
 5.65500000e-10  1.79995744e+00 
 5.66500000e-10  1.79995919e+00 
 5.67500000e-10  1.79996087e+00 
 5.68500000e-10  1.79996248e+00 
 5.69500000e-10  1.79996402e+00 
 5.70500000e-10  1.79996550e+00 
 5.71500000e-10  1.79996691e+00 
 5.72500000e-10  1.79996827e+00 
 5.73500000e-10  1.79996957e+00 
 5.74500000e-10  1.79997081e+00 
 5.75500000e-10  1.79997201e+00 
 5.76500000e-10  1.79997315e+00 
 5.77500000e-10  1.79997425e+00 
 5.78500000e-10  1.79997530e+00 
 5.79500000e-10  1.79997631e+00 
 5.80500000e-10  1.79997727e+00 
 5.81500000e-10  1.79997820e+00 
 5.82500000e-10  1.79997908e+00 
 5.83500000e-10  1.79997993e+00 
 5.84500000e-10  1.79998075e+00 
 5.85500000e-10  1.79998153e+00 
 5.86500000e-10  1.79998227e+00 
 5.87500000e-10  1.79998299e+00 
 5.88500000e-10  1.79998368e+00 
 5.89500000e-10  1.79998434e+00 
 5.90500000e-10  1.79998497e+00 
 5.91500000e-10  1.79998557e+00 
 5.92500000e-10  1.79998615e+00 
 5.93500000e-10  1.79998671e+00 
 5.94500000e-10  1.79998724e+00 
 5.95500000e-10  1.79998775e+00 
 5.96500000e-10  1.79998824e+00 
 5.97500000e-10  1.79998871e+00 
 5.98500000e-10  1.79998916e+00 
 5.99500000e-10  1.79998959e+00 
 6.00500000e-10  1.79999000e+00 
 6.01500000e-10  1.79999039e+00 
 6.02500000e-10  1.79999077e+00 
 6.03500000e-10  1.79999114e+00 
 6.04500000e-10  1.79999149e+00 
 6.05500000e-10  1.79999182e+00 
 6.06500000e-10  1.79999214e+00 
 6.07500000e-10  1.79999245e+00 
 6.08500000e-10  1.79999274e+00 
 6.09500000e-10  1.79999302e+00 
 6.10500000e-10  1.79999329e+00 
 6.11500000e-10  1.79999355e+00 
 6.12500000e-10  1.79999380e+00 
 6.13500000e-10  1.79999404e+00 
 6.14500000e-10  1.79999427e+00 
 6.15500000e-10  1.79999449e+00 
 6.16500000e-10  1.79999470e+00 
 6.17500000e-10  1.79999490e+00 
 6.18500000e-10  1.79999509e+00 
 6.19500000e-10  1.79999527e+00 
 6.20500000e-10  1.79999545e+00 
 6.21500000e-10  1.79999562e+00 
 6.22500000e-10  1.79999578e+00 
 6.23500000e-10  1.79999594e+00 
 6.24500000e-10  1.79999609e+00 
 6.25500000e-10  1.79999623e+00 
 6.26500000e-10  1.79999637e+00 
 6.27500000e-10  1.79999650e+00 
 6.28500000e-10  1.79999663e+00 
 6.29500000e-10  1.79999675e+00 
 6.30500000e-10  1.79999687e+00 
 6.31500000e-10  1.79999698e+00 
 6.32500000e-10  1.79999709e+00 
 6.33500000e-10  1.79999719e+00 
 6.34500000e-10  1.79999729e+00 
 6.35500000e-10  1.79999738e+00 
 6.36500000e-10  1.79999747e+00 
 6.37500000e-10  1.79999756e+00 
 6.38500000e-10  1.79999764e+00 
 6.39500000e-10  1.79999772e+00 
 6.40500000e-10  1.79999780e+00 
 6.41500000e-10  1.79999787e+00 
 6.42500000e-10  1.79999794e+00 
 6.43500000e-10  1.79999801e+00 
 6.44500000e-10  1.79999807e+00 
 6.45500000e-10  1.79999814e+00 
 6.46500000e-10  1.79999820e+00 
 6.47500000e-10  1.79999825e+00 
 6.48500000e-10  1.79999831e+00 
 6.49500000e-10  1.79999836e+00 
 6.50500000e-10  1.79999841e+00 
 6.51500000e-10  1.79999846e+00 
 6.52500000e-10  1.79999851e+00 
 6.53500000e-10  1.79999855e+00 
 6.54500000e-10  1.79999860e+00 
 6.55500000e-10  1.79999864e+00 
 6.56500000e-10  1.79999868e+00 
 6.57500000e-10  1.79999871e+00 
 6.58500000e-10  1.79999875e+00 
 6.59500000e-10  1.79999879e+00 
 6.60500000e-10  1.79999882e+00 
 6.61500000e-10  1.79999885e+00 
 6.62500000e-10  1.79999888e+00 
 6.63500000e-10  1.79999891e+00 
 6.64500000e-10  1.79999894e+00 
 6.65500000e-10  1.79999897e+00 
 6.66500000e-10  1.79999900e+00 
 6.67500000e-10  1.79999902e+00 
 6.68500000e-10  1.79999904e+00 
 6.69500000e-10  1.79999907e+00 
 6.70500000e-10  1.79999909e+00 
 6.71500000e-10  1.79999911e+00 
 6.72500000e-10  1.79999913e+00 
 6.73500000e-10  1.79999915e+00 
 6.74500000e-10  1.79999917e+00 
 6.75500000e-10  1.79999919e+00 
 6.76500000e-10  1.79999921e+00 
 6.77500000e-10  1.79999923e+00 
 6.78500000e-10  1.79999924e+00 
 6.79500000e-10  1.79999926e+00 
 6.80500000e-10  1.79999927e+00 
 6.81500000e-10  1.79999929e+00 
 6.82500000e-10  1.79999930e+00 
 6.83500000e-10  1.79999931e+00 
 6.84500000e-10  1.79999933e+00 
 6.85500000e-10  1.79999934e+00 
 6.86500000e-10  1.79999935e+00 
 6.87500000e-10  1.79999936e+00 
 6.88500000e-10  1.79999938e+00 
 6.89500000e-10  1.79999939e+00 
 6.90500000e-10  1.79999940e+00 
 6.91500000e-10  1.79999941e+00 
 6.92500000e-10  1.79999942e+00 
 6.93500000e-10  1.79999943e+00 
 6.94500000e-10  1.79999943e+00 
 6.95500000e-10  1.79999944e+00 
 6.96500000e-10  1.79999945e+00 
 6.97500000e-10  1.79999946e+00 
 6.98500000e-10  1.79999947e+00 
 6.99500000e-10  1.79999947e+00 
 7.00000000e-10  1.79999948e+00 
 7.00100000e-10  1.80047459e+00 
 7.00300000e-10  1.80100911e+00 
 7.00700000e-10  1.80159983e+00 
 7.01500000e-10  1.80318990e+00 
 7.02500000e-10  1.80557421e+00 
 7.03500000e-10  1.80835700e+00 
 7.04500000e-10  1.81136418e+00 
 7.05500000e-10  1.81457438e+00 
 7.06500000e-10  1.81787390e+00 
 7.07500000e-10  1.82127039e+00 
 7.08500000e-10  1.82468849e+00 
 7.09500000e-10  1.82815192e+00 
 7.10500000e-10  1.83160888e+00 
 7.11500000e-10  1.83509084e+00 
 7.12500000e-10  1.83856066e+00 
 7.13500000e-10  1.84205268e+00 
 7.14500000e-10  1.84553906e+00 
 7.15500000e-10  1.84905419e+00 
 7.16500000e-10  1.85257623e+00 
 7.17500000e-10  1.85613795e+00 
 7.18500000e-10  1.85972121e+00 
 7.19500000e-10  1.86335557e+00 
 7.20500000e-10  1.86702490e+00 
 7.21500000e-10  1.87075554e+00 
 7.22500000e-10  1.87453124e+00 
 7.23500000e-10  1.87837276e+00 
 7.24500000e-10  1.88226197e+00 
 7.25500000e-10  1.88621270e+00 
 7.26500000e-10  1.89020636e+00 
 7.27500000e-10  1.89425198e+00 
 7.28500000e-10  1.89832746e+00 
 7.29500000e-10  1.90243377e+00 
 7.30500000e-10  1.90654152e+00 
 7.31500000e-10  1.91064144e+00 
 7.32500000e-10  1.91469791e+00 
 7.33500000e-10  1.91869539e+00 
 7.34500000e-10  1.92259680e+00 
 7.35500000e-10  1.92638567e+00 
 7.36500000e-10  1.93002877e+00 
 7.37500000e-10  1.93351461e+00 
 7.38500000e-10  1.93681928e+00 
 7.39500000e-10  1.93994082e+00 
 7.40500000e-10  1.94286761e+00 
 7.41500000e-10  1.94560861e+00 
 7.42500000e-10  1.94816342e+00 
 7.43500000e-10  1.95054939e+00 
 7.44500000e-10  1.95277368e+00 
 7.45500000e-10  1.95485804e+00 
 7.46500000e-10  1.95681307e+00 
 7.47500000e-10  1.95866148e+00 
 7.48500000e-10  1.96041373e+00 
 7.49500000e-10  1.96209169e+00 
 7.50000000e-10  1.96290470e+00 
 7.50100000e-10  1.96296127e+00 
 7.50300000e-10  1.96315557e+00 
 7.50700000e-10  1.96370022e+00 
 7.51500000e-10  1.96468955e+00 
 7.52500000e-10  1.96570931e+00 
 7.53500000e-10  1.96660874e+00 
 7.54500000e-10  1.96739513e+00 
 7.55500000e-10  1.96811670e+00 
 7.56500000e-10  1.96878470e+00 
 7.57500000e-10  1.96945200e+00 
 7.58500000e-10  1.97015915e+00 
 7.59500000e-10  1.97088755e+00 
 7.60500000e-10  1.97164794e+00 
 7.61500000e-10  1.97247780e+00 
 7.62500000e-10  1.97339695e+00 
 7.63500000e-10  1.97442929e+00 
 7.64500000e-10  1.97558295e+00 
 7.65500000e-10  1.97685948e+00 
 7.66500000e-10  1.97824542e+00 
 7.67500000e-10  1.97971611e+00 
 7.68500000e-10  1.98122524e+00 
 7.69500000e-10  1.98269843e+00 
 7.70500000e-10  1.98402132e+00 
 7.71500000e-10  1.98503747e+00 
 7.72500000e-10  1.98555406e+00 
 7.73500000e-10  1.98536286e+00 
 7.74500000e-10  1.98426835e+00 
 7.75500000e-10  1.98211386e+00 
 7.76500000e-10  1.97884747e+00 
 7.77500000e-10  1.97470896e+00 
 7.78500000e-10  1.96946890e+00 
 7.79500000e-10  1.96304135e+00 
 7.80500000e-10  1.95549730e+00 
 7.81500000e-10  1.94683376e+00 
 7.82500000e-10  1.93710743e+00 
 7.83500000e-10  1.92634225e+00 
 7.84500000e-10  1.91459326e+00 
 7.85500000e-10  1.90189754e+00 
 7.86500000e-10  1.88826584e+00 
 7.87500000e-10  1.87381550e+00 
 7.88500000e-10  1.85860208e+00 
 7.89500000e-10  1.84265601e+00 
 7.90500000e-10  1.82604637e+00 
 7.91500000e-10  1.80878764e+00 
 7.92500000e-10  1.79094258e+00 
 7.93500000e-10  1.77251554e+00 
 7.94500000e-10  1.75355878e+00 
 7.95500000e-10  1.73407111e+00 
 7.96500000e-10  1.71409447e+00 
 7.97500000e-10  1.69362420e+00 
 7.98500000e-10  1.67269374e+00 
 7.99500000e-10  1.65129624e+00 
 8.00500000e-10  1.62945740e+00 
 8.01500000e-10  1.60717402e+00 
 8.02500000e-10  1.58446054e+00 
 8.03500000e-10  1.56130979e+00 
 8.04500000e-10  1.53773515e+00 
 8.05500000e-10  1.51372558e+00 
 8.06500000e-10  1.48928930e+00 
 8.07500000e-10  1.46441109e+00 
 8.08500000e-10  1.43909231e+00 
 8.09500000e-10  1.41331203e+00 
 8.10500000e-10  1.38706272e+00 
 8.11500000e-10  1.36031501e+00 
 8.12500000e-10  1.33304942e+00 
 8.13500000e-10  1.30522423e+00 
 8.14500000e-10  1.27680381e+00 
 8.15500000e-10  1.24772947e+00 
 8.16500000e-10  1.21794562e+00 
 8.17500000e-10  1.18737519e+00 
 8.18500000e-10  1.15594716e+00 
 8.19500000e-10  1.12358063e+00 
 8.20500000e-10  1.09021752e+00 
 8.21500000e-10  1.05581280e+00 
 8.22500000e-10  1.02036008e+00 
 8.23500000e-10  9.83868164e-01 
 8.24500000e-10  9.46370441e-01 
 8.25500000e-10  9.07902985e-01 
 8.26500000e-10  8.68522083e-01 
 8.27500000e-10  8.28291269e-01 
 8.28500000e-10  7.87296520e-01 
 8.29500000e-10  7.45633963e-01 
 8.30500000e-10  7.03432608e-01 
 8.31500000e-10  6.60821327e-01 
 8.32500000e-10  6.17988395e-01 
 8.33500000e-10  5.75168344e-01 
 8.34500000e-10  5.32666105e-01 
 8.35500000e-10  4.90821786e-01 
 8.36500000e-10  4.50004169e-01 
 8.37500000e-10  4.10586474e-01 
 8.38500000e-10  3.72963095e-01 
 8.39500000e-10  3.37499131e-01 
 8.40500000e-10  3.04473587e-01 
 8.41500000e-10  2.74019171e-01 
 8.42500000e-10  2.46149192e-01 
 8.43500000e-10  2.20785790e-01 
 8.44500000e-10  1.97808511e-01 
 8.45500000e-10  1.77065175e-01 
 8.46500000e-10  1.58397326e-01 
 8.47500000e-10  1.41637759e-01 
 8.48500000e-10  1.26625324e-01 
 8.49500000e-10  1.13199973e-01 
 8.50500000e-10  1.01213901e-01 
 8.51500000e-10  9.05240107e-02 
 8.52500000e-10  8.10013969e-02 
 8.53500000e-10  7.25232840e-02 
 8.54500000e-10  6.49811903e-02 
 8.55500000e-10  5.82727384e-02 
 8.56500000e-10  5.23088942e-02 
 8.57500000e-10  4.70059643e-02 
 8.58500000e-10  4.22921735e-02 
 8.59500000e-10  3.81000304e-02 
 8.60500000e-10  3.43724090e-02 
 8.61500000e-10  3.10553786e-02 
 8.62500000e-10  2.81038924e-02 
 8.63500000e-10  2.54751043e-02 
 8.64500000e-10  2.31337256e-02 
 8.65500000e-10  2.10458289e-02 
 8.66500000e-10  1.91839035e-02 
 8.67500000e-10  1.75211225e-02 
 8.68500000e-10  1.60361174e-02 
 8.69500000e-10  1.47076761e-02 
 8.70500000e-10  1.35192502e-02 
 8.71500000e-10  1.24535621e-02 
 8.72500000e-10  1.14951167e-02 
 8.73500000e-10  1.06364620e-02 
 8.74500000e-10  9.86590413e-03 
 8.75500000e-10  9.17307506e-03 
 8.76500000e-10  8.54971919e-03 
 8.77500000e-10  7.98728461e-03 
 8.78500000e-10  7.47981554e-03 
 8.79500000e-10  7.02034913e-03 
 8.80500000e-10  6.60453752e-03 
 8.81500000e-10  6.22673267e-03 
 8.82500000e-10  5.88374541e-03 
 8.83500000e-10  5.57098830e-03 
 8.84500000e-10  5.28612481e-03 
 8.85500000e-10  5.02541319e-03 
 8.86500000e-10  4.78715319e-03 
 8.87500000e-10  4.56827444e-03 
 8.88500000e-10  4.36755589e-03 
 8.89500000e-10  4.18245996e-03 
 8.90500000e-10  4.01212849e-03 
 8.91500000e-10  3.85444759e-03 
 8.92500000e-10  3.70883467e-03 
 8.93500000e-10  3.57351393e-03 
 8.94500000e-10  3.44811224e-03 
 8.95500000e-10  3.33112474e-03 
 8.96500000e-10  3.22233735e-03 
 8.97500000e-10  3.12046342e-03 
 8.98500000e-10  3.02540934e-03 
 8.99500000e-10  2.93606510e-03 
 9.00500000e-10  2.85242798e-03 
 9.01500000e-10  2.77353177e-03 
 9.02500000e-10  2.69944188e-03 
 9.03500000e-10  2.62930988e-03 
 9.04500000e-10  2.56325181e-03 
 9.05500000e-10  2.50051625e-03 
 9.06500000e-10  2.44125646e-03 
 9.07500000e-10  2.38480160e-03 
 9.08500000e-10  2.33133285e-03 
 9.09500000e-10  2.28024398e-03 
 9.10500000e-10  2.23173456e-03 
 9.11500000e-10  2.18525783e-03 
 9.12500000e-10  2.14102523e-03 
 9.13500000e-10  2.09853801e-03 
 9.14500000e-10  2.05801542e-03 
 9.15500000e-10  2.01899944e-03 
 9.16500000e-10  1.98171394e-03 
 9.17500000e-10  1.94573566e-03 
 9.18500000e-10  1.91129069e-03 
 9.19500000e-10  1.87798561e-03 
 9.20500000e-10  1.84604694e-03 
 9.21500000e-10  1.81510701e-03 
 9.22500000e-10  1.78539144e-03 
 9.23500000e-10  1.75655491e-03 
 9.24500000e-10  1.72882122e-03 
 9.25500000e-10  1.70186455e-03 
 9.26500000e-10  1.67590616e-03 
 9.27500000e-10  1.65063737e-03 
 9.28500000e-10  1.62627646e-03 
 9.29500000e-10  1.60252984e-03 
 9.30500000e-10  1.57961255e-03 
 9.31500000e-10  1.55724433e-03 
 9.32500000e-10  1.53563682e-03 
 9.33500000e-10  1.51452167e-03 
 9.34500000e-10  1.49410700e-03 
 9.35500000e-10  1.47413507e-03 
 9.36500000e-10  1.45481054e-03 
 9.37500000e-10  1.43588519e-03 
 9.38500000e-10  1.41756022e-03 
 9.39500000e-10  1.39959598e-03 
 9.40500000e-10  1.38219032e-03 
 9.41500000e-10  1.36511132e-03 
 9.42500000e-10  1.34855360e-03 
 9.43500000e-10  1.33229221e-03 
 9.44500000e-10  1.31651867e-03 
 9.45500000e-10  1.30101438e-03 
 9.46500000e-10  1.28596787e-03 
 9.47500000e-10  1.27116634e-03 
 9.48500000e-10  1.25679546e-03 
 9.49500000e-10  1.24264771e-03 
 9.50000000e-10  1.23576295e-03 
 9.50100000e-10  1.23436347e-03 
 9.50300000e-10  1.23161710e-03 
 9.50700000e-10  1.22616259e-03 
 9.51500000e-10  1.21539312e-03 
 9.52500000e-10  1.20219204e-03 
 9.53500000e-10  1.18926924e-03 
 9.54500000e-10  1.17661804e-03 
 9.55500000e-10  1.16422741e-03 
 9.56500000e-10  1.15209130e-03 
 9.57500000e-10  1.14019959e-03 
 9.58500000e-10  1.12854680e-03 
 9.59500000e-10  1.11712363e-03 
 9.60500000e-10  1.10592508e-03 
 9.61500000e-10  1.09494260e-03 
 9.62500000e-10  1.08417161e-03 
 9.63500000e-10  1.07360424e-03 
 9.64500000e-10  1.06323627e-03 
 9.65500000e-10  1.05306046e-03 
 9.66500000e-10  1.04307292e-03 
 9.67500000e-10  1.03326694e-03 
 9.68500000e-10  1.02363894e-03 
 9.69500000e-10  1.01418272e-03 
 9.70500000e-10  1.00489495e-03 
 9.71500000e-10  9.95769889e-04 
 9.72500000e-10  9.86804453e-04 
 9.73500000e-10  9.77993300e-04 
 9.74500000e-10  9.69333573e-04 
 9.75500000e-10  9.60820302e-04 
 9.76500000e-10  9.52450825e-04 
 9.77500000e-10  9.44220515e-04 
 9.78500000e-10  9.36126891e-04 
 9.79500000e-10  9.28165640e-04 
 9.80500000e-10  9.20334434e-04 
 9.81500000e-10  9.12629247e-04 
 9.82500000e-10  9.05047905e-04 
 9.83500000e-10  8.97586643e-04 
 9.84500000e-10  8.90243423e-04 
 9.85500000e-10  8.83014721e-04 
 9.86500000e-10  8.75898624e-04 
 9.87500000e-10  8.68891829e-04 
 9.88500000e-10  8.61992539e-04 
 9.89500000e-10  8.55197650e-04 
 9.90500000e-10  8.48505471e-04 
 9.91500000e-10  8.41913095e-04 
 9.92500000e-10  8.35418926e-04 
 9.93500000e-10  8.29020227e-04 
 9.94500000e-10  8.22715493e-04 
 9.95500000e-10  8.16502147e-04 
 9.96500000e-10  8.10378769e-04 
 9.97500000e-10  8.04342929e-04 
 9.98500000e-10  7.98393289e-04 
 9.99500000e-10  7.92527556e-04 
 1.00000000e-09  7.89625900e-04 
 1.00010000e-09  7.89048146e-04 
 1.00030000e-09  7.87894823e-04 
 1.00070000e-09  7.85597807e-04 
 1.00150000e-09  7.81042217e-04 
 1.00250000e-09  7.75418742e-04 
 1.00350000e-09  7.69872705e-04 
 1.00450000e-09  7.64402550e-04 
 1.00550000e-09  7.59006746e-04 
 1.00650000e-09  7.53683820e-04 
 1.00750000e-09  7.48432318e-04 
 1.00850000e-09  7.43250853e-04 
 1.00950000e-09  7.38138044e-04 
 1.01050000e-09  7.33092571e-04 
 1.01150000e-09  7.28113125e-04 
 1.01250000e-09  7.23198453e-04 
 1.01350000e-09  7.18347313e-04 
 1.01450000e-09  7.13558512e-04 
 1.01550000e-09  7.08830871e-04 
 1.01650000e-09  7.04163256e-04 
 1.01750000e-09  6.99554545e-04 
 1.01850000e-09  6.95003660e-04 
 1.01950000e-09  6.90509533e-04 
 1.02050000e-09  6.86071136e-04 
 1.02150000e-09  6.81687455e-04 
 1.02250000e-09  6.77357510e-04 
 1.02350000e-09  6.73080336e-04 
 1.02450000e-09  6.68854994e-04 
 1.02550000e-09  6.64680565e-04 
 1.02650000e-09  6.60556155e-04 
 1.02750000e-09  6.56480887e-04 
 1.02850000e-09  6.52453908e-04 
 1.02950000e-09  6.48474383e-04 
 1.03050000e-09  6.44541493e-04 
 1.03150000e-09  6.40654442e-04 
 1.03250000e-09  6.36812449e-04 
 1.03350000e-09  6.33014753e-04 
 1.03450000e-09  6.29260608e-04 
 1.03550000e-09  6.25549287e-04 
 1.03650000e-09  6.21880073e-04 
 1.03750000e-09  6.18252274e-04 
 1.03850000e-09  6.14665203e-04 
 1.03950000e-09  6.11118196e-04 
 1.04050000e-09  6.07610594e-04 
 1.04150000e-09  6.04141763e-04 
 1.04250000e-09  6.00711074e-04 
 1.04350000e-09  5.97317919e-04 
 1.04450000e-09  5.93961693e-04 
 1.04550000e-09  5.90641814e-04 
 1.04650000e-09  5.87357702e-04 
 1.04750000e-09  5.84108800e-04 
 1.04850000e-09  5.80894551e-04 
 1.04950000e-09  5.77714422e-04 
 1.05000000e-09  5.76136989e-04 
 1.05010000e-09  5.75822546e-04 
 1.05030000e-09  5.75194604e-04 
 1.05070000e-09  5.73942637e-04 
 1.05150000e-09  5.71454501e-04 
 1.05250000e-09  5.68373589e-04 
 1.05350000e-09  5.65324744e-04 
 1.05450000e-09  5.62307471e-04 
 1.05550000e-09  5.59321298e-04 
 1.05650000e-09  5.56365752e-04 
 1.05750000e-09  5.53440379e-04 
 1.05850000e-09  5.50544724e-04 
 1.05950000e-09  5.47678350e-04 
 1.06050000e-09  5.44840820e-04 
 1.06150000e-09  5.42031714e-04 
 1.06250000e-09  5.39250613e-04 
 1.06350000e-09  5.36497109e-04 
 1.06450000e-09  5.33770802e-04 
 1.06550000e-09  5.31071300e-04 
 1.06650000e-09  5.28398216e-04 
 1.06750000e-09  5.25751172e-04 
 1.06850000e-09  5.23129798e-04 
 1.06950000e-09  5.20533729e-04 
 1.07050000e-09  5.17962607e-04 
 1.07150000e-09  5.15416083e-04 
 1.07250000e-09  5.12893810e-04 
 1.07350000e-09  5.10395452e-04 
 1.07450000e-09  5.07920676e-04 
 1.07550000e-09  5.05469157e-04 
 1.07650000e-09  5.03040574e-04 
 1.07750000e-09  5.00634614e-04 
 1.07850000e-09  4.98250966e-04 
 1.07950000e-09  4.95889330e-04 
 1.08050000e-09  4.93549406e-04 
 1.08150000e-09  4.91230903e-04 
 1.08250000e-09  4.88933532e-04 
 1.08350000e-09  4.86657013e-04 
 1.08450000e-09  4.84401066e-04 
 1.08550000e-09  4.82165422e-04 
 1.08650000e-09  4.79949810e-04 
 1.08750000e-09  4.77753969e-04 
 1.08850000e-09  4.75577637e-04 
 1.08950000e-09  4.73420564e-04 
 1.09050000e-09  4.71282496e-04 
 1.09150000e-09  4.69163191e-04 
 1.09250000e-09  4.67062405e-04 
 1.09350000e-09  4.64979904e-04 
 1.09450000e-09  4.62915450e-04 
 1.09550000e-09  4.60868818e-04 
 1.09650000e-09  4.58839778e-04 
 1.09750000e-09  4.56828112e-04 
 1.09850000e-09  4.54833597e-04 
 1.09950000e-09  4.52856025e-04 
 1.10050000e-09  4.50895177e-04 
 1.10150000e-09  4.48950852e-04 
 1.10250000e-09  4.47022841e-04 
 1.10350000e-09  4.45110947e-04 
 1.10450000e-09  4.43214967e-04 
 1.10550000e-09  4.41334713e-04 
 1.10650000e-09  4.39469987e-04 
 1.10750000e-09  4.37620605e-04 
 1.10850000e-09  4.35786377e-04 
 1.10950000e-09  4.33967126e-04 
 1.11050000e-09  4.32162668e-04 
 1.11150000e-09  4.30372830e-04 
 1.11250000e-09  4.28597434e-04 
 1.11350000e-09  4.26836312e-04 
 1.11450000e-09  4.25089292e-04 
 1.11550000e-09  4.23356212e-04 
 1.11650000e-09  4.21636904e-04 
 1.11750000e-09  4.19931211e-04 
 1.11850000e-09  4.18238971e-04 
 1.11950000e-09  4.16560032e-04 
 1.12050000e-09  4.14894236e-04 
 1.12150000e-09  4.13241435e-04 
 1.12250000e-09  4.11601477e-04 
 1.12350000e-09  4.09974218e-04 
 1.12450000e-09  4.08359511e-04 
 1.12550000e-09  4.06757215e-04 
 1.12650000e-09  4.05167188e-04 
 1.12750000e-09  4.03589295e-04 
 1.12850000e-09  4.02023394e-04 
 1.12950000e-09  4.00469357e-04 
 1.13050000e-09  3.98927047e-04 
 1.13150000e-09  3.97396337e-04 
 1.13250000e-09  3.95877096e-04 
 1.13350000e-09  3.94369200e-04 
 1.13450000e-09  3.92872521e-04 
 1.13550000e-09  3.91386940e-04 
 1.13650000e-09  3.89912350e-04 
 1.13750000e-09  3.88448637e-04 
 1.13850000e-09  3.86995631e-04 
 1.13950000e-09  3.85553245e-04 
 1.14050000e-09  3.84121349e-04 
 1.14150000e-09  3.82699851e-04 
 1.14250000e-09  3.81288627e-04 
 1.14350000e-09  3.79887584e-04 
 1.14450000e-09  3.78496599e-04 
 1.14550000e-09  3.77115580e-04 
 1.14650000e-09  3.75744410e-04 
 1.14750000e-09  3.74382997e-04 
 1.14850000e-09  3.73031228e-04 
 1.14950000e-09  3.71689011e-04 
 1.15050000e-09  3.70356239e-04 
 1.15150000e-09  3.69032822e-04 
 1.15250000e-09  3.67718653e-04 
 1.15350000e-09  3.66413647e-04 
 1.15450000e-09  3.65117700e-04 
 1.15550000e-09  3.63830728e-04 
 1.15650000e-09  3.62552631e-04 
 1.15750000e-09  3.61283326e-04 
 1.15850000e-09  3.60022717e-04 
 1.15950000e-09  3.58770723e-04 
 1.16050000e-09  3.57527250e-04 
 1.16150000e-09  3.56292218e-04 
 1.16250000e-09  3.55065537e-04 
 1.16350000e-09  3.53847130e-04 
 1.16450000e-09  3.52636908e-04 
 1.16550000e-09  3.51434796e-04 
 1.16650000e-09  3.50240708e-04 
 1.16750000e-09  3.49054570e-04 
 1.16850000e-09  3.47876300e-04 
 1.16950000e-09  3.46705823e-04 
 1.17050000e-09  3.45543061e-04 
 1.17150000e-09  3.44387943e-04 
 1.17250000e-09  3.43240389e-04 
 1.17350000e-09  3.42100331e-04 
 1.17450000e-09  3.40967692e-04 
 1.17550000e-09  3.39842405e-04 
 1.17650000e-09  3.38724396e-04 
 1.17750000e-09  3.37613598e-04 
 1.17850000e-09  3.36509941e-04 
 1.17950000e-09  3.35413358e-04 
 1.18050000e-09  3.34323780e-04 
 1.18150000e-09  3.33241144e-04 
 1.18250000e-09  3.32165381e-04 
 1.18350000e-09  3.31096430e-04 
 1.18450000e-09  3.30034224e-04 
 1.18550000e-09  3.28978703e-04 
 1.18650000e-09  3.27929803e-04 
 1.18750000e-09  3.26887463e-04 
 1.18850000e-09  3.25851622e-04 
 1.18950000e-09  3.24822222e-04 
 1.19050000e-09  3.23799200e-04 
 1.19150000e-09  3.22782502e-04 
 1.19250000e-09  3.21772066e-04 
 1.19350000e-09  3.20767838e-04 
 1.19450000e-09  3.19769759e-04 
 1.19550000e-09  3.18777777e-04 
 1.19650000e-09  3.17791833e-04 
 1.19750000e-09  3.16811875e-04 
 1.19850000e-09  3.15837848e-04 
 1.19950000e-09  3.14869708e-04 
 1.20000000e-09  3.14387824e-04 
 1.20010000e-09  3.53859587e-04 
 1.20030000e-09  4.41380931e-04 
 1.20070000e-09  7.21071136e-04 
 1.20150000e-09  1.22781798e-03 
 1.20250000e-09  1.66457084e-03 
 1.20350000e-09  1.96220508e-03 
 1.20450000e-09  2.12232533e-03 
 1.20550000e-09  2.21101458e-03 
 1.20650000e-09  2.21938632e-03 
 1.20750000e-09  2.19445576e-03 
 1.20850000e-09  2.12198115e-03 
 1.20950000e-09  2.03592634e-03 
 1.21050000e-09  1.91932457e-03 
 1.21150000e-09  1.79709376e-03 
 1.21250000e-09  1.65124117e-03 
 1.21350000e-09  1.50068381e-03 
 1.21450000e-09  1.32771189e-03 
 1.21550000e-09  1.14766094e-03 
 1.21650000e-09  9.45470874e-04 
 1.21750000e-09  7.36112972e-04 
 1.21850000e-09  5.09705493e-04 
 1.21950000e-09  2.84478582e-04 
 1.22050000e-09  5.87026654e-05 
 1.22150000e-09 -1.53945028e-04 
 1.22250000e-09 -3.35592678e-04 
 1.22350000e-09 -4.48595796e-04 
 1.22450000e-09 -4.81600269e-04 
 1.22550000e-09 -4.04335638e-04 
 1.22650000e-09 -2.08091590e-04 
 1.22750000e-09  1.19995532e-04 
 1.22850000e-09  5.66644786e-04 
 1.22950000e-09  1.16348885e-03 
 1.23050000e-09  1.90512618e-03 
 1.23150000e-09  2.79344944e-03 
 1.23250000e-09  3.81213872e-03 
 1.23350000e-09  4.93512490e-03 
 1.23450000e-09  6.09828638e-03 
 1.23550000e-09  7.21579222e-03 
 1.23650000e-09  8.19622743e-03 
 1.23750000e-09  9.00922221e-03 
 1.23850000e-09  9.69327821e-03 
 1.23950000e-09  1.03518819e-02 
 1.24050000e-09  1.11073962e-02 
 1.24150000e-09  1.20941028e-02 
 1.24250000e-09  1.34419549e-02 
 1.24350000e-09  1.52855030e-02 
 1.24450000e-09  1.77319760e-02 
 1.24550000e-09  2.08368956e-02 
 1.24650000e-09  2.45720072e-02 
 1.24750000e-09  2.88006871e-02 
 1.24850000e-09  3.33563999e-02 
 1.24950000e-09  3.80903260e-02 
 1.25000000e-09  4.05057677e-02 
 1.25010000e-09  4.16778749e-02 
 1.25030000e-09  4.33065668e-02 
 1.25070000e-09  4.59731049e-02 
 1.25150000e-09  5.13466814e-02 
 1.25250000e-09  5.77057806e-02 
 1.25350000e-09  6.41218455e-02 
 1.25450000e-09  7.04940819e-02 
 1.25550000e-09  7.70968161e-02 
 1.25650000e-09  8.38234203e-02 
 1.25750000e-09  9.08923022e-02 
 1.25850000e-09  9.82365193e-02 
 1.25950000e-09  1.06065847e-01 
 1.26050000e-09  1.14372535e-01 
 1.26150000e-09  1.23388893e-01 
 1.26250000e-09  1.33188945e-01 
 1.26350000e-09  1.44067946e-01 
 1.26450000e-09  1.56204869e-01 
 1.26550000e-09  1.69919991e-01 
 1.26650000e-09  1.85263613e-01 
 1.26750000e-09  2.02168430e-01 
 1.26850000e-09  2.20274375e-01 
 1.26950000e-09  2.39282830e-01 
 1.27050000e-09  2.58850247e-01 
 1.27150000e-09  2.78809887e-01 
 1.27250000e-09  2.98992700e-01 
 1.27350000e-09  3.19342702e-01 
 1.27450000e-09  3.39745516e-01 
 1.27550000e-09  3.60146436e-01 
 1.27650000e-09  3.80435410e-01 
 1.27750000e-09  4.00565018e-01 
 1.27850000e-09  4.20458299e-01 
 1.27950000e-09  4.40094321e-01 
 1.28050000e-09  4.59413722e-01 
 1.28150000e-09  4.78398306e-01 
 1.28250000e-09  4.97009380e-01 
 1.28350000e-09  5.15252670e-01 
 1.28450000e-09  5.33115924e-01 
 1.28550000e-09  5.50616722e-01 
 1.28650000e-09  5.67752992e-01 
 1.28750000e-09  5.84545913e-01 
 1.28850000e-09  6.00999954e-01 
 1.28950000e-09  6.17138982e-01 
 1.29050000e-09  6.32969478e-01 
 1.29150000e-09  6.48509266e-01 
 1.29250000e-09  6.63759044e-01 
 1.29350000e-09  6.78729986e-01 
 1.29450000e-09  6.93423205e-01 
 1.29550000e-09  7.07851197e-01 
 1.29650000e-09  7.22019123e-01 
 1.29750000e-09  7.35941532e-01 
 1.29850000e-09  7.49626556e-01 
 1.29950000e-09  7.63089845e-01 
 1.30050000e-09  7.76341470e-01 
 1.30150000e-09  7.89397699e-01 
 1.30250000e-09  8.02270044e-01 
 1.30350000e-09  8.14975254e-01 
 1.30450000e-09  8.27526053e-01 
 1.30550000e-09  8.39939655e-01 
 1.30650000e-09  8.52229854e-01 
 1.30750000e-09  8.64414322e-01 
 1.30850000e-09  8.76507807e-01 
 1.30950000e-09  8.88528423e-01 
 1.31050000e-09  9.00491764e-01 
 1.31150000e-09  9.12416376e-01 
 1.31250000e-09  9.24318619e-01 
 1.31350000e-09  9.36217469e-01 
 1.31450000e-09  9.48130001e-01 
 1.31550000e-09  9.60075637e-01 
 1.31650000e-09  9.72072133e-01 
 1.31750000e-09  9.84139361e-01 
 1.31850000e-09  9.96295706e-01 
 1.31950000e-09  1.00856146e+00 
 1.32050000e-09  1.02095550e+00 
 1.32150000e-09  1.03349831e+00 
 1.32250000e-09  1.04620899e+00 
 1.32350000e-09  1.05910788e+00 
 1.32450000e-09  1.07221371e+00 
 1.32550000e-09  1.08554591e+00 
 1.32650000e-09  1.09912183e+00 
 1.32750000e-09  1.11295931e+00 
 1.32850000e-09  1.12707211e+00 
 1.32950000e-09  1.14147226e+00 
 1.33050000e-09  1.15616788e+00 
 1.33150000e-09  1.17116278e+00 
 1.33250000e-09  1.18645335e+00 
 1.33350000e-09  1.20202880e+00 
 1.33450000e-09  1.21786592e+00 
 1.33550000e-09  1.23392903e+00 
 1.33650000e-09  1.25016623e+00 
 1.33750000e-09  1.26651059e+00 
 1.33850000e-09  1.28287974e+00 
 1.33950000e-09  1.29918123e+00 
 1.34050000e-09  1.31531735e+00 
 1.34150000e-09  1.33119550e+00 
 1.34250000e-09  1.34673662e+00 
 1.34350000e-09  1.36188455e+00 
 1.34450000e-09  1.37660682e+00 
 1.34550000e-09  1.39089289e+00 
 1.34650000e-09  1.40474715e+00 
 1.34750000e-09  1.41818333e+00 
 1.34850000e-09  1.43121825e+00 
 1.34950000e-09  1.44386962e+00 
 1.35050000e-09  1.45615328e+00 
 1.35150000e-09  1.46808358e+00 
 1.35250000e-09  1.47967231e+00 
 1.35350000e-09  1.49092982e+00 
 1.35450000e-09  1.50186449e+00 
 1.35550000e-09  1.51248388e+00 
 1.35650000e-09  1.52279425e+00 
 1.35750000e-09  1.53280160e+00 
 1.35850000e-09  1.54251111e+00 
 1.35950000e-09  1.55192806e+00 
 1.36050000e-09  1.56105725e+00 
 1.36150000e-09  1.56990377e+00 
 1.36250000e-09  1.57847241e+00 
 1.36350000e-09  1.58676834e+00 
 1.36450000e-09  1.59479652e+00 
 1.36550000e-09  1.60256235e+00 
 1.36650000e-09  1.61007104e+00 
 1.36750000e-09  1.61732819e+00 
 1.36850000e-09  1.62433926e+00 
 1.36950000e-09  1.63111007e+00 
 1.37050000e-09  1.63764624e+00 
 1.37150000e-09  1.64395374e+00 
 1.37250000e-09  1.65003832e+00 
 1.37350000e-09  1.65590603e+00 
 1.37450000e-09  1.66156268e+00 
 1.37550000e-09  1.66701441e+00 
 1.37650000e-09  1.67226688e+00 
 1.37750000e-09  1.67732601e+00 
 1.37850000e-09  1.68219767e+00 
 1.37950000e-09  1.68688760e+00 
 1.38050000e-09  1.69140159e+00 
 1.38150000e-09  1.69574519e+00 
 1.38250000e-09  1.69992404e+00 
 1.38350000e-09  1.70394347e+00 
 1.38450000e-09  1.70780894e+00 
 1.38550000e-09  1.71152556e+00 
 1.38650000e-09  1.71509856e+00 
 1.38750000e-09  1.71853281e+00 
 1.38850000e-09  1.72183332e+00 
 1.38950000e-09  1.72500471e+00 
 1.39050000e-09  1.72805173e+00 
 1.39150000e-09  1.73097875e+00 
 1.39250000e-09  1.73379027e+00 
 1.39350000e-09  1.73649041e+00 
 1.39450000e-09  1.73908341e+00 
 1.39550000e-09  1.74157316e+00 
 1.39650000e-09  1.74396362e+00 
 1.39750000e-09  1.74625844e+00 
 1.39850000e-09  1.74846134e+00 
 1.39950000e-09  1.75057574e+00 
 1.40050000e-09  1.75260511e+00 
 1.40150000e-09  1.75455264e+00 
 1.40250000e-09  1.75642159e+00 
 1.40350000e-09  1.75821490e+00 
 1.40450000e-09  1.75993562e+00 
 1.40550000e-09  1.76158650e+00 
 1.40650000e-09  1.76317036e+00 
 1.40750000e-09  1.76468976e+00 
 1.40850000e-09  1.76614732e+00 
 1.40950000e-09  1.76754542e+00 
 1.41050000e-09  1.76888648e+00 
 1.41150000e-09  1.77017272e+00 
 1.41250000e-09  1.77140637e+00 
 1.41350000e-09  1.77258948e+00 
 1.41450000e-09  1.77372413e+00 
 1.41550000e-09  1.77481222e+00 
 1.41650000e-09  1.77585567e+00 
 1.41750000e-09  1.77685623e+00 
 1.41850000e-09  1.77781567e+00 
 1.41950000e-09  1.77873562e+00 
 1.42050000e-09  1.77961772e+00 
 1.42150000e-09  1.78046345e+00 
 1.42250000e-09  1.78127434e+00 
 1.42350000e-09  1.78205177e+00 
 1.42450000e-09  1.78279713e+00 
 1.42550000e-09  1.78351169e+00 
 1.42650000e-09  1.78419676e+00 
 1.42750000e-09  1.78485348e+00 
 1.42850000e-09  1.78548307e+00 
 1.42950000e-09  1.78608660e+00 
 1.43050000e-09  1.78666517e+00 
 1.43150000e-09  1.78721976e+00 
 1.43250000e-09  1.78775140e+00 
 1.43350000e-09  1.78826099e+00 
 1.43450000e-09  1.78874948e+00 
 1.43550000e-09  1.78921770e+00 
 1.43650000e-09  1.78966651e+00 
 1.43750000e-09  1.79009669e+00 
 1.43850000e-09  1.79050903e+00 
 1.43950000e-09  1.79090424e+00 
 1.44050000e-09  1.79128305e+00 
 1.44150000e-09  1.79164611e+00 
 1.44250000e-09  1.79199410e+00 
 1.44350000e-09  1.79232762e+00 
 1.44450000e-09  1.79264730e+00 
 1.44550000e-09  1.79295367e+00 
 1.44650000e-09  1.79324731e+00 
 1.44750000e-09  1.79352873e+00 
 1.44850000e-09  1.79379845e+00 
 1.44950000e-09  1.79405694e+00 
 1.45000000e-09  1.79418212e+00 
 1.45010000e-09  1.79420678e+00 
 1.45030000e-09  1.79425590e+00 
 1.45070000e-09  1.79435290e+00 
 1.45150000e-09  1.79454202e+00 
 1.45250000e-09  1.79476958e+00 
 1.45350000e-09  1.79498766e+00 
 1.45450000e-09  1.79519666e+00 
 1.45550000e-09  1.79539695e+00 
 1.45650000e-09  1.79558891e+00 
 1.45750000e-09  1.79577287e+00 
 1.45850000e-09  1.79594917e+00 
 1.45950000e-09  1.79611812e+00 
 1.46050000e-09  1.79628003e+00 
 1.46150000e-09  1.79643520e+00 
 1.46250000e-09  1.79658389e+00 
 1.46350000e-09  1.79672640e+00 
 1.46450000e-09  1.79686296e+00 
 1.46550000e-09  1.79699383e+00 
 1.46650000e-09  1.79711924e+00 
 1.46750000e-09  1.79723943e+00 
 1.46850000e-09  1.79735460e+00 
 1.46950000e-09  1.79746497e+00 
 1.47050000e-09  1.79757074e+00 
 1.47150000e-09  1.79767210e+00 
 1.47250000e-09  1.79776923e+00 
 1.47350000e-09  1.79786231e+00 
 1.47450000e-09  1.79795150e+00 
 1.47550000e-09  1.79803698e+00 
 1.47650000e-09  1.79811889e+00 
 1.47750000e-09  1.79819738e+00 
 1.47850000e-09  1.79827260e+00 
 1.47950000e-09  1.79834468e+00 
 1.48050000e-09  1.79841376e+00 
 1.48150000e-09  1.79847995e+00 
 1.48250000e-09  1.79854338e+00 
 1.48350000e-09  1.79860416e+00 
 1.48450000e-09  1.79866240e+00 
 1.48550000e-09  1.79871822e+00 
 1.48650000e-09  1.79877170e+00 
 1.48750000e-09  1.79882296e+00 
 1.48850000e-09  1.79887207e+00 
 1.48950000e-09  1.79891914e+00 
 1.49050000e-09  1.79896424e+00 
 1.49150000e-09  1.79900745e+00 
 1.49250000e-09  1.79904887e+00 
 1.49350000e-09  1.79908855e+00 
 1.49450000e-09  1.79912658e+00 
 1.49550000e-09  1.79916302e+00 
 1.49650000e-09  1.79919794e+00 
 1.49750000e-09  1.79923141e+00 
 1.49850000e-09  1.79926347e+00 
 1.49950000e-09  1.79929420e+00 
 1.50000000e-09  1.79930908e+00 
 1.50010000e-09  1.79931201e+00 
 1.50030000e-09  1.79931784e+00 
 1.50070000e-09  1.79932937e+00 
 1.50150000e-09  1.79935185e+00 
 1.50250000e-09  1.79937888e+00 
 1.50350000e-09  1.79940479e+00 
 1.50450000e-09  1.79942962e+00 
 1.50550000e-09  1.79945341e+00 
 1.50650000e-09  1.79947621e+00 
 1.50750000e-09  1.79949805e+00 
 1.50850000e-09  1.79951899e+00 
 1.50950000e-09  1.79953905e+00 
 1.51050000e-09  1.79955827e+00 
 1.51150000e-09  1.79957669e+00 
 1.51250000e-09  1.79959434e+00 
 1.51350000e-09  1.79961125e+00 
 1.51450000e-09  1.79962746e+00 
 1.51550000e-09  1.79964299e+00 
 1.51650000e-09  1.79965787e+00 
 1.51750000e-09  1.79967214e+00 
 1.51850000e-09  1.79968580e+00 
 1.51950000e-09  1.79969890e+00 
 1.52050000e-09  1.79971145e+00 
 1.52150000e-09  1.79972347e+00 
 1.52250000e-09  1.79973499e+00 
 1.52350000e-09  1.79974603e+00 
 1.52450000e-09  1.79975661e+00 
 1.52550000e-09  1.79976675e+00 
 1.52650000e-09  1.79977647e+00 
 1.52750000e-09  1.79978578e+00 
 1.52850000e-09  1.79979470e+00 
 1.52950000e-09  1.79980325e+00 
 1.53050000e-09  1.79981144e+00 
 1.53150000e-09  1.79981929e+00 
 1.53250000e-09  1.79982681e+00 
 1.53350000e-09  1.79983402e+00 
 1.53450000e-09  1.79984093e+00 
 1.53550000e-09  1.79984755e+00 
 1.53650000e-09  1.79985389e+00 
 1.53750000e-09  1.79985997e+00 
 1.53850000e-09  1.79986579e+00 
 1.53950000e-09  1.79987137e+00 
 1.54050000e-09  1.79987672e+00 
 1.54150000e-09  1.79988185e+00 
 1.54250000e-09  1.79988676e+00 
 1.54350000e-09  1.79989146e+00 
 1.54450000e-09  1.79989597e+00 
 1.54550000e-09  1.79990029e+00 
 1.54650000e-09  1.79990443e+00 
 1.54750000e-09  1.79990840e+00 
 1.54850000e-09  1.79991220e+00 
 1.54950000e-09  1.79991585e+00 
 1.55000000e-09  1.79991761e+00 
 1.55010000e-09  1.79991796e+00 
 1.55030000e-09  1.79991865e+00 
 1.55070000e-09  1.79992002e+00 
 1.55150000e-09  1.79992268e+00 
 1.55250000e-09  1.79992589e+00 
 1.55350000e-09  1.79992896e+00 
 1.55450000e-09  1.79993191e+00 
 1.55550000e-09  1.79993473e+00 
 1.55650000e-09  1.79993743e+00 
 1.55750000e-09  1.79994002e+00 
 1.55850000e-09  1.79994251e+00 
 1.55950000e-09  1.79994489e+00 
 1.56050000e-09  1.79994717e+00 
 1.56150000e-09  1.79994935e+00 
 1.56250000e-09  1.79995144e+00 
 1.56350000e-09  1.79995345e+00 
 1.56450000e-09  1.79995537e+00 
 1.56550000e-09  1.79995722e+00 
 1.56650000e-09  1.79995898e+00 
 1.56750000e-09  1.79996067e+00 
 1.56850000e-09  1.79996229e+00 
 1.56950000e-09  1.79996385e+00 
 1.57050000e-09  1.79996534e+00 
 1.57150000e-09  1.79996676e+00 
 1.57250000e-09  1.79996813e+00 
 1.57350000e-09  1.79996944e+00 
 1.57450000e-09  1.79997070e+00 
 1.57550000e-09  1.79997190e+00 
 1.57650000e-09  1.79997305e+00 
 1.57750000e-09  1.79997416e+00 
 1.57850000e-09  1.79997522e+00 
 1.57950000e-09  1.79997623e+00 
 1.58050000e-09  1.79997721e+00 
 1.58150000e-09  1.79997814e+00 
 1.58250000e-09  1.79997903e+00 
 1.58350000e-09  1.79997989e+00 
 1.58450000e-09  1.79998071e+00 
 1.58550000e-09  1.79998149e+00 
 1.58650000e-09  1.79998225e+00 
 1.58750000e-09  1.79998297e+00 
 1.58850000e-09  1.79998366e+00 
 1.58950000e-09  1.79998432e+00 
 1.59050000e-09  1.79998496e+00 
 1.59150000e-09  1.79998557e+00 
 1.59250000e-09  1.79998615e+00 
 1.59350000e-09  1.79998671e+00 
 1.59450000e-09  1.79998725e+00 
 1.59550000e-09  1.79998776e+00 
 1.59650000e-09  1.79998826e+00 
 1.59750000e-09  1.79998873e+00 
 1.59850000e-09  1.79998918e+00 
 1.59950000e-09  1.79998961e+00 
 1.60050000e-09  1.79999003e+00 
 1.60150000e-09  1.79999043e+00 
 1.60250000e-09  1.79999081e+00 
 1.60350000e-09  1.79999117e+00 
 1.60450000e-09  1.79999153e+00 
 1.60550000e-09  1.79999186e+00 
 1.60650000e-09  1.79999218e+00 
 1.60750000e-09  1.79999249e+00 
 1.60850000e-09  1.79999279e+00 
 1.60950000e-09  1.79999307e+00 
 1.61050000e-09  1.79999334e+00 
 1.61150000e-09  1.79999360e+00 
 1.61250000e-09  1.79999385e+00 
 1.61350000e-09  1.79999409e+00 
 1.61450000e-09  1.79999432e+00 
 1.61550000e-09  1.79999454e+00 
 1.61650000e-09  1.79999475e+00 
 1.61750000e-09  1.79999496e+00 
 1.61850000e-09  1.79999515e+00 
 1.61950000e-09  1.79999533e+00 
 1.62050000e-09  1.79999551e+00 
 1.62150000e-09  1.79999568e+00 
 1.62250000e-09  1.79999585e+00 
 1.62350000e-09  1.79999600e+00 
 1.62450000e-09  1.79999615e+00 
 1.62550000e-09  1.79999630e+00 
 1.62650000e-09  1.79999644e+00 
 1.62750000e-09  1.79999657e+00 
 1.62850000e-09  1.79999670e+00 
 1.62950000e-09  1.79999682e+00 
 1.63050000e-09  1.79999693e+00 
 1.63150000e-09  1.79999705e+00 
 1.63250000e-09  1.79999715e+00 
 1.63350000e-09  1.79999726e+00 
 1.63450000e-09  1.79999736e+00 
 1.63550000e-09  1.79999745e+00 
 1.63650000e-09  1.79999754e+00 
 1.63750000e-09  1.79999763e+00 
 1.63850000e-09  1.79999771e+00 
 1.63950000e-09  1.79999779e+00 
 1.64050000e-09  1.79999787e+00 
 1.64150000e-09  1.79999794e+00 
 1.64250000e-09  1.79999801e+00 
 1.64350000e-09  1.79999808e+00 
 1.64450000e-09  1.79999814e+00 
 1.64550000e-09  1.79999821e+00 
 1.64650000e-09  1.79999827e+00 
 1.64750000e-09  1.79999832e+00 
 1.64850000e-09  1.79999838e+00 
 1.64950000e-09  1.79999843e+00 
 1.65050000e-09  1.79999848e+00 
 1.65150000e-09  1.79999853e+00 
 1.65250000e-09  1.79999858e+00 
 1.65350000e-09  1.79999862e+00 
 1.65450000e-09  1.79999866e+00 
 1.65550000e-09  1.79999871e+00 
 1.65650000e-09  1.79999874e+00 
 1.65750000e-09  1.79999878e+00 
 1.65850000e-09  1.79999882e+00 
 1.65950000e-09  1.79999885e+00 
 1.66050000e-09  1.79999889e+00 
 1.66150000e-09  1.79999892e+00 
 1.66250000e-09  1.79999895e+00 
 1.66350000e-09  1.79999898e+00 
 1.66450000e-09  1.79999901e+00 
 1.66550000e-09  1.79999903e+00 
 1.66650000e-09  1.79999906e+00 
 1.66750000e-09  1.79999909e+00 
 1.66850000e-09  1.79999911e+00 
 1.66950000e-09  1.79999913e+00 
 1.67050000e-09  1.79999916e+00 
 1.67150000e-09  1.79999918e+00 
 1.67250000e-09  1.79999920e+00 
 1.67350000e-09  1.79999922e+00 
 1.67450000e-09  1.79999924e+00 
 1.67550000e-09  1.79999925e+00 
 1.67650000e-09  1.79999927e+00 
 1.67750000e-09  1.79999929e+00 
 1.67850000e-09  1.79999930e+00 
 1.67950000e-09  1.79999932e+00 
 1.68050000e-09  1.79999933e+00 
 1.68150000e-09  1.79999935e+00 
 1.68250000e-09  1.79999936e+00 
 1.68350000e-09  1.79999938e+00 
 1.68450000e-09  1.79999939e+00 
 1.68550000e-09  1.79999940e+00 
 1.68650000e-09  1.79999941e+00 
 1.68750000e-09  1.79999942e+00 
 1.68850000e-09  1.79999943e+00 
 1.68950000e-09  1.79999945e+00 
 1.69050000e-09  1.79999946e+00 
 1.69150000e-09  1.79999946e+00 
 1.69250000e-09  1.79999947e+00 
 1.69350000e-09  1.79999948e+00 
 1.69450000e-09  1.79999949e+00 
 1.69550000e-09  1.79999950e+00 
 1.69650000e-09  1.79999951e+00 
 1.69750000e-09  1.79999952e+00 
 1.69850000e-09  1.79999952e+00 
 1.69950000e-09  1.79999953e+00 
 1.70000000e-09  1.79999953e+00 
 1.70010000e-09  1.80047467e+00 
 1.70030000e-09  1.80100966e+00 
 1.70070000e-09  1.80160128e+00 
 1.70150000e-09  1.80319052e+00 
 1.70250000e-09  1.80557500e+00 
 1.70350000e-09  1.80835735e+00 
 1.70450000e-09  1.81136469e+00 
 1.70550000e-09  1.81457469e+00 
 1.70650000e-09  1.81787436e+00 
 1.70750000e-09  1.82127077e+00 
 1.70850000e-09  1.82468901e+00 
 1.70950000e-09  1.82815241e+00 
 1.71050000e-09  1.83160948e+00 
 1.71150000e-09  1.83509145e+00 
 1.71250000e-09  1.83856136e+00 
 1.71350000e-09  1.84205341e+00 
 1.71450000e-09  1.84553985e+00 
 1.71550000e-09  1.84905502e+00 
 1.71650000e-09  1.85257711e+00 
 1.71750000e-09  1.85613887e+00 
 1.71850000e-09  1.85972217e+00 
 1.71950000e-09  1.86335656e+00 
 1.72050000e-09  1.86702592e+00 
 1.72150000e-09  1.87075660e+00 
 1.72250000e-09  1.87453232e+00 
 1.72350000e-09  1.87837388e+00 
 1.72450000e-09  1.88226311e+00 
 1.72550000e-09  1.88621388e+00 
 1.72650000e-09  1.89020756e+00 
 1.72750000e-09  1.89425322e+00 
 1.72850000e-09  1.89832871e+00 
 1.72950000e-09  1.90243507e+00 
 1.73050000e-09  1.90654285e+00 
 1.73150000e-09  1.91064281e+00 
 1.73250000e-09  1.91469930e+00 
 1.73350000e-09  1.91869679e+00 
 1.73450000e-09  1.92259819e+00 
 1.73550000e-09  1.92638708e+00 
 1.73650000e-09  1.93003018e+00 
 1.73750000e-09  1.93351601e+00 
 1.73850000e-09  1.93682059e+00 
 1.73950000e-09  1.93994224e+00 
 1.74050000e-09  1.94286903e+00 
 1.74150000e-09  1.94561011e+00 
 1.74250000e-09  1.94816491e+00 
 1.74350000e-09  1.95055095e+00 
 1.74450000e-09  1.95277523e+00 
 1.74550000e-09  1.95485964e+00 
 1.74650000e-09  1.95681466e+00 
 1.74750000e-09  1.95866310e+00 
 1.74850000e-09  1.96041534e+00 
 1.74950000e-09  1.96209333e+00 
 1.75000000e-09  1.96290633e+00 
 1.75010000e-09  1.96296290e+00 
 1.75030000e-09  1.96315720e+00 
 1.75070000e-09  1.96370186e+00 
 1.75150000e-09  1.96469119e+00 
 1.75250000e-09  1.96571095e+00 
 1.75350000e-09  1.96661038e+00 
 1.75450000e-09  1.96739677e+00 
 1.75550000e-09  1.96811835e+00 
 1.75650000e-09  1.96878635e+00 
 1.75750000e-09  1.96945365e+00 
 1.75850000e-09  1.97016081e+00 
 1.75950000e-09  1.97088921e+00 
 1.76050000e-09  1.97164959e+00 
 1.76150000e-09  1.97247943e+00 
 1.76250000e-09  1.97339876e+00 
 1.76350000e-09  1.97443102e+00 
 1.76450000e-09  1.97558470e+00 
 1.76550000e-09  1.97686121e+00 
 1.76650000e-09  1.97824716e+00 
 1.76750000e-09  1.97971784e+00 
 1.76850000e-09  1.98122698e+00 
 1.76950000e-09  1.98270018e+00 
 1.77050000e-09  1.98402306e+00 
 1.77150000e-09  1.98503923e+00 
 1.77250000e-09  1.98555579e+00 
 1.77350000e-09  1.98536460e+00 
 1.77450000e-09  1.98427005e+00 
 1.77550000e-09  1.98211555e+00 
 1.77650000e-09  1.97884914e+00 
 1.77750000e-09  1.97471049e+00 
 1.77850000e-09  1.96947036e+00 
 1.77950000e-09  1.96304279e+00 
 1.78050000e-09  1.95549864e+00 
 1.78150000e-09  1.94683505e+00 
 1.78250000e-09  1.93710857e+00 
 1.78350000e-09  1.92634332e+00 
 1.78450000e-09  1.91459414e+00 
 1.78550000e-09  1.90189829e+00 
 1.78650000e-09  1.88826635e+00 
 1.78750000e-09  1.87381584e+00 
 1.78850000e-09  1.85860212e+00 
 1.78950000e-09  1.84265581e+00 
 1.79050000e-09  1.82604578e+00 
 1.79150000e-09  1.80878674e+00 
 1.79250000e-09  1.79094120e+00 
 1.79350000e-09  1.77251373e+00 
 1.79450000e-09  1.75355638e+00 
 1.79550000e-09  1.73406816e+00 
 1.79650000e-09  1.71409079e+00 
 1.79750000e-09  1.69361982e+00 
 1.79850000e-09  1.67268849e+00 
 1.79950000e-09  1.65129012e+00 
 1.80050000e-09  1.62945024e+00 
 1.80150000e-09  1.60716583e+00 
 1.80250000e-09  1.58445115e+00 
 1.80350000e-09  1.56129919e+00 
 1.80450000e-09  1.53772320e+00 
 1.80550000e-09  1.51371230e+00 
 1.80650000e-09  1.48927451e+00 
 1.80750000e-09  1.46439487e+00 
 1.80850000e-09  1.43907457e+00 
 1.80950000e-09  1.41329277e+00 
 1.81050000e-09  1.38704192e+00 
 1.81150000e-09  1.36029267e+00 
 1.81250000e-09  1.33302555e+00 
 1.81350000e-09  1.30519888e+00 
 1.81450000e-09  1.27677703e+00 
 1.81550000e-09  1.24770135e+00 
 1.81650000e-09  1.21791629e+00 
 1.81750000e-09  1.18734483e+00 
 1.81850000e-09  1.15591608e+00 
 1.81950000e-09  1.12354924e+00 
 1.82050000e-09  1.09018644e+00 
 1.82150000e-09  1.05578277e+00 
 1.82250000e-09  1.02033187e+00 
 1.82350000e-09  9.83842349e-01 
 1.82450000e-09  9.46347334e-01 
 1.82550000e-09  9.07882583e-01 
 1.82650000e-09  8.68504251e-01 
 1.82750000e-09  8.28275761e-01 
 1.82850000e-09  7.87283127e-01 
 1.82950000e-09  7.45622509e-01 
 1.83050000e-09  7.03423759e-01 
 1.83150000e-09  6.60812722e-01 
 1.83250000e-09  6.17982580e-01 
 1.83350000e-09  5.75162720e-01 
 1.83450000e-09  5.32663298e-01 
 1.83550000e-09  4.90819128e-01 
 1.83650000e-09  4.50004201e-01 
 1.83750000e-09  4.10586558e-01 
 1.83850000e-09  3.72965616e-01 
 1.83950000e-09  3.37501520e-01 
 1.84050000e-09  3.04478068e-01 
 1.84150000e-09  2.74023285e-01 
 1.84250000e-09  2.46155040e-01 
 1.84350000e-09  2.20791052e-01 
 1.84450000e-09  1.97815184e-01 
 1.84550000e-09  1.77071081e-01 
 1.84650000e-09  1.58404337e-01 
 1.84750000e-09  1.41643927e-01 
 1.84850000e-09  1.26632361e-01 
 1.84950000e-09  1.13206033e-01 
 1.85050000e-09  1.01220663e-01 
 1.85150000e-09  9.05297488e-02 
 1.85250000e-09  8.10077084e-02 
 1.85350000e-09  7.25285607e-02 
 1.85450000e-09  6.49869467e-02 
 1.85550000e-09  5.82774788e-02 
 1.85650000e-09  5.23140485e-02 
 1.85750000e-09  4.70101428e-02 
 1.85850000e-09  4.22967204e-02 
 1.85950000e-09  3.81036559e-02 
 1.86050000e-09  3.43763721e-02 
 1.86150000e-09  3.10584828e-02 
 1.86250000e-09  2.81073132e-02 
 1.86350000e-09  2.54777320e-02 
 1.86450000e-09  2.31366547e-02 
 1.86550000e-09  2.10480312e-02 
 1.86650000e-09  1.91863956e-02 
 1.86750000e-09  1.75229519e-02 
 1.86850000e-09  1.60382265e-02 
 1.86950000e-09  1.47091834e-02 
 1.87050000e-09  1.35210279e-02 
 1.87150000e-09  1.24548029e-02 
 1.87250000e-09  1.14966103e-02 
 1.87350000e-09  1.06374658e-02 
 1.87450000e-09  9.86715276e-03 
 1.87550000e-09  9.17388193e-03 
 1.87650000e-09  8.55076200e-03 
 1.87750000e-09  7.98792892e-03 
 1.87850000e-09  7.48068594e-03 
 1.87950000e-09  7.02085993e-03 
 1.88050000e-09  6.60526389e-03 
 1.88150000e-09  6.22713439e-03 
 1.88250000e-09  5.88435172e-03 
 1.88350000e-09  5.57130137e-03 
 1.88450000e-09  5.28663120e-03 
 1.88550000e-09  5.02565459e-03 
 1.88650000e-09  4.78757653e-03 
 1.88750000e-09  4.56845821e-03 
 1.88850000e-09  4.36791024e-03 
 1.88950000e-09  4.18259765e-03 
 1.89050000e-09  4.01242556e-03 
 1.89150000e-09  3.85454865e-03 
 1.89250000e-09  3.70908415e-03 
 1.89350000e-09  3.57358608e-03 
 1.89450000e-09  3.44832217e-03 
 1.89550000e-09  3.33117425e-03 
 1.89650000e-09  3.22251438e-03 
 1.89750000e-09  3.12049536e-03 
 1.89850000e-09  3.02555896e-03 
 1.89950000e-09  2.93608355e-03 
 1.90050000e-09  2.85255471e-03 
 1.90150000e-09  2.77354044e-03 
 1.90250000e-09  2.69955198e-03 
 1.90350000e-09  2.62931329e-03 
 1.90450000e-09  2.56334523e-03 
 1.90550000e-09  2.50051249e-03 
 1.90650000e-09  2.44133402e-03 
 1.90750000e-09  2.38479161e-03 
 1.90850000e-09  2.33139549e-03 
 1.90950000e-09  2.28022832e-03 
 1.91050000e-09  2.23178672e-03 
 1.91150000e-09  2.18524082e-03 
 1.91250000e-09  2.14107030e-03 
 1.91350000e-09  2.09852151e-03 
 1.91450000e-09  2.05805505e-03 
 1.91550000e-09  2.01898413e-03 
 1.91650000e-09  1.98174895e-03 
 1.91750000e-09  1.94572167e-03 
 1.91850000e-09  1.91132154e-03 
 1.91950000e-09  1.87797291e-03 
 1.92050000e-09  1.84607395e-03 
 1.92150000e-09  1.81509549e-03 
 1.92250000e-09  1.78541489e-03 
 1.92350000e-09  1.75654449e-03 
 1.92450000e-09  1.72884139e-03 
 1.92550000e-09  1.70185515e-03 
 1.92650000e-09  1.67592332e-03 
 1.92750000e-09  1.65062896e-03 
 1.92850000e-09  1.62629089e-03 
 1.92950000e-09  1.60252239e-03 
 1.93050000e-09  1.57962451e-03 
 1.93150000e-09  1.55723782e-03 
 1.93250000e-09  1.53564657e-03 
 1.93350000e-09  1.51451608e-03 
 1.93450000e-09  1.49411475e-03 
 1.93550000e-09  1.47413039e-03 
 1.93650000e-09  1.45481652e-03 
 1.93750000e-09  1.43588139e-03 
 1.93850000e-09  1.41756462e-03 
 1.93950000e-09  1.39959304e-03 
 1.94050000e-09  1.38219331e-03 
 1.94150000e-09  1.36510922e-03 
 1.94250000e-09  1.34855533e-03 
 1.94350000e-09  1.33229090e-03 
 1.94450000e-09  1.31651928e-03 
 1.94550000e-09  1.30101382e-03 
 1.94650000e-09  1.28596749e-03 
 1.94750000e-09  1.27116649e-03 
 1.94850000e-09  1.25679420e-03 
 1.94950000e-09  1.24264854e-03 
 1.95000000e-09  1.23576058e-03 
 1.95010000e-09  1.23436375e-03 
 1.95030000e-09  1.23161610e-03 
 1.95070000e-09  1.22616262e-03 
 1.95150000e-09  1.21539219e-03 
 1.95250000e-09  1.20219197e-03 
 1.95350000e-09  1.18926832e-03 
 1.95450000e-09  1.17661788e-03 
 1.95550000e-09  1.16422650e-03 
 1.95650000e-09  1.15209108e-03 
 1.95750000e-09  1.14019872e-03 
 1.95850000e-09  1.12854653e-03 
 1.95950000e-09  1.11712279e-03 
 1.96050000e-09  1.10592477e-03 
 1.96150000e-09  1.09494180e-03 
 1.96250000e-09  1.08417127e-03 
 1.96350000e-09  1.07360348e-03 
 1.96450000e-09  1.06323591e-03 
 1.96550000e-09  1.05305974e-03 
 1.96650000e-09  1.04307253e-03 
 1.96750000e-09  1.03326626e-03 
 1.96850000e-09  1.02363854e-03 
 1.96950000e-09  1.01418208e-03 
 1.97050000e-09  1.00489454e-03 
 1.97150000e-09  9.95769292e-04 
 1.97250000e-09  9.86804037e-04 
 1.97350000e-09  9.77992742e-04 
 1.97450000e-09  9.69333152e-04 
 1.97550000e-09  9.60819781e-04 
 1.97650000e-09  9.52450401e-04 
 1.97750000e-09  9.44220029e-04 
 1.97850000e-09  9.36126466e-04 
 1.97950000e-09  9.28165188e-04 
 1.98050000e-09  9.20334009e-04 
 1.98150000e-09  9.12628827e-04 
 1.98250000e-09  9.05047480e-04 
 1.98350000e-09  8.97586252e-04 
 1.98450000e-09  8.90242999e-04 
 1.98550000e-09  8.83014358e-04 
 1.98650000e-09  8.75898202e-04 
 1.98750000e-09  8.68891493e-04 
 1.98850000e-09  8.61992119e-04 
 1.98950000e-09  8.55197338e-04 
 1.99050000e-09  8.48505055e-04 
 1.99150000e-09  8.41912805e-04 
 1.99250000e-09  8.35418513e-04 
 1.99350000e-09  8.29019958e-04 
 1.99450000e-09  8.22715083e-04 
 1.99550000e-09  8.16501898e-04 
 1.99650000e-09  8.10378363e-04 
 1.99750000e-09  8.04342698e-04 
 1.99850000e-09  7.98392887e-04 
 1.99950000e-09  7.92527341e-04 
 2.00000000e-09  7.89625498e-04 
