 0.00000000e+00  2.66845816e-02 
 1.00000000e-14  2.66845816e-02 
 2.00000000e-14  2.66845816e-02 
 4.00000000e-14  2.66845816e-02 
 8.00000000e-14  2.66845816e-02 
 1.60000000e-13  2.66845816e-02 
 3.20000000e-13  2.66845816e-02 
 6.40000000e-13  2.66845816e-02 
 1.28000000e-12  2.66845816e-02 
 2.28000000e-12  2.66845816e-02 
 3.28000000e-12  2.66845816e-02 
 4.28000000e-12  2.66845816e-02 
 5.28000000e-12  2.66845816e-02 
 6.28000000e-12  2.66845816e-02 
 7.28000000e-12  2.66845816e-02 
 8.28000000e-12  2.66845816e-02 
 9.28000000e-12  2.66845816e-02 
 1.02800000e-11  2.66845816e-02 
 1.12800000e-11  2.66845816e-02 
 1.22800000e-11  2.66845816e-02 
 1.32800000e-11  2.66845816e-02 
 1.42800000e-11  2.66845816e-02 
 1.52800000e-11  2.66845816e-02 
 1.62800000e-11  2.66845816e-02 
 1.72800000e-11  2.66845816e-02 
 1.82800000e-11  2.66845816e-02 
 1.92800000e-11  2.66845816e-02 
 2.02800000e-11  2.66845816e-02 
 2.12800000e-11  2.66845816e-02 
 2.22800000e-11  2.66845816e-02 
 2.32800000e-11  2.66845816e-02 
 2.42800000e-11  2.66845816e-02 
 2.52800000e-11  2.66845816e-02 
 2.62800000e-11  2.66845816e-02 
 2.72800000e-11  2.66845816e-02 
 2.82800000e-11  2.66845816e-02 
 2.92800000e-11  2.66845816e-02 
 3.02800000e-11  2.66845816e-02 
 3.12800000e-11  2.66845816e-02 
 3.22800000e-11  2.66845816e-02 
 3.32800000e-11  2.66845816e-02 
 3.42800000e-11  2.66845816e-02 
 3.52800000e-11  2.66845816e-02 
 3.62800000e-11  2.66845816e-02 
 3.72800000e-11  2.66845816e-02 
 3.82800000e-11  2.66845816e-02 
 3.92800000e-11  2.66845816e-02 
 4.02800000e-11  2.66845816e-02 
 4.12800000e-11  2.66845816e-02 
 4.22800000e-11  2.66845816e-02 
 4.32800000e-11  2.66845816e-02 
 4.42800000e-11  2.66845816e-02 
 4.52800000e-11  2.66845816e-02 
 4.62800000e-11  2.66845816e-02 
 4.72800000e-11  2.66845816e-02 
 4.82800000e-11  2.66845816e-02 
 4.92800000e-11  2.66845816e-02 
 5.00000000e-11  2.66845816e-02 
 5.01000000e-11  2.66845816e-02 
 5.03000000e-11  2.66845816e-02 
 5.07000000e-11  2.66845816e-02 
 5.15000000e-11  2.66845816e-02 
 5.25000000e-11  2.66845816e-02 
 5.35000000e-11  2.66845816e-02 
 5.45000000e-11  2.66845816e-02 
 5.55000000e-11  2.66845816e-02 
 5.65000000e-11  2.66845816e-02 
 5.75000000e-11  2.66845816e-02 
 5.85000000e-11  2.66845816e-02 
 5.95000000e-11  2.66845816e-02 
 6.05000000e-11  2.66845816e-02 
 6.15000000e-11  2.66845816e-02 
 6.25000000e-11  2.66845816e-02 
 6.35000000e-11  2.66845816e-02 
 6.45000000e-11  2.66845816e-02 
 6.55000000e-11  2.66845816e-02 
 6.65000000e-11  2.66845816e-02 
 6.75000000e-11  2.66845816e-02 
 6.85000000e-11  2.66845816e-02 
 6.95000000e-11  2.66845816e-02 
 7.05000000e-11  2.66845816e-02 
 7.15000000e-11  2.66845816e-02 
 7.25000000e-11  2.66845816e-02 
 7.35000000e-11  2.66845816e-02 
 7.45000000e-11  2.66845816e-02 
 7.55000000e-11  2.66845816e-02 
 7.65000000e-11  2.66845816e-02 
 7.75000000e-11  2.66845816e-02 
 7.85000000e-11  2.66845816e-02 
 7.95000000e-11  2.66845816e-02 
 8.05000000e-11  2.66845816e-02 
 8.15000000e-11  2.66845816e-02 
 8.25000000e-11  2.66845816e-02 
 8.35000000e-11  2.66845816e-02 
 8.45000000e-11  2.66845816e-02 
 8.55000000e-11  2.66845816e-02 
 8.65000000e-11  2.66845816e-02 
 8.75000000e-11  2.66845816e-02 
 8.85000000e-11  2.66845816e-02 
 8.95000000e-11  2.66845816e-02 
 9.05000000e-11  2.66845816e-02 
 9.15000000e-11  2.66845816e-02 
 9.25000000e-11  2.66845816e-02 
 9.35000000e-11  2.66845816e-02 
 9.45000000e-11  2.66845816e-02 
 9.55000000e-11  2.66845816e-02 
 9.65000000e-11  2.66845816e-02 
 9.75000000e-11  2.66845816e-02 
 9.85000000e-11  2.66845816e-02 
 9.95000000e-11  2.66845816e-02 
 1.00500000e-10  2.66845816e-02 
 1.01500000e-10  2.66845816e-02 
 1.02500000e-10  2.66845816e-02 
 1.03500000e-10  2.66845816e-02 
 1.04500000e-10  2.66845816e-02 
 1.05500000e-10  2.66845816e-02 
 1.06500000e-10  2.66845816e-02 
 1.07500000e-10  2.66845816e-02 
 1.08500000e-10  2.66845816e-02 
 1.09500000e-10  2.66845816e-02 
 1.10500000e-10  2.66845816e-02 
 1.11500000e-10  2.66845816e-02 
 1.12500000e-10  2.66845816e-02 
 1.13500000e-10  2.66845816e-02 
 1.14500000e-10  2.66845816e-02 
 1.15500000e-10  2.66845816e-02 
 1.16500000e-10  2.66845816e-02 
 1.17500000e-10  2.66845816e-02 
 1.18500000e-10  2.66845816e-02 
 1.19500000e-10  2.66845816e-02 
 1.20500000e-10  2.66845816e-02 
 1.21500000e-10  2.66845816e-02 
 1.22500000e-10  2.66845816e-02 
 1.23500000e-10  2.66845816e-02 
 1.24500000e-10  2.66845816e-02 
 1.25500000e-10  2.66845816e-02 
 1.26500000e-10  2.66845816e-02 
 1.27500000e-10  2.66845816e-02 
 1.28500000e-10  2.66845816e-02 
 1.29500000e-10  2.66845816e-02 
 1.30500000e-10  2.66845816e-02 
 1.31500000e-10  2.66845816e-02 
 1.32500000e-10  2.66845816e-02 
 1.33500000e-10  2.66845816e-02 
 1.34500000e-10  2.66845816e-02 
 1.35500000e-10  2.66845816e-02 
 1.36500000e-10  2.66845816e-02 
 1.37500000e-10  2.66845816e-02 
 1.38500000e-10  2.66845816e-02 
 1.39500000e-10  2.66845816e-02 
 1.40500000e-10  2.66845816e-02 
 1.41500000e-10  2.66845816e-02 
 1.42500000e-10  2.66845816e-02 
 1.43500000e-10  2.66845816e-02 
 1.44500000e-10  2.66845816e-02 
 1.45500000e-10  2.66845816e-02 
 1.46500000e-10  2.66845816e-02 
 1.47500000e-10  2.66845816e-02 
 1.48500000e-10  2.66845816e-02 
 1.49500000e-10  2.66845816e-02 
 1.50500000e-10  2.66845816e-02 
 1.51500000e-10  2.66845816e-02 
 1.52500000e-10  2.66845816e-02 
 1.53500000e-10  2.66845816e-02 
 1.54500000e-10  2.66845816e-02 
 1.55500000e-10  2.66845816e-02 
 1.56500000e-10  2.66845816e-02 
 1.57500000e-10  2.66845816e-02 
 1.58500000e-10  2.66845816e-02 
 1.59500000e-10  2.66845816e-02 
 1.60500000e-10  2.66845816e-02 
 1.61500000e-10  2.66845816e-02 
 1.62500000e-10  2.66845816e-02 
 1.63500000e-10  2.66845816e-02 
 1.64500000e-10  2.66845816e-02 
 1.65500000e-10  2.66845816e-02 
 1.66500000e-10  2.66845816e-02 
 1.67500000e-10  2.66845816e-02 
 1.68500000e-10  2.66845816e-02 
 1.69500000e-10  2.66845816e-02 
 1.70500000e-10  2.66845816e-02 
 1.71500000e-10  2.66845816e-02 
 1.72500000e-10  2.66845816e-02 
 1.73500000e-10  2.66845816e-02 
 1.74500000e-10  2.66845816e-02 
 1.75500000e-10  2.66845816e-02 
 1.76500000e-10  2.66845816e-02 
 1.77500000e-10  2.66845816e-02 
 1.78500000e-10  2.66845816e-02 
 1.79500000e-10  2.66845816e-02 
 1.80500000e-10  2.66845816e-02 
 1.81500000e-10  2.66845816e-02 
 1.82500000e-10  2.66845816e-02 
 1.83500000e-10  2.66845816e-02 
 1.84500000e-10  2.66845816e-02 
 1.85500000e-10  2.66845816e-02 
 1.86500000e-10  2.66845816e-02 
 1.87500000e-10  2.66845816e-02 
 1.88500000e-10  2.66845816e-02 
 1.89500000e-10  2.66845816e-02 
 1.90500000e-10  2.66845816e-02 
 1.91500000e-10  2.66845816e-02 
 1.92500000e-10  2.66845816e-02 
 1.93500000e-10  2.66845816e-02 
 1.94500000e-10  2.66845816e-02 
 1.95500000e-10  2.66845816e-02 
 1.96500000e-10  2.66845816e-02 
 1.97500000e-10  2.66845816e-02 
 1.98500000e-10  2.66845816e-02 
 1.99500000e-10  2.66845816e-02 
 2.00000000e-10  2.66845816e-02 
 2.00100000e-10  2.72166303e-02 
 2.00300000e-10  2.78670976e-02 
 2.00700000e-10  2.85767336e-02 
 2.01500000e-10  2.96176894e-02 
 2.02500000e-10  3.01793488e-02 
 2.03500000e-10  3.03779139e-02 
 2.04500000e-10  3.02838160e-02 
 2.05500000e-10  3.01234809e-02 
 2.06500000e-10  2.98680452e-02 
 2.07500000e-10  2.96381041e-02 
 2.08500000e-10  2.93815798e-02 
 2.09500000e-10  2.91722129e-02 
 2.10500000e-10  2.89590467e-02 
 2.11500000e-10  2.87926739e-02 
 2.12500000e-10  2.86292536e-02 
 2.13500000e-10  2.85059989e-02 
 2.14500000e-10  2.83869984e-02 
 2.15500000e-10  2.83007225e-02 
 2.16500000e-10  2.82178466e-02 
 2.17500000e-10  2.81605960e-02 
 2.18500000e-10  2.81048017e-02 
 2.19500000e-10  2.80678829e-02 
 2.20500000e-10  2.80295604e-02 
 2.21500000e-10  2.80034332e-02 
 2.22500000e-10  2.79722717e-02 
 2.23500000e-10  2.79469303e-02 
 2.24500000e-10  2.79132323e-02 
 2.25500000e-10  2.78809768e-02 
 2.26500000e-10  2.78396617e-02 
 2.27500000e-10  2.77985657e-02 
 2.28500000e-10  2.77481269e-02 
 2.29500000e-10  2.76928656e-02 
 2.30500000e-10  2.76205235e-02 
 2.31500000e-10  2.75331627e-02 
 2.32500000e-10  2.74224183e-02 
 2.33500000e-10  2.72952767e-02 
 2.34500000e-10  2.71513191e-02 
 2.35500000e-10  2.70038696e-02 
 2.36500000e-10  2.68595699e-02 
 2.37500000e-10  2.67355225e-02 
 2.38500000e-10  2.66385890e-02 
 2.39500000e-10  2.65771296e-02 
 2.40500000e-10  2.65398239e-02 
 2.41500000e-10  2.65061457e-02 
 2.42500000e-10  2.64316888e-02 
 2.43500000e-10  2.62653922e-02 
 2.44500000e-10  2.59482710e-02 
 2.45500000e-10  2.54522994e-02 
 2.46500000e-10  2.47942339e-02 
 2.47500000e-10  2.40393527e-02 
 2.48500000e-10  2.32610209e-02 
 2.49500000e-10  2.25246024e-02 
 2.50000000e-10  2.21834362e-02 
 2.50100000e-10  2.20116225e-02 
 2.50300000e-10  2.17294724e-02 
 2.50700000e-10  2.13768486e-02 
 2.51500000e-10  2.08074966e-02 
 2.52500000e-10  2.02003049e-02 
 2.53500000e-10  1.97340346e-02 
 2.54500000e-10  1.93821713e-02 
 2.55500000e-10  1.91429874e-02 
 2.56500000e-10  1.89799001e-02 
 2.57500000e-10  1.88889809e-02 
 2.58500000e-10  1.88410984e-02 
 2.59500000e-10  1.88361213e-02 
 2.60500000e-10  1.88536481e-02 
 2.61500000e-10  1.88964800e-02 
 2.62500000e-10  1.89506390e-02 
 2.63500000e-10  1.90201544e-02 
 2.64500000e-10  1.90953031e-02 
 2.65500000e-10  1.91818530e-02 
 2.66500000e-10  1.92694821e-02 
 2.67500000e-10  1.93656690e-02 
 2.68500000e-10  1.94627375e-02 
 2.69500000e-10  1.95665671e-02 
 2.70500000e-10  1.96707257e-02 
 2.71500000e-10  1.97795594e-02 
 2.72500000e-10  1.98953416e-02 
 2.73500000e-10  2.00113221e-02 
 2.74500000e-10  2.01288169e-02 
 2.75500000e-10  2.02489368e-02 
 2.76500000e-10  2.03723634e-02 
 2.77500000e-10  2.04990376e-02 
 2.78500000e-10  2.06290636e-02 
 2.79500000e-10  2.07624044e-02 
 2.80500000e-10  2.08990687e-02 
 2.81500000e-10  2.10391099e-02 
 2.82500000e-10  2.11825220e-02 
 2.83500000e-10  2.13294180e-02 
 2.84500000e-10  2.14797988e-02 
 2.85500000e-10  2.16338427e-02 
 2.86500000e-10  2.17915025e-02 
 2.87500000e-10  2.19529604e-02 
 2.88500000e-10  2.21182414e-02 
 2.89500000e-10  2.22875197e-02 
 2.90500000e-10  2.24608431e-02 
 2.91500000e-10  2.26383824e-02 
 2.92500000e-10  2.28202076e-02 
 2.93500000e-10  2.30064876e-02 
 2.94500000e-10  2.31973143e-02 
 2.95500000e-10  2.33928561e-02 
 2.96500000e-10  2.35932262e-02 
 2.97500000e-10  2.37985948e-02 
 2.98500000e-10  2.40090956e-02 
 2.99500000e-10  2.42249026e-02 
 3.00500000e-10  2.44461696e-02 
 3.01500000e-10  2.46730769e-02 
 3.02500000e-10  2.49057981e-02 
 3.03500000e-10  2.51445219e-02 
 3.04500000e-10  2.53894421e-02 
 3.05500000e-10  2.56407580e-02 
 3.06500000e-10  2.58986840e-02 
 3.07500000e-10  2.61634328e-02 
 3.08500000e-10  2.64352400e-02 
 3.09500000e-10  2.67143342e-02 
 3.10500000e-10  2.70009735e-02 
 3.11500000e-10  2.72954053e-02 
 3.12500000e-10  2.75979122e-02 
 3.13500000e-10  2.79087633e-02 
 3.14500000e-10  2.82282683e-02 
 3.15500000e-10  2.85567218e-02 
 3.16500000e-10  2.88944635e-02 
 3.17500000e-10  2.92418184e-02 
 3.18500000e-10  2.95991603e-02 
 3.19500000e-10  2.99668498e-02 
 3.20500000e-10  3.03453003e-02 
 3.21500000e-10  3.07349144e-02 
 3.22500000e-10  3.11361521e-02 
 3.23500000e-10  3.15494654e-02 
 3.24500000e-10  3.19753686e-02 
 3.25500000e-10  3.24143721e-02 
 3.26500000e-10  3.28670534e-02 
 3.27500000e-10  3.33339902e-02 
 3.28500000e-10  3.38158311e-02 
 3.29500000e-10  3.43132263e-02 
 3.30500000e-10  3.48268913e-02 
 3.31500000e-10  3.53575200e-02 
 3.32500000e-10  3.59058034e-02 
 3.33500000e-10  3.64722416e-02 
 3.34500000e-10  3.70569435e-02 
 3.35500000e-10  3.76590361e-02 
 3.36500000e-10  3.82758701e-02 
 3.37500000e-10  3.89018967e-02 
 3.38500000e-10  3.95279092e-02 
 3.39500000e-10  4.01410673e-02 
 3.40500000e-10  4.07264124e-02 
 3.41500000e-10  4.12692783e-02 
 3.42500000e-10  4.17577722e-02 
 3.43500000e-10  4.21840727e-02 
 3.44500000e-10  4.25446067e-02 
 3.45500000e-10  4.28393581e-02 
 3.46500000e-10  4.30707569e-02 
 3.47500000e-10  4.32428899e-02 
 3.48500000e-10  4.33608767e-02 
 3.49500000e-10  4.34301101e-02 
 3.50500000e-10  4.34562041e-02 
 3.51500000e-10  4.34445024e-02 
 3.52500000e-10  4.34002955e-02 
 3.53500000e-10  4.33284703e-02 
 3.54500000e-10  4.32338395e-02 
 3.55500000e-10  4.31208499e-02 
 3.56500000e-10  4.29939423e-02 
 3.57500000e-10  4.28572793e-02 
 3.58500000e-10  4.27150959e-02 
 3.59500000e-10  4.25714293e-02 
 3.60500000e-10  4.24304397e-02 
 3.61500000e-10  4.22961304e-02 
 3.62500000e-10  4.21726214e-02 
 3.63500000e-10  4.20638438e-02 
 3.64500000e-10  4.19737421e-02 
 3.65500000e-10  4.19059117e-02 
 3.66500000e-10  4.18636938e-02 
 3.67500000e-10  4.18497171e-02 
 3.68500000e-10  4.18658582e-02 
 3.69500000e-10  4.19126901e-02 
 3.70500000e-10  4.19893534e-02 
 3.71500000e-10  4.20930269e-02 
 3.72500000e-10  4.22188803e-02 
 3.73500000e-10  4.23597640e-02 
 3.74500000e-10  4.25064895e-02 
 3.75500000e-10  4.26479651e-02 
 3.76500000e-10  4.27719423e-02 
 3.77500000e-10  4.28655902e-02 
 3.78500000e-10  4.29165075e-02 
 3.79500000e-10  4.29133732e-02 
 3.80500000e-10  4.28468129e-02 
 3.81500000e-10  4.27097785e-02 
 3.82500000e-10  4.24980675e-02 
 3.83500000e-10  4.22103659e-02 
 3.84500000e-10  4.18484338e-02 
 3.85500000e-10  4.14168950e-02 
 3.86500000e-10  4.09232068e-02 
 3.87500000e-10  4.03772937e-02 
 3.88500000e-10  3.97914082e-02 
 3.89500000e-10  3.91797137e-02 
 3.90500000e-10  3.85581114e-02 
 3.91500000e-10  3.79437855e-02 
 3.92500000e-10  3.73548924e-02 
 3.93500000e-10  3.68098675e-02 
 3.94500000e-10  3.63267421e-02 
 3.95500000e-10  3.59220202e-02 
 3.96500000e-10  3.56096264e-02 
 3.97500000e-10  3.53997183e-02 
 3.98500000e-10  3.52980509e-02 
 3.99500000e-10  3.53056063e-02 
 4.00500000e-10  3.54193180e-02 
 4.01500000e-10  3.56327035e-02 
 4.02500000e-10  3.59366707e-02 
 4.03500000e-10  3.63202720e-02 
 4.04500000e-10  3.67713224e-02 
 4.05500000e-10  3.72768610e-02 
 4.06500000e-10  3.78236902e-02 
 4.07500000e-10  3.83987858e-02 
 4.08500000e-10  3.89898244e-02 
 4.09500000e-10  3.95854553e-02 
 4.10500000e-10  4.01755717e-02 
 4.11500000e-10  4.07513291e-02 
 4.12500000e-10  4.13051970e-02 
 4.13500000e-10  4.18308300e-02 
 4.14500000e-10  4.23230274e-02 
 4.15500000e-10  4.27775641e-02 
 4.16500000e-10  4.31911353e-02 
 4.17500000e-10  4.35611951e-02 
 4.18500000e-10  4.38859124e-02 
 4.19500000e-10  4.41640314e-02 
 4.20500000e-10  4.43948433e-02 
 4.21500000e-10  4.45780676e-02 
 4.22500000e-10  4.47138381e-02 
 4.23500000e-10  4.48026020e-02 
 4.24500000e-10  4.48451165e-02 
 4.25500000e-10  4.48423610e-02 
 4.26500000e-10  4.47955431e-02 
 4.27500000e-10  4.47060207e-02 
 4.28500000e-10  4.45753141e-02 
 4.29500000e-10  4.44050373e-02 
 4.30500000e-10  4.41969142e-02 
 4.31500000e-10  4.39527175e-02 
 4.32500000e-10  4.36742882e-02 
 4.33500000e-10  4.33634802e-02 
 4.34500000e-10  4.30221833e-02 
 4.35500000e-10  4.26522724e-02 
 4.36500000e-10  4.22556325e-02 
 4.37500000e-10  4.18341125e-02 
 4.38500000e-10  4.13895522e-02 
 4.39500000e-10  4.09237395e-02 
 4.40500000e-10  4.04384382e-02 
 4.41500000e-10  3.99353493e-02 
 4.42500000e-10  3.94161393e-02 
 4.43500000e-10  3.88824043e-02 
 4.44500000e-10  3.83356989e-02 
 4.45500000e-10  3.77775025e-02 
 4.46500000e-10  3.72092693e-02 
 4.47500000e-10  3.66324616e-02 
 4.48500000e-10  3.60482029e-02 
 4.49500000e-10  3.54577794e-02 
 4.50000000e-10  3.51605765e-02 
 4.50100000e-10  3.51009746e-02 
 4.50300000e-10  3.49816946e-02 
 4.50700000e-10  3.47426470e-02 
 4.51500000e-10  3.42629031e-02 
 4.52500000e-10  3.36607703e-02 
 4.53500000e-10  3.30568067e-02 
 4.54500000e-10  3.24519453e-02 
 4.55500000e-10  3.18470668e-02 
 4.56500000e-10  3.12429910e-02 
 4.57500000e-10  3.06404877e-02 
 4.58500000e-10  3.00402699e-02 
 4.59500000e-10  2.94430038e-02 
 4.60500000e-10  2.88493034e-02 
 4.61500000e-10  2.82597388e-02 
 4.62500000e-10  2.76748328e-02 
 4.63500000e-10  2.70950675e-02 
 4.64500000e-10  2.65208820e-02 
 4.65500000e-10  2.59526783e-02 
 4.66500000e-10  2.53908197e-02 
 4.67500000e-10  2.48356359e-02 
 4.68500000e-10  2.42874216e-02 
 4.69500000e-10  2.37464414e-02 
 4.70500000e-10  2.32129290e-02 
 4.71500000e-10  2.26870909e-02 
 4.72500000e-10  2.21691061e-02 
 4.73500000e-10  2.16591297e-02 
 4.74500000e-10  2.11572926e-02 
 4.75500000e-10  2.06637044e-02 
 4.76500000e-10  2.01784537e-02 
 4.77500000e-10  1.97016104e-02 
 4.78500000e-10  1.92332260e-02 
 4.79500000e-10  1.87733361e-02 
 4.80500000e-10  1.83219599e-02 
 4.81500000e-10  1.78791032e-02 
 4.82500000e-10  1.74447577e-02 
 4.83500000e-10  1.70189035e-02 
 4.84500000e-10  1.66015088e-02 
 4.85500000e-10  1.61925321e-02 
 4.86500000e-10  1.57919215e-02 
 4.87500000e-10  1.53996171e-02 
 4.88500000e-10  1.50155507e-02 
 4.89500000e-10  1.46396469e-02 
 4.90500000e-10  1.42718236e-02 
 4.91500000e-10  1.39119932e-02 
 4.92500000e-10  1.35600623e-02 
 4.93500000e-10  1.32159331e-02 
 4.94500000e-10  1.28795033e-02 
 4.95500000e-10  1.25506672e-02 
 4.96500000e-10  1.22293153e-02 
 4.97500000e-10  1.19153359e-02 
 4.98500000e-10  1.16086144e-02 
 4.99500000e-10  1.13090344e-02 
 5.00000000e-10  1.11618893e-02 
 5.00100000e-10  1.11327044e-02 
 5.00300000e-10  1.10744740e-02 
 5.00700000e-10  1.09588428e-02 
 5.01500000e-10  1.07308711e-02 
 5.02500000e-10  1.04520004e-02 
 5.03500000e-10  1.01797913e-02 
 5.04500000e-10  9.91412170e-03 
 5.05500000e-10  9.65486957e-03 
 5.06500000e-10  9.40192391e-03 
 5.07500000e-10  9.15514858e-03 
 5.08500000e-10  8.91440861e-03 
 5.09500000e-10  8.67960349e-03 
 5.10500000e-10  8.45059217e-03 
 5.11500000e-10  8.22727862e-03 
 5.12500000e-10  8.00952080e-03 
 5.13500000e-10  7.79722530e-03 
 5.14500000e-10  7.59025151e-03 
 5.15500000e-10  7.38850797e-03 
 5.16500000e-10  7.19185692e-03 
 5.17500000e-10  7.00020861e-03 
 5.18500000e-10  6.81342898e-03 
 5.19500000e-10  6.63143000e-03 
 5.20500000e-10  6.45408186e-03 
 5.21500000e-10  6.28129831e-03 
 5.22500000e-10  6.11295411e-03 
 5.23500000e-10  5.94896492e-03 
 5.24500000e-10  5.78921025e-03 
 5.25500000e-10  5.63360780e-03 
 5.26500000e-10  5.48204188e-03 
 5.27500000e-10  5.33443238e-03 
 5.28500000e-10  5.19066841e-03 
 5.29500000e-10  5.05067217e-03 
 5.30500000e-10  4.91433753e-03 
 5.31500000e-10  4.78158904e-03 
 5.32500000e-10  4.65232526e-03 
 5.33500000e-10  4.52647322e-03 
 5.34500000e-10  4.40393602e-03 
 5.35500000e-10  4.28464321e-03 
 5.36500000e-10  4.16850232e-03 
 5.37500000e-10  4.05544544e-03 
 5.38500000e-10  3.94538440e-03 
 5.39500000e-10  3.83825383e-03 
 5.40500000e-10  3.73396972e-03 
 5.41500000e-10  3.63246924e-03 
 5.42500000e-10  3.53367240e-03 
 5.43500000e-10  3.43751887e-03 
 5.44500000e-10  3.34393253e-03 
 5.45500000e-10  3.25285554e-03 
 5.46500000e-10  3.16421547e-03 
 5.47500000e-10  3.07795694e-03 
 5.48500000e-10  2.99401106e-03 
 5.49500000e-10  2.91232486e-03 
 5.50000000e-10  2.87230875e-03 
 5.50100000e-10  2.86438273e-03 
 5.50300000e-10  2.84857260e-03 
 5.50700000e-10  2.81720944e-03 
 5.51500000e-10  2.75549991e-03 
 5.52500000e-10  2.68023378e-03 
 5.53500000e-10  2.60699779e-03 
 5.54500000e-10  2.53573839e-03 
 5.55500000e-10  2.46640405e-03 
 5.56500000e-10  2.39894383e-03 
 5.57500000e-10  2.33330870e-03 
 5.58500000e-10  2.26945020e-03 
 5.59500000e-10  2.20732170e-03 
 5.60500000e-10  2.14687715e-03 
 5.61500000e-10  2.08807219e-03 
 5.62500000e-10  2.03086307e-03 
 5.63500000e-10  1.97520764e-03 
 5.64500000e-10  1.92106434e-03 
 5.65500000e-10  1.86839312e-03 
 5.66500000e-10  1.81715451e-03 
 5.67500000e-10  1.76731047e-03 
 5.68500000e-10  1.71882353e-03 
 5.69500000e-10  1.67165758e-03 
 5.70500000e-10  1.62577705e-03 
 5.71500000e-10  1.58114765e-03 
 5.72500000e-10  1.53773565e-03 
 5.73500000e-10  1.49550850e-03 
 5.74500000e-10  1.45443420e-03 
 5.75500000e-10  1.41448187e-03 
 5.76500000e-10  1.37561755e-03 
 5.77500000e-10  1.33781509e-03 
 5.78500000e-10  1.30104706e-03 
 5.79500000e-10  1.26528555e-03 
 5.80500000e-10  1.23050311e-03 
 5.81500000e-10  1.19667351e-03 
 5.82500000e-10  1.16377057e-03 
 5.83500000e-10  1.13176948e-03 
 5.84500000e-10  1.10064541e-03 
 5.85500000e-10  1.07037485e-03 
 5.86500000e-10  1.04093430e-03 
 5.87500000e-10  1.01230146e-03 
 5.88500000e-10  9.84454107e-04 
 5.89500000e-10  9.57371106e-04 
 5.90500000e-10  9.31031418e-04 
 5.91500000e-10  9.05415017e-04 
 5.92500000e-10  8.80501992e-04 
 5.93500000e-10  8.56273366e-04 
 5.94500000e-10  8.32710296e-04 
 5.95500000e-10  8.09794802e-04 
 5.96500000e-10  7.87509051e-04 
 5.97500000e-10  7.65836011e-04 
 5.98500000e-10  7.44758801e-04 
 5.99500000e-10  7.24261290e-04 
 6.00500000e-10  7.04327502e-04 
 6.01500000e-10  6.84942157e-04 
 6.02500000e-10  6.66090136e-04 
 6.03500000e-10  6.47756970e-04 
 6.04500000e-10  6.29928349e-04 
 6.05500000e-10  6.12590571e-04 
 6.06500000e-10  5.95730096e-04 
 6.07500000e-10  5.79333949e-04 
 6.08500000e-10  5.63389315e-04 
 6.09500000e-10  5.47883913e-04 
 6.10500000e-10  5.32805615e-04 
 6.11500000e-10  5.18142793e-04 
 6.12500000e-10  5.03883972e-04 
 6.13500000e-10  4.90018146e-04 
 6.14500000e-10  4.76534455e-04 
 6.15500000e-10  4.63422482e-04 
 6.16500000e-10  4.50671952e-04 
 6.17500000e-10  4.38273005e-04 
 6.18500000e-10  4.26215918e-04 
 6.19500000e-10  4.14491361e-04 
 6.20500000e-10  4.03090135e-04 
 6.21500000e-10  3.92003408e-04 
 6.22500000e-10  3.81222480e-04 
 6.23500000e-10  3.70738992e-04 
 6.24500000e-10  3.60544711e-04 
 6.25500000e-10  3.50631731e-04 
 6.26500000e-10  3.40992261e-04 
 6.27500000e-10  3.31618820e-04 
 6.28500000e-10  3.22504040e-04 
 6.29500000e-10  3.13640842e-04 
 6.30500000e-10  3.05022254e-04 
 6.31500000e-10  2.96641581e-04 
 6.32500000e-10  2.88492227e-04 
 6.33500000e-10  2.80567857e-04 
 6.34500000e-10  2.72862234e-04 
 6.35500000e-10  2.65369365e-04 
 6.36500000e-10  2.58083347e-04 
 6.37500000e-10  2.50998513e-04 
 6.38500000e-10  2.44109281e-04 
 6.39500000e-10  2.37410288e-04 
 6.40500000e-10  2.30896255e-04 
 6.41500000e-10  2.24562110e-04 
 6.42500000e-10  2.18402860e-04 
 6.43500000e-10  2.12413706e-04 
 6.44500000e-10  2.06589926e-04 
 6.45500000e-10  2.00926983e-04 
 6.46500000e-10  1.95420409e-04 
 6.47500000e-10  1.90065914e-04 
 6.48500000e-10  1.84859271e-04 
 6.49500000e-10  1.79796424e-04 
 6.50500000e-10  1.74873375e-04 
 6.51500000e-10  1.70086288e-04 
 6.52500000e-10  1.65431383e-04 
 6.53500000e-10  1.60905030e-04 
 6.54500000e-10  1.56503656e-04 
 6.55500000e-10  1.52223828e-04 
 6.56500000e-10  1.48062166e-04 
 6.57500000e-10  1.44015425e-04 
 6.58500000e-10  1.40080408e-04 
 6.59500000e-10  1.36254047e-04 
 6.60500000e-10  1.32533318e-04 
 6.61500000e-10  1.28915320e-04 
 6.62500000e-10  1.25397193e-04 
 6.63500000e-10  1.21976194e-04 
 6.64500000e-10  1.18649620e-04 
 6.65500000e-10  1.15414876e-04 
 6.66500000e-10  1.12269406e-04 
 6.67500000e-10  1.09210757e-04 
 6.68500000e-10  1.06236511e-04 
 6.69500000e-10  1.03344349e-04 
 6.70500000e-10  1.00531986e-04 
 6.71500000e-10  9.77972279e-05 
 6.72500000e-10  9.51379141e-05 
 6.73500000e-10  9.25519704e-05 
 6.74500000e-10  9.00373540e-05 
 6.75500000e-10  8.75921040e-05 
 6.76500000e-10  8.52142886e-05 
 6.77500000e-10  8.29020534e-05 
 6.78500000e-10  8.06535723e-05 
 6.79500000e-10  7.84670919e-05 
 6.80500000e-10  7.63408857e-05 
 6.81500000e-10  7.42732962e-05 
 6.82500000e-10  7.22626907e-05 
 6.83500000e-10  7.03075021e-05 
 6.84500000e-10  6.84061867e-05 
 6.85500000e-10  6.65572629e-05 
 6.86500000e-10  6.47592718e-05 
 6.87500000e-10  6.30108124e-05 
 6.88500000e-10  6.13105044e-05 
 6.89500000e-10  5.96570240e-05 
 6.90500000e-10  5.80490668e-05 
 6.91500000e-10  5.64853808e-05 
 6.92500000e-10  5.49647328e-05 
 6.93500000e-10  5.34859392e-05 
 6.94500000e-10  5.20478335e-05 
 6.95500000e-10  5.06492973e-05 
 6.96500000e-10  4.92892280e-05 
 6.97500000e-10  4.79665680e-05 
 6.98500000e-10  4.66802754e-05 
 6.99500000e-10  4.54293497e-05 
 7.00000000e-10  4.48168686e-05 
 7.00100000e-10  4.28886341e-04 
 7.00300000e-10  8.67710573e-04 
 7.00700000e-10  1.42641236e-03 
 7.01500000e-10  2.56684841e-03 
 7.02500000e-10  3.71321661e-03 
 7.03500000e-10  4.76669983e-03 
 7.04500000e-10  5.62865875e-03 
 7.05500000e-10  6.44163747e-03 
 7.06500000e-10  7.11889033e-03 
 7.07500000e-10  7.76784410e-03 
 7.08500000e-10  8.31596128e-03 
 7.09500000e-10  8.84575964e-03 
 7.10500000e-10  9.29757317e-03 
 7.11500000e-10  9.73528269e-03 
 7.12500000e-10  1.01099276e-02 
 7.13500000e-10  1.04712486e-02 
 7.14500000e-10  1.07710177e-02 
 7.15500000e-10  1.10578662e-02 
 7.16500000e-10  1.12956944e-02 
 7.17500000e-10  1.15197825e-02 
 7.18500000e-10  1.17031746e-02 
 7.19500000e-10  1.18765071e-02 
 7.20500000e-10  1.20207308e-02 
 7.21500000e-10  1.21650665e-02 
 7.22500000e-10  1.22986056e-02 
 7.23500000e-10  1.24505433e-02 
 7.24500000e-10  1.26154265e-02 
 7.25500000e-10  1.28190144e-02 
 7.26500000e-10  1.30552365e-02 
 7.27500000e-10  1.33425818e-02 
 7.28500000e-10  1.36683496e-02 
 7.29500000e-10  1.40156193e-02 
 7.30500000e-10  1.43974266e-02 
 7.31500000e-10  1.48313132e-02 
 7.32500000e-10  1.53156077e-02 
 7.33500000e-10  1.58653757e-02 
 7.34500000e-10  1.64861248e-02 
 7.35500000e-10  1.71961599e-02 
 7.36500000e-10  1.80054311e-02 
 7.37500000e-10  1.89343058e-02 
 7.38500000e-10  1.99950096e-02 
 7.39500000e-10  2.12081911e-02 
 7.40500000e-10  2.25866383e-02 
 7.41500000e-10  2.41512955e-02 
 7.42500000e-10  2.59143777e-02 
 7.43500000e-10  2.79034624e-02 
 7.44500000e-10  3.01467976e-02 
 7.45500000e-10  3.26987829e-02 
 7.46500000e-10  3.56532361e-02 
 7.47500000e-10  3.91066565e-02 
 7.48500000e-10  4.31961370e-02 
 7.49500000e-10  4.81656306e-02 
 7.50000000e-10  5.10291162e-02 
 7.50100000e-10  5.18890302e-02 
 7.50300000e-10  5.33923611e-02 
 7.50700000e-10  5.63253662e-02 
 7.51500000e-10  6.25273580e-02 
 7.52500000e-10  7.07393122e-02 
 7.53500000e-10  7.94654880e-02 
 7.54500000e-10  8.82653743e-02 
 7.55500000e-10  9.66040676e-02 
 7.56500000e-10  1.03297521e-01 
 7.57500000e-10  1.07151938e-01 
 7.58500000e-10  1.07246986e-01 
 7.59500000e-10  1.03578960e-01 
 7.60500000e-10  9.65942784e-02 
 7.61500000e-10  8.74006926e-02 
 7.62500000e-10  7.66985271e-02 
 7.63500000e-10  6.49031198e-02 
 7.64500000e-10  5.29225513e-02 
 7.65500000e-10  4.10604758e-02 
 7.66500000e-10  2.98504970e-02 
 7.67500000e-10  1.94256017e-02 
 7.68500000e-10  1.00371222e-02 
 7.69500000e-10  1.69123876e-03 
 7.70500000e-10 -6.21303247e-03 
 7.71500000e-10 -1.31293019e-02 
 7.72500000e-10 -1.86033650e-02 
 7.73500000e-10 -2.28750712e-02 
 7.74500000e-10 -2.59859355e-02 
 7.75500000e-10 -2.81751855e-02 
 7.76500000e-10 -2.97543608e-02 
 7.77500000e-10 -3.11367012e-02 
 7.78500000e-10 -3.24916299e-02 
 7.79500000e-10 -3.38846149e-02 
 7.80500000e-10 -3.51298269e-02 
 7.81500000e-10 -3.58848689e-02 
 7.82500000e-10 -3.55754247e-02 
 7.83500000e-10 -3.37938439e-02 
 7.84500000e-10 -3.06512950e-02 
 7.85500000e-10 -2.64462185e-02 
 7.86500000e-10 -2.15976731e-02 
 7.87500000e-10 -1.66245020e-02 
 7.88500000e-10 -1.19325237e-02 
 7.89500000e-10 -7.78275609e-03 
 7.90500000e-10 -4.29318709e-03 
 7.91500000e-10 -1.49999444e-03 
 7.92500000e-10  5.94829264e-04 
 7.93500000e-10  2.03545395e-03 
 7.94500000e-10  3.09359732e-03 
 7.95500000e-10  3.85377622e-03 
 7.96500000e-10  4.35799630e-03 
 7.97500000e-10  4.65474086e-03 
 7.98500000e-10  4.79832909e-03 
 7.99500000e-10  4.82010607e-03 
 8.00500000e-10  4.76173362e-03 
 8.01500000e-10  4.63969039e-03 
 8.02500000e-10  4.48326548e-03 
 8.03500000e-10  4.29852349e-03 
 8.04500000e-10  4.10529890e-03 
 8.05500000e-10  3.90305812e-03 
 8.06500000e-10  3.70558661e-03 
 8.07500000e-10  3.50871193e-03 
 8.08500000e-10  3.32256951e-03 
 8.09500000e-10  3.14123469e-03 
 8.10500000e-10  2.97268344e-03 
 8.11500000e-10  2.81033383e-03 
 8.12500000e-10  2.66086515e-03 
 8.13500000e-10  2.51762817e-03 
 8.14500000e-10  2.38648353e-03 
 8.15500000e-10  2.26100890e-03 
 8.16500000e-10  2.14650479e-03 
 8.17500000e-10  2.03690671e-03 
 8.18500000e-10  1.93709429e-03 
 8.19500000e-10  1.84140614e-03 
 8.20500000e-10  1.75437773e-03 
 8.21500000e-10  1.67075322e-03 
 8.22500000e-10  1.59476892e-03 
 8.23500000e-10  1.52155698e-03 
 8.24500000e-10  1.45508370e-03 
 8.25500000e-10  1.39084345e-03 
 8.26500000e-10  1.33255396e-03 
 8.27500000e-10  1.27604352e-03 
 8.28500000e-10  1.22479890e-03 
 8.29500000e-10  1.17495438e-03 
 8.30500000e-10  1.12978133e-03 
 8.31500000e-10  1.08569362e-03 
 8.32500000e-10  1.04576161e-03 
 8.33500000e-10  1.00665432e-03 
 8.34500000e-10  9.71254659e-04 
 8.35500000e-10  9.36464439e-04 
 8.36500000e-10  9.04991916e-04 
 8.37500000e-10  8.73951350e-04 
 8.38500000e-10  8.45888511e-04 
 8.39500000e-10  8.18111589e-04 
 8.40500000e-10  7.93015361e-04 
 8.41500000e-10  7.68085144e-04 
 8.42500000e-10  7.45575552e-04 
 8.43500000e-10  7.23133769e-04 
 8.44500000e-10  7.02884425e-04 
 8.45500000e-10  6.82622700e-04 
 8.46500000e-10  6.64352779e-04 
 8.47500000e-10  6.46005230e-04 
 8.48500000e-10  6.29472715e-04 
 8.49500000e-10  6.12809705e-04 
 8.50500000e-10  5.97805667e-04 
 8.51500000e-10  5.82628519e-04 
 8.52500000e-10  5.68972297e-04 
 8.53500000e-10  5.55108823e-04 
 8.54500000e-10  5.42643927e-04 
 8.55500000e-10  5.29944630e-04 
 8.56500000e-10  5.18535276e-04 
 8.57500000e-10  5.06870133e-04 
 8.58500000e-10  4.96398299e-04 
 8.59500000e-10  4.85654014e-04 
 8.60500000e-10  4.76016931e-04 
 8.61500000e-10  4.66094608e-04 
 8.62500000e-10  4.57202631e-04 
 8.63500000e-10  4.48015779e-04 
 8.64500000e-10  4.39790563e-04 
 8.65500000e-10  4.31263399e-04 
 8.66500000e-10  4.23636348e-04 
 8.67500000e-10  4.15702339e-04 
 8.68500000e-10  4.08613279e-04 
 8.69500000e-10  4.01213905e-04 
 8.70500000e-10  3.94609944e-04 
 8.71500000e-10  3.87693623e-04 
 8.72500000e-10  3.81528178e-04 
 8.73500000e-10  3.75049359e-04 
 8.74500000e-10  3.69281321e-04 
 8.75500000e-10  3.63199689e-04 
 8.76500000e-10  3.57792705e-04 
 8.77500000e-10  3.52072509e-04 
 8.78500000e-10  3.46994363e-04 
 8.79500000e-10  3.41603834e-04 
 8.80500000e-10  3.36825914e-04 
 8.81500000e-10  3.31736758e-04 
 8.82500000e-10  3.27233602e-04 
 8.83500000e-10  3.22420567e-04 
 8.84500000e-10  3.18169465e-04 
 8.85500000e-10  3.13609967e-04 
 8.86500000e-10  3.09590617e-04 
 8.87500000e-10  3.05264415e-04 
 8.88500000e-10  3.01458630e-04 
 8.89500000e-10  2.97347541e-04 
 8.90500000e-10  2.93738992e-04 
 8.91500000e-10  2.89826650e-04 
 8.92500000e-10  2.86400641e-04 
 8.93500000e-10  2.82672282e-04 
 8.94500000e-10  2.79415562e-04 
 8.95500000e-10  2.75857840e-04 
 8.96500000e-10  2.72758431e-04 
 8.97500000e-10  2.69359255e-04 
 8.98500000e-10  2.66406307e-04 
 8.99500000e-10  2.63154701e-04 
 9.00500000e-10  2.60338365e-04 
 9.01500000e-10  2.57224347e-04 
 9.02500000e-10  2.54535661e-04 
 9.03500000e-10  2.51550130e-04 
 9.04500000e-10  2.48980925e-04 
 9.05500000e-10  2.46115573e-04 
 9.06500000e-10  2.43658384e-04 
 9.07500000e-10  2.40905606e-04 
 9.08500000e-10  2.38553602e-04 
 9.09500000e-10  2.35906427e-04 
 9.10500000e-10  2.33653338e-04 
 9.11500000e-10  2.31105366e-04 
 9.12500000e-10  2.28945432e-04 
 9.13500000e-10  2.26490771e-04 
 9.14500000e-10  2.24418686e-04 
 9.15500000e-10  2.22051908e-04 
 9.16500000e-10  2.20062778e-04 
 9.17500000e-10  2.17778872e-04 
 9.18500000e-10  2.15868173e-04 
 9.19500000e-10  2.13662503e-04 
 9.20500000e-10  2.11826046e-04 
 9.21500000e-10  2.09694320e-04 
 9.22500000e-10  2.07928220e-04 
 9.23500000e-10  2.05866457e-04 
 9.24500000e-10  2.04167106e-04 
 9.25500000e-10  2.02171606e-04 
 9.26500000e-10  2.00535646e-04 
 9.27500000e-10  1.98602969e-04 
 9.28500000e-10  1.97027270e-04 
 9.29500000e-10  1.95154210e-04 
 9.30500000e-10  1.93635852e-04 
 9.31500000e-10  1.91819420e-04 
 9.32500000e-10  1.90355673e-04 
 9.33500000e-10  1.88593076e-04 
 9.34500000e-10  1.87181386e-04 
 9.35500000e-10  1.85470012e-04 
 9.36500000e-10  1.84107985e-04 
 9.37500000e-10  1.82445390e-04 
 9.38500000e-10  1.81130781e-04 
 9.39500000e-10  1.79514674e-04 
 9.40500000e-10  1.78245371e-04 
 9.41500000e-10  1.76673601e-04 
 9.42500000e-10  1.75447622e-04 
 9.43500000e-10  1.73918170e-04 
 9.44500000e-10  1.72733645e-04 
 9.45500000e-10  1.71244613e-04 
 9.46500000e-10  1.70099781e-04 
 9.47500000e-10  1.68649382e-04 
 9.48500000e-10  1.67542581e-04 
 9.49500000e-10  1.66129131e-04 
 9.50000000e-10  1.65673055e-04 
 9.50100000e-10  1.65468402e-04 
 9.50300000e-10  1.65222678e-04 
 9.50700000e-10  1.64732943e-04 
 9.51500000e-10  1.63762185e-04 
 9.52500000e-10  1.62563894e-04 
 9.53500000e-10  1.61382732e-04 
 9.54500000e-10  1.60217777e-04 
 9.55500000e-10  1.59069297e-04 
 9.56500000e-10  1.57936334e-04 
 9.57500000e-10  1.56819223e-04 
 9.58500000e-10  1.55716976e-04 
 9.59500000e-10  1.54629987e-04 
 9.60500000e-10  1.53557245e-04 
 9.61500000e-10  1.52499196e-04 
 9.62500000e-10  1.51454810e-04 
 9.63500000e-10  1.50424579e-04 
 9.64500000e-10  1.49407459e-04 
 9.65500000e-10  1.48403981e-04 
 9.66500000e-10  1.47413092e-04 
 9.67500000e-10  1.46435355e-04 
 9.68500000e-10  1.45469713e-04 
 9.69500000e-10  1.44516755e-04 
 9.70500000e-10  1.43575425e-04 
 9.71500000e-10  1.42646332e-04 
 9.72500000e-10  1.41728423e-04 
 9.73500000e-10  1.40822325e-04 
 9.74500000e-10  1.39926990e-04 
 9.75500000e-10  1.39043057e-04 
 9.76500000e-10  1.38169489e-04 
 9.77500000e-10  1.37306930e-04 
 9.78500000e-10  1.36454360e-04 
 9.79500000e-10  1.35612424e-04 
 9.80500000e-10  1.34780116e-04 
 9.81500000e-10  1.33958083e-04 
 9.82500000e-10  1.33145338e-04 
 9.83500000e-10  1.32342522e-04 
 9.84500000e-10  1.31548669e-04 
 9.85500000e-10  1.30764415e-04 
 9.86500000e-10  1.29988817e-04 
 9.87500000e-10  1.29222499e-04 
 9.88500000e-10  1.28464543e-04 
 9.89500000e-10  1.27715563e-04 
 9.90500000e-10  1.26974666e-04 
 9.91500000e-10  1.26242450e-04 
 9.92500000e-10  1.25518052e-04 
 9.93500000e-10  1.24802056e-04 
 9.94500000e-10  1.24093622e-04 
 9.95500000e-10  1.23393318e-04 
 9.96500000e-10  1.22700336e-04 
 9.97500000e-10  1.22015224e-04 
 9.98500000e-10  1.21337203e-04 
 9.99500000e-10  1.20666802e-04 
 1.00000000e-09  1.20334066e-04 
 1.00010000e-09  1.20267783e-04 
 1.00030000e-09  1.20135429e-04 
 1.00070000e-09  1.19871510e-04 
 1.00150000e-09  1.19347041e-04 
 1.00250000e-09  1.18697710e-04 
 1.00350000e-09  1.18055223e-04 
 1.00450000e-09  1.17419483e-04 
 1.00550000e-09  1.16790381e-04 
 1.00650000e-09  1.16167820e-04 
 1.00750000e-09  1.15551697e-04 
 1.00850000e-09  1.14941918e-04 
 1.00950000e-09  1.14338386e-04 
 1.01050000e-09  1.13741005e-04 
 1.01150000e-09  1.13149687e-04 
 1.01250000e-09  1.12564337e-04 
 1.01350000e-09  1.11984873e-04 
 1.01450000e-09  1.11411200e-04 
 1.01550000e-09  1.10843242e-04 
 1.01650000e-09  1.10280905e-04 
 1.01750000e-09  1.09724119e-04 
 1.01850000e-09  1.09172791e-04 
 1.01950000e-09  1.08626856e-04 
 1.02050000e-09  1.08086222e-04 
 1.02150000e-09  1.07550828e-04 
 1.02250000e-09  1.07020584e-04 
 1.02350000e-09  1.06495434e-04 
 1.02450000e-09  1.05975290e-04 
 1.02550000e-09  1.05460100e-04 
 1.02650000e-09  1.04949775e-04 
 1.02750000e-09  1.04444266e-04 
 1.02850000e-09  1.03943486e-04 
 1.02950000e-09  1.03447390e-04 
 1.03050000e-09  1.02955892e-04 
 1.03150000e-09  1.02468951e-04 
 1.03250000e-09  1.01986483e-04 
 1.03350000e-09  1.01508452e-04 
 1.03450000e-09  1.01034772e-04 
 1.03550000e-09  1.00565410e-04 
 1.03650000e-09  1.00100285e-04 
 1.03750000e-09  9.96393626e-05 
 1.03850000e-09  9.91825646e-05 
 1.03950000e-09  9.87298596e-05 
 1.04050000e-09  9.82811707e-05 
 1.04150000e-09  9.78364683e-05 
 1.04250000e-09  9.73956777e-05 
 1.04350000e-09  9.69587706e-05 
 1.04450000e-09  9.65256741e-05 
 1.04550000e-09  9.60963617e-05 
 1.04650000e-09  9.56707625e-05 
 1.04750000e-09  9.52488513e-05 
 1.04850000e-09  9.48305592e-05 
 1.04950000e-09  9.44158621e-05 
 1.05000000e-09  9.42098332e-05 
 1.05010000e-09  9.41686968e-05 
 1.05030000e-09  9.40866234e-05 
 1.05070000e-09  9.39228714e-05 
 1.05150000e-09  9.35970172e-05 
 1.05250000e-09  9.31928124e-05 
 1.05350000e-09  9.27919987e-05 
 1.05450000e-09  9.23945611e-05 
 1.05550000e-09  9.20004334e-05 
 1.05650000e-09  9.16095998e-05 
 1.05750000e-09  9.12219963e-05 
 1.05850000e-09  9.08376061e-05 
 1.05950000e-09  9.04563689e-05 
 1.06050000e-09  9.00782666e-05 
 1.06150000e-09  8.97032422e-05 
 1.06250000e-09  8.93312769e-05 
 1.06350000e-09  8.89623170e-05 
 1.06450000e-09  8.85963421e-05 
 1.06550000e-09  8.82333023e-05 
 1.06650000e-09  8.78731762e-05 
 1.06750000e-09  8.75159170e-05 
 1.06850000e-09  8.71615022e-05 
 1.06950000e-09  8.68098881e-05 
 1.07050000e-09  8.64610516e-05 
 1.07150000e-09  8.61149515e-05 
 1.07250000e-09  8.57715642e-05 
 1.07350000e-09  8.54308510e-05 
 1.07450000e-09  8.50927877e-05 
 1.07550000e-09  8.47573378e-05 
 1.07650000e-09  8.44244771e-05 
 1.07750000e-09  8.40941711e-05 
 1.07850000e-09  8.37663952e-05 
 1.07950000e-09  8.34411169e-05 
 1.08050000e-09  8.31183117e-05 
 1.08150000e-09  8.27979484e-05 
 1.08250000e-09  8.24800029e-05 
 1.08350000e-09  8.21644454e-05 
 1.08450000e-09  8.18512518e-05 
 1.08550000e-09  8.15403939e-05 
 1.08650000e-09  8.12318477e-05 
 1.08750000e-09  8.09255864e-05 
 1.08850000e-09  8.06215861e-05 
 1.08950000e-09  8.03198211e-05 
 1.09050000e-09  8.00202682e-05 
 1.09150000e-09  7.97229025e-05 
 1.09250000e-09  7.94277010e-05 
 1.09350000e-09  7.91346398e-05 
 1.09450000e-09  7.88436968e-05 
 1.09550000e-09  7.85548488e-05 
 1.09650000e-09  7.82680735e-05 
 1.09750000e-09  7.79833489e-05 
 1.09850000e-09  7.77006535e-05 
 1.09950000e-09  7.74199660e-05 
 1.10050000e-09  7.71412649e-05 
 1.10150000e-09  7.68645297e-05 
 1.10250000e-09  7.65897398e-05 
 1.10350000e-09  7.63168754e-05 
 1.10450000e-09  7.60459158e-05 
 1.10550000e-09  7.57768419e-05 
 1.10650000e-09  7.55096339e-05 
 1.10750000e-09  7.52442731e-05 
 1.10850000e-09  7.49807400e-05 
 1.10950000e-09  7.47190165e-05 
 1.11050000e-09  7.44590839e-05 
 1.11150000e-09  7.42009244e-05 
 1.11250000e-09  7.39445195e-05 
 1.11350000e-09  7.36898523e-05 
 1.11450000e-09  7.34369047e-05 
 1.11550000e-09  7.31856602e-05 
 1.11650000e-09  7.29361010e-05 
 1.11750000e-09  7.26882112e-05 
 1.11850000e-09  7.24419735e-05 
 1.11950000e-09  7.21973723e-05 
 1.12050000e-09  7.19543909e-05 
 1.12150000e-09  7.17130140e-05 
 1.12250000e-09  7.14732252e-05 
 1.12350000e-09  7.12350099e-05 
 1.12450000e-09  7.09983519e-05 
 1.12550000e-09  7.07632371e-05 
 1.12650000e-09  7.05296495e-05 
 1.12750000e-09  7.02975753e-05 
 1.12850000e-09  7.00669994e-05 
 1.12950000e-09  6.98379080e-05 
 1.13050000e-09  6.96102861e-05 
 1.13150000e-09  6.93841208e-05 
 1.13250000e-09  6.91593974e-05 
 1.13350000e-09  6.89361031e-05 
 1.13450000e-09  6.87142238e-05 
 1.13550000e-09  6.84937465e-05 
 1.13650000e-09  6.82746576e-05 
 1.13750000e-09  6.80569449e-05 
 1.13850000e-09  6.78405948e-05 
 1.13950000e-09  6.76255955e-05 
 1.14050000e-09  6.74119337e-05 
 1.14150000e-09  6.71995979e-05 
 1.14250000e-09  6.69885749e-05 
 1.14350000e-09  6.67788537e-05 
 1.14450000e-09  6.65704215e-05 
 1.14550000e-09  6.63632673e-05 
 1.14650000e-09  6.61573788e-05 
 1.14750000e-09  6.59527452e-05 
 1.14850000e-09  6.57493545e-05 
 1.14950000e-09  6.55471963e-05 
 1.15050000e-09  6.53462586e-05 
 1.15150000e-09  6.51465312e-05 
 1.15250000e-09  6.49480027e-05 
 1.15350000e-09  6.47506632e-05 
 1.15450000e-09  6.45545014e-05 
 1.15550000e-09  6.43595075e-05 
 1.15650000e-09  6.41656704e-05 
 1.15750000e-09  6.39729807e-05 
 1.15850000e-09  6.37814276e-05 
 1.15950000e-09  6.35910020e-05 
 1.16050000e-09  6.34016934e-05 
 1.16150000e-09  6.32134924e-05 
 1.16250000e-09  6.30263890e-05 
 1.16350000e-09  6.28403743e-05 
 1.16450000e-09  6.26554385e-05 
 1.16550000e-09  6.24715726e-05 
 1.16650000e-09  6.22887668e-05 
 1.16750000e-09  6.21070129e-05 
 1.16850000e-09  6.19263010e-05 
 1.16950000e-09  6.17466230e-05 
 1.17050000e-09  6.15679695e-05 
 1.17150000e-09  6.13903325e-05 
 1.17250000e-09  6.12137027e-05 
 1.17350000e-09  6.10380722e-05 
 1.17450000e-09  6.08634321e-05 
 1.17550000e-09  6.06897747e-05 
 1.17650000e-09  6.05170912e-05 
 1.17750000e-09  6.03453740e-05 
 1.17850000e-09  6.01746148e-05 
 1.17950000e-09  6.00048061e-05 
 1.18050000e-09  5.98359392e-05 
 1.18150000e-09  5.96680072e-05 
 1.18250000e-09  5.95010015e-05 
 1.18350000e-09  5.93349154e-05 
 1.18450000e-09  5.91697408e-05 
 1.18550000e-09  5.90054708e-05 
 1.18650000e-09  5.88420974e-05 
 1.18750000e-09  5.86796139e-05 
 1.18850000e-09  5.85180126e-05 
 1.18950000e-09  5.83572871e-05 
 1.19050000e-09  5.81974295e-05 
 1.19150000e-09  5.80384335e-05 
 1.19250000e-09  5.78802916e-05 
 1.19350000e-09  5.77229976e-05 
 1.19450000e-09  5.75665441e-05 
 1.19550000e-09  5.74109251e-05 
 1.19650000e-09  5.72561335e-05 
 1.19750000e-09  5.71021632e-05 
 1.19850000e-09  5.69490072e-05 
 1.19950000e-09  5.67966598e-05 
 1.20000000e-09  5.67207863e-05 
 1.20010000e-09  5.44673345e-04 
 1.20030000e-09  1.16861331e-03 
 1.20070000e-09  1.89879339e-03 
 1.20150000e-09  2.94134511e-03 
 1.20250000e-09  3.54113115e-03 
 1.20350000e-09  3.78990546e-03 
 1.20450000e-09  3.75967281e-03 
 1.20550000e-09  3.66965876e-03 
 1.20650000e-09  3.48437140e-03 
 1.20750000e-09  3.32774359e-03 
 1.20850000e-09  3.13747609e-03 
 1.20950000e-09  2.99610899e-03 
 1.21050000e-09  2.84068896e-03 
 1.21150000e-09  2.73269228e-03 
 1.21250000e-09  2.61615005e-03 
 1.21350000e-09  2.53970739e-03 
 1.21450000e-09  2.45542583e-03 
 1.21550000e-09  2.40319705e-03 
 1.21650000e-09  2.34296042e-03 
 1.21750000e-09  2.30835002e-03 
 1.21850000e-09  2.26650498e-03 
 1.21950000e-09  2.24675110e-03 
 1.22050000e-09  2.22288526e-03 
 1.22150000e-09  2.22129176e-03 
 1.22250000e-09  2.22156782e-03 
 1.22350000e-09  2.24773154e-03 
 1.22450000e-09  2.28375836e-03 
 1.22550000e-09  2.35100058e-03 
 1.22650000e-09  2.43620012e-03 
 1.22750000e-09  2.55691473e-03 
 1.22850000e-09  2.69903211e-03 
 1.22950000e-09  2.87239140e-03 
 1.23050000e-09  3.05965985e-03 
 1.23150000e-09  3.26725028e-03 
 1.23250000e-09  3.48070747e-03 
 1.23350000e-09  3.70775294e-03 
 1.23450000e-09  3.93632133e-03 
 1.23550000e-09  4.16927723e-03 
 1.23650000e-09  4.38653397e-03 
 1.23750000e-09  4.57892335e-03 
 1.23850000e-09  4.72279249e-03 
 1.23950000e-09  4.81677765e-03 
 1.24050000e-09  4.86055632e-03 
 1.24150000e-09  4.88352988e-03 
 1.24250000e-09  4.91378286e-03 
 1.24350000e-09  4.99647281e-03 
 1.24450000e-09  5.16444599e-03 
 1.24550000e-09  5.45446599e-03 
 1.24650000e-09  5.88033060e-03 
 1.24750000e-09  6.44850409e-03 
 1.24850000e-09  7.13801326e-03 
 1.24950000e-09  7.92206290e-03 
 1.25000000e-09  8.33536989e-03 
 1.25010000e-09  8.59445672e-03 
 1.25030000e-09  8.82915100e-03 
 1.25070000e-09  9.20674836e-03 
 1.25150000e-09  1.00710871e-02 
 1.25250000e-09  1.08878501e-02 
 1.25350000e-09  1.16903908e-02 
 1.25450000e-09  1.23782374e-02 
 1.25550000e-09  1.30965583e-02 
 1.25650000e-09  1.37309164e-02 
 1.25750000e-09  1.43803905e-02 
 1.25850000e-09  1.49503219e-02 
 1.25950000e-09  1.55187138e-02 
 1.26050000e-09  1.60131267e-02 
 1.26150000e-09  1.64989350e-02 
 1.26250000e-09  1.69176007e-02 
 1.26350000e-09  1.73261930e-02 
 1.26450000e-09  1.76793121e-02 
 1.26550000e-09  1.80234740e-02 
 1.26650000e-09  1.83226294e-02 
 1.26750000e-09  1.86145302e-02 
 1.26850000e-09  1.88744249e-02 
 1.26950000e-09  1.91302985e-02 
 1.27050000e-09  1.93563190e-02 
 1.27150000e-09  1.95804663e-02 
 1.27250000e-09  1.97839024e-02 
 1.27350000e-09  1.99881489e-02 
 1.27450000e-09  2.01770078e-02 
 1.27550000e-09  2.03680524e-02 
 1.27650000e-09  2.05477423e-02 
 1.27750000e-09  2.07305812e-02 
 1.27850000e-09  2.09052464e-02 
 1.27950000e-09  2.10837773e-02 
 1.28050000e-09  2.12566630e-02 
 1.28150000e-09  2.14339527e-02 
 1.28250000e-09  2.16076178e-02 
 1.28350000e-09  2.17860963e-02 
 1.28450000e-09  2.19625794e-02 
 1.28550000e-09  2.21441965e-02 
 1.28650000e-09  2.23251486e-02 
 1.28750000e-09  2.25114988e-02 
 1.28850000e-09  2.26982887e-02 
 1.28950000e-09  2.28907091e-02 
 1.29050000e-09  2.30845054e-02 
 1.29150000e-09  2.32841519e-02 
 1.29250000e-09  2.34859861e-02 
 1.29350000e-09  2.36938915e-02 
 1.29450000e-09  2.39047066e-02 
 1.29550000e-09  2.41218259e-02 
 1.29650000e-09  2.43425140e-02 
 1.29750000e-09  2.45697591e-02 
 1.29850000e-09  2.48011905e-02 
 1.29950000e-09  2.50394577e-02 
 1.30050000e-09  2.52825040e-02 
 1.30150000e-09  2.55326964e-02 
 1.30250000e-09  2.57882495e-02 
 1.30350000e-09  2.60512945e-02 
 1.30450000e-09  2.63202829e-02 
 1.30550000e-09  2.65971487e-02 
 1.30650000e-09  2.68805517e-02 
 1.30750000e-09  2.71722618e-02 
 1.30850000e-09  2.74711234e-02 
 1.30950000e-09  2.77787707e-02 
 1.31050000e-09  2.80942136e-02 
 1.31150000e-09  2.84189753e-02 
 1.31250000e-09  2.87522165e-02 
 1.31350000e-09  2.90953713e-02 
 1.31450000e-09  2.94477397e-02 
 1.31550000e-09  2.98106868e-02 
 1.31650000e-09  3.01836439e-02 
 1.31750000e-09  3.05679263e-02 
 1.31850000e-09  3.09630913e-02 
 1.31950000e-09  3.13704226e-02 
 1.32050000e-09  3.17896011e-02 
 1.32150000e-09  3.22218966e-02 
 1.32250000e-09  3.26671133e-02 
 1.32350000e-09  3.31265232e-02 
 1.32450000e-09  3.36000533e-02 
 1.32550000e-09  3.40889881e-02 
 1.32650000e-09  3.45933619e-02 
 1.32750000e-09  3.51144393e-02 
 1.32850000e-09  3.56522413e-02 
 1.32950000e-09  3.62077287e-02 
 1.33050000e-09  3.67802391e-02 
 1.33150000e-09  3.73690687e-02 
 1.33250000e-09  3.79704373e-02 
 1.33350000e-09  3.85784828e-02 
 1.33450000e-09  3.91826000e-02 
 1.33550000e-09  3.97697492e-02 
 1.33650000e-09  4.03243181e-02 
 1.33750000e-09  4.08325279e-02 
 1.33850000e-09  4.12828809e-02 
 1.33950000e-09  4.16689725e-02 
 1.34050000e-09  4.19876607e-02 
 1.34150000e-09  4.22399370e-02 
 1.34250000e-09  4.24283118e-02 
 1.34350000e-09  4.25575286e-02 
 1.34450000e-09  4.26323316e-02 
 1.34550000e-09  4.26585202e-02 
 1.34650000e-09  4.26411690e-02 
 1.34750000e-09  4.25859157e-02 
 1.34850000e-09  4.24974655e-02 
 1.34950000e-09  4.23809612e-02 
 1.35050000e-09  4.22406438e-02 
 1.35150000e-09  4.20812169e-02 
 1.35250000e-09  4.19065954e-02 
 1.35350000e-09  4.17212241e-02 
 1.35450000e-09  4.15288808e-02 
 1.35550000e-09  4.13339331e-02 
 1.35650000e-09  4.11401761e-02 
 1.35750000e-09  4.09520152e-02 
 1.35850000e-09  4.07733191e-02 
 1.35950000e-09  4.06085112e-02 
 1.36050000e-09  4.04614057e-02 
 1.36150000e-09  4.03361734e-02 
 1.36250000e-09  4.02361138e-02 
 1.36350000e-09  4.01644545e-02 
 1.36450000e-09  4.01230295e-02 
 1.36550000e-09  4.01129234e-02 
 1.36650000e-09  4.01331139e-02 
 1.36750000e-09  4.01810992e-02 
 1.36850000e-09  4.02516932e-02 
 1.36950000e-09  4.03378603e-02 
 1.37050000e-09  4.04299248e-02 
 1.37150000e-09  4.05168520e-02 
 1.37250000e-09  4.05859897e-02 
 1.37350000e-09  4.06247572e-02 
 1.37450000e-09  4.06206656e-02 
 1.37550000e-09  4.05630158e-02 
 1.37650000e-09  4.04427599e-02 
 1.37750000e-09  4.02538646e-02 
 1.37850000e-09  3.99928065e-02 
 1.37950000e-09  3.96595582e-02 
 1.38050000e-09  3.92567620e-02 
 1.38150000e-09  3.87904271e-02 
 1.38250000e-09  3.82688995e-02 
 1.38350000e-09  3.77034106e-02 
 1.38450000e-09  3.71069606e-02 
 1.38550000e-09  3.64948194e-02 
 1.38650000e-09  3.58833809e-02 
 1.38750000e-09  3.52905954e-02 
 1.38850000e-09  3.47346464e-02 
 1.38950000e-09  3.42340876e-02 
 1.39050000e-09  3.38061116e-02 
 1.39150000e-09  3.34662613e-02 
 1.39250000e-09  3.32264358e-02 
 1.39350000e-09  3.30947405e-02 
 1.39450000e-09  3.30740804e-02 
 1.39550000e-09  3.31633245e-02 
 1.39650000e-09  3.33571246e-02 
 1.39750000e-09  3.36475518e-02 
 1.39850000e-09  3.40242858e-02 
 1.39950000e-09  3.44760878e-02 
 1.40050000e-09  3.49904647e-02 
 1.40150000e-09  3.55548408e-02 
 1.40250000e-09  3.61561291e-02 
 1.40350000e-09  3.67818908e-02 
 1.40450000e-09  3.74199753e-02 
 1.40550000e-09  3.80595930e-02 
 1.40650000e-09  3.86907618e-02 
 1.40750000e-09  3.93051344e-02 
 1.40850000e-09  3.98952526e-02 
 1.40950000e-09  4.04552112e-02 
 1.41050000e-09  4.09798379e-02 
 1.41150000e-09  4.14652987e-02 
 1.41250000e-09  4.19082793e-02 
 1.41350000e-09  4.23065814e-02 
 1.41450000e-09  4.26583319e-02 
 1.41550000e-09  4.29625840e-02 
 1.41650000e-09  4.32185596e-02 
 1.41750000e-09  4.34262542e-02 
 1.41850000e-09  4.35857100e-02 
 1.41950000e-09  4.36976228e-02 
 1.42050000e-09  4.37626402e-02 
 1.42150000e-09  4.37819681e-02 
 1.42250000e-09  4.37566908e-02 
 1.42350000e-09  4.36883743e-02 
 1.42450000e-09  4.35784059e-02 
 1.42550000e-09  4.34285931e-02 
 1.42650000e-09  4.32405197e-02 
 1.42750000e-09  4.30161402e-02 
 1.42850000e-09  4.27571506e-02 
 1.42950000e-09  4.24655777e-02 
 1.43050000e-09  4.21431632e-02 
 1.43150000e-09  4.17919472e-02 
 1.43250000e-09  4.14136652e-02 
 1.43350000e-09  4.10103257e-02 
 1.43450000e-09  4.05836182e-02 
 1.43550000e-09  4.01354854e-02 
 1.43650000e-09  3.96675413e-02 
 1.43750000e-09  3.91816378e-02 
 1.43850000e-09  3.86792925e-02 
 1.43950000e-09  3.81622492e-02 
 1.44050000e-09  3.76319149e-02 
 1.44150000e-09  3.70899144e-02 
 1.44250000e-09  3.65375353e-02 
 1.44350000e-09  3.59762775e-02 
 1.44450000e-09  3.54073055e-02 
 1.44550000e-09  3.48319920e-02 
 1.44650000e-09  3.42513778e-02 
 1.44750000e-09  3.36667098e-02 
 1.44850000e-09  3.30789393e-02 
 1.44950000e-09  3.24892390e-02 
 1.45000000e-09  3.21938061e-02 
 1.45010000e-09  3.21347137e-02 
 1.45030000e-09  3.20164904e-02 
 1.45070000e-09  3.17799915e-02 
 1.45150000e-09  3.13070259e-02 
 1.45250000e-09  3.07163733e-02 
 1.45350000e-09  3.01270297e-02 
 1.45450000e-09  2.95397088e-02 
 1.45550000e-09  2.89550802e-02 
 1.45650000e-09  2.83737586e-02 
 1.45750000e-09  2.77963177e-02 
 1.45850000e-09  2.72232809e-02 
 1.45950000e-09  2.66551340e-02 
 1.46050000e-09  2.60923171e-02 
 1.46150000e-09  2.55352359e-02 
 1.46250000e-09  2.49842550e-02 
 1.46350000e-09  2.44397078e-02 
 1.46450000e-09  2.39018908e-02 
 1.46550000e-09  2.33710724e-02 
 1.46650000e-09  2.28474882e-02 
 1.46750000e-09  2.23313487e-02 
 1.46850000e-09  2.18228352e-02 
 1.46950000e-09  2.13221068e-02 
 1.47050000e-09  2.08292970e-02 
 1.47150000e-09  2.03445194e-02 
 1.47250000e-09  1.98678655e-02 
 1.47350000e-09  1.93994092e-02 
 1.47450000e-09  1.89392050e-02 
 1.47550000e-09  1.84872926e-02 
 1.47650000e-09  1.80436944e-02 
 1.47750000e-09  1.76084202e-02 
 1.47850000e-09  1.71814651e-02 
 1.47950000e-09  1.67628133e-02 
 1.48050000e-09  1.63524361e-02 
 1.48150000e-09  1.59502963e-02 
 1.48250000e-09  1.55563452e-02 
 1.48350000e-09  1.51705272e-02 
 1.48450000e-09  1.47927770e-02 
 1.48550000e-09  1.44230236e-02 
 1.48650000e-09  1.40611881e-02 
 1.48750000e-09  1.37071868e-02 
 1.48850000e-09  1.33609295e-02 
 1.48950000e-09  1.30223224e-02 
 1.49050000e-09  1.26912662e-02 
 1.49150000e-09  1.23676592e-02 
 1.49250000e-09  1.20513949e-02 
 1.49350000e-09  1.17423655e-02 
 1.49450000e-09  1.14404591e-02 
 1.49550000e-09  1.11455632e-02 
 1.49650000e-09  1.08575622e-02 
 1.49750000e-09  1.05763403e-02 
 1.49850000e-09  1.03017795e-02 
 1.49950000e-09  1.00337619e-02 
 1.50000000e-09  9.90217307e-03 
 1.50010000e-09  9.87607859e-03 
 1.50030000e-09  9.82401682e-03 
 1.50070000e-09  9.72065086e-03 
 1.50150000e-09  9.51692246e-03 
 1.50250000e-09  9.26781777e-03 
 1.50350000e-09  9.02477897e-03 
 1.50450000e-09  8.78768677e-03 
 1.50550000e-09  8.55642258e-03 
 1.50650000e-09  8.33086812e-03 
 1.50750000e-09  8.11090608e-03 
 1.50850000e-09  7.89641977e-03 
 1.50950000e-09  7.68729366e-03 
 1.51050000e-09  7.48341438e-03 
 1.51150000e-09  7.28467523e-03 
 1.51250000e-09  7.09095277e-03 
 1.51350000e-09  6.90212946e-03 
 1.51450000e-09  6.71810832e-03 
 1.51550000e-09  6.53876991e-03 
 1.51650000e-09  6.36402212e-03 
 1.51750000e-09  6.19374673e-03 
 1.51850000e-09  6.02785522e-03 
 1.51950000e-09  5.86623204e-03 
 1.52050000e-09  5.70879170e-03 
 1.52150000e-09  5.55542210e-03 
 1.52250000e-09  5.40604055e-03 
 1.52350000e-09  5.26053884e-03 
 1.52450000e-09  5.11883695e-03 
 1.52550000e-09  4.98083081e-03 
 1.52650000e-09  4.84644303e-03 
 1.52750000e-09  4.71557376e-03 
 1.52850000e-09  4.58814823e-03 
 1.52950000e-09  4.46407084e-03 
 1.53050000e-09  4.34326944e-03 
 1.53150000e-09  4.22565263e-03 
 1.53250000e-09  4.11115087e-03 
 1.53350000e-09  3.99967688e-03 
 1.53450000e-09  3.89116373e-03 
 1.53550000e-09  3.78552817e-03 
 1.53650000e-09  3.68270584e-03 
 1.53750000e-09  3.58261742e-03 
 1.53850000e-09  3.48520108e-03 
 1.53950000e-09  3.39038127e-03 
 1.54050000e-09  3.29809871e-03 
 1.54150000e-09  3.20828149e-03 
 1.54250000e-09  3.12087278e-03 
 1.54350000e-09  3.03580419e-03 
 1.54450000e-09  2.95302133e-03 
 1.54550000e-09  2.87245914e-03 
 1.54650000e-09  2.79406562e-03 
 1.54750000e-09  2.71777894e-03 
 1.54850000e-09  2.64354939e-03 
 1.54950000e-09  2.57131823e-03 
 1.55000000e-09  2.53593992e-03 
 1.55010000e-09  2.52893105e-03 
 1.55030000e-09  2.51495256e-03 
 1.55070000e-09  2.48722404e-03 
 1.55150000e-09  2.43266788e-03 
 1.55250000e-09  2.36613121e-03 
 1.55350000e-09  2.30139346e-03 
 1.55450000e-09  2.23840744e-03 
 1.55550000e-09  2.17712672e-03 
 1.55650000e-09  2.11750643e-03 
 1.55750000e-09  2.05950244e-03 
 1.55850000e-09  2.00307208e-03 
 1.55950000e-09  1.94817341e-03 
 1.56050000e-09  1.89476591e-03 
 1.56150000e-09  1.84280971e-03 
 1.56250000e-09  1.79226633e-03 
 1.56350000e-09  1.74309791e-03 
 1.56450000e-09  1.69526791e-03 
 1.56550000e-09  1.64874038e-03 
 1.56650000e-09  1.60348062e-03 
 1.56750000e-09  1.55945453e-03 
 1.56850000e-09  1.51662916e-03 
 1.56950000e-09  1.47497215e-03 
 1.57050000e-09  1.43445225e-03 
 1.57150000e-09  1.39503875e-03 
 1.57250000e-09  1.35670199e-03 
 1.57350000e-09  1.31940862e-03 
 1.57450000e-09  1.28313536e-03 
 1.57550000e-09  1.24785460e-03 
 1.57650000e-09  1.21353987e-03 
 1.57750000e-09  1.18016467e-03 
 1.57850000e-09  1.14770394e-03 
 1.57950000e-09  1.11613244e-03 
 1.58050000e-09  1.08542647e-03 
 1.58150000e-09  1.05556208e-03 
 1.58250000e-09  1.02651683e-03 
 1.58350000e-09  9.98268049e-04 
 1.58450000e-09  9.70794456e-04 
 1.58550000e-09  9.44074602e-04 
 1.58650000e-09  9.18088316e-04 
 1.58750000e-09  8.92815304e-04 
 1.58850000e-09  8.68236442e-04 
 1.58950000e-09  8.44332535e-04 
 1.59050000e-09  8.21085451e-04 
 1.59150000e-09  7.98477033e-04 
 1.59250000e-09  7.76490091e-04 
 1.59350000e-09  7.55107452e-04 
 1.59450000e-09  7.34312824e-04 
 1.59550000e-09  7.14089959e-04 
 1.59650000e-09  6.94423418e-04 
 1.59750000e-09  6.75297831e-04 
 1.59850000e-09  6.56698570e-04 
 1.59950000e-09  6.38611093e-04 
 1.60050000e-09  6.21021542e-04 
 1.60150000e-09  6.03916159e-04 
 1.60250000e-09  5.87281818e-04 
 1.60350000e-09  5.71105503e-04 
 1.60450000e-09  5.55374781e-04 
 1.60550000e-09  5.40077338e-04 
 1.60650000e-09  5.25201401e-04 
 1.60750000e-09  5.10735319e-04 
 1.60850000e-09  4.96667945e-04 
 1.60950000e-09  4.82988255e-04 
 1.61050000e-09  4.69685696e-04 
 1.61150000e-09  4.56749839e-04 
 1.61250000e-09  4.44170694e-04 
 1.61350000e-09  4.31938393e-04 
 1.61450000e-09  4.20043479e-04 
 1.61550000e-09  4.08476617e-04 
 1.61650000e-09  3.97228857e-04 
 1.61750000e-09  3.86291366e-04 
 1.61850000e-09  3.75655675e-04 
 1.61950000e-09  3.65313426e-04 
 1.62050000e-09  3.55256605e-04 
 1.62150000e-09  3.45477307e-04 
 1.62250000e-09  3.35967945e-04 
 1.62350000e-09  3.26721042e-04 
 1.62450000e-09  3.17729421e-04 
 1.62550000e-09  3.08986008e-04 
 1.62650000e-09  3.00484011e-04 
 1.62750000e-09  2.92216739e-04 
 1.62850000e-09  2.84177766e-04 
 1.62950000e-09  2.76360763e-04 
 1.63050000e-09  2.68759650e-04 
 1.63150000e-09  2.61368442e-04 
 1.63250000e-09  2.54181385e-04 
 1.63350000e-09  2.47192819e-04 
 1.63450000e-09  2.40397302e-04 
 1.63550000e-09  2.33789477e-04 
 1.63650000e-09  2.27364199e-04 
 1.63750000e-09  2.21116401e-04 
 1.63850000e-09  2.15041215e-04 
 1.63950000e-09  2.09133850e-04 
 1.64050000e-09  2.03389700e-04 
 1.64150000e-09  1.97804235e-04 
 1.64250000e-09  1.92373099e-04 
 1.64350000e-09  1.87092005e-04 
 1.64450000e-09  1.81956835e-04 
 1.64550000e-09  1.76963536e-04 
 1.64650000e-09  1.72108210e-04 
 1.64750000e-09  1.67387026e-04 
 1.64850000e-09  1.62796297e-04 
 1.64950000e-09  1.58332400e-04 
 1.65050000e-09  1.53991850e-04 
 1.65150000e-09  1.49771217e-04 
 1.65250000e-09  1.45667208e-04 
 1.65350000e-09  1.41676579e-04 
 1.65450000e-09  1.37796215e-04 
 1.65550000e-09  1.34023050e-04 
 1.65650000e-09  1.30354136e-04 
 1.65750000e-09  1.26786575e-04 
 1.65850000e-09  1.23317580e-04 
 1.65950000e-09  1.19944410e-04 
 1.66050000e-09  1.16664429e-04 
 1.66150000e-09  1.13475045e-04 
 1.66250000e-09  1.10373766e-04 
 1.66350000e-09  1.07358143e-04 
 1.66450000e-09  1.04425817e-04 
 1.66550000e-09  1.01574471e-04 
 1.66650000e-09  9.88018783e-05 
 1.66750000e-09  9.61058464e-05 
 1.66850000e-09  9.34842690e-05 
 1.66950000e-09  9.09350743e-05 
 1.67050000e-09  8.84562700e-05 
 1.67150000e-09  8.60458975e-05 
 1.67250000e-09  8.37020733e-05 
 1.67350000e-09  8.14229452e-05 
 1.67450000e-09  7.92067321e-05 
 1.67550000e-09  7.70516829e-05 
 1.67650000e-09  7.49561143e-05 
 1.67750000e-09  7.29183705e-05 
 1.67850000e-09  7.09368592e-05 
 1.67950000e-09  6.90100155e-05 
 1.68050000e-09  6.71363337e-05 
 1.68150000e-09  6.53143342e-05 
 1.68250000e-09  6.35425936e-05 
 1.68350000e-09  6.18197134e-05 
 1.68450000e-09  6.01443477e-05 
 1.68550000e-09  5.85151740e-05 
 1.68650000e-09  5.69309199e-05 
 1.68750000e-09  5.53903355e-05 
 1.68850000e-09  5.38922178e-05 
 1.68950000e-09  5.24353846e-05 
 1.69050000e-09  5.10186987e-05 
 1.69150000e-09  4.96410427e-05 
 1.69250000e-09  4.83013416e-05 
 1.69350000e-09  4.69985391e-05 
 1.69450000e-09  4.57316188e-05 
 1.69550000e-09  4.44995815e-05 
 1.69650000e-09  4.33014666e-05 
 1.69750000e-09  4.21363298e-05 
 1.69850000e-09  4.10032626e-05 
 1.69950000e-09  3.99013727e-05 
 1.70000000e-09  3.93618771e-05 
 1.70010000e-09  4.23713440e-04 
 1.70030000e-09  8.62660425e-04 
 1.70070000e-09  1.42137256e-03 
 1.70150000e-09  2.56181396e-03 
 1.70250000e-09  3.70830112e-03 
 1.70350000e-09  4.76182633e-03 
 1.70450000e-09  5.62392992e-03 
 1.70550000e-09  6.43696783e-03 
 1.70650000e-09  7.11437614e-03 
 1.70750000e-09  7.76340035e-03 
 1.70850000e-09  8.31167551e-03 
 1.70950000e-09  8.84155166e-03 
 1.71050000e-09  9.29352120e-03 
 1.71150000e-09  9.73131327e-03 
 1.71250000e-09  1.01061098e-02 
 1.71350000e-09  1.04675163e-02 
 1.71450000e-09  1.07674324e-02 
 1.71550000e-09  1.10543670e-02 
 1.71650000e-09  1.12923356e-02 
 1.71750000e-09  1.15165112e-02 
 1.71850000e-09  1.17000375e-02 
 1.71950000e-09  1.18734582e-02 
 1.72050000e-09  1.20178101e-02 
 1.72150000e-09  1.21622501e-02 
 1.72250000e-09  1.22959245e-02 
 1.72350000e-09  1.24479324e-02 
 1.72450000e-09  1.26129223e-02 
 1.72550000e-09  1.28165901e-02 
 1.72650000e-09  1.30529206e-02 
 1.72750000e-09  1.33403534e-02 
 1.72850000e-09  1.36662327e-02 
 1.72950000e-09  1.40135961e-02 
 1.73050000e-09  1.43955007e-02 
 1.73150000e-09  1.48294698e-02 
 1.73250000e-09  1.53138940e-02 
 1.73350000e-09  1.58637698e-02 
 1.73450000e-09  1.64846292e-02 
 1.73550000e-09  1.71947591e-02 
 1.73650000e-09  1.80041225e-02 
 1.73750000e-09  1.89330771e-02 
 1.73850000e-09  1.99938556e-02 
 1.73950000e-09  2.12071022e-02 
 1.74050000e-09  2.25856080e-02 
 1.74150000e-09  2.41503170e-02 
 1.74250000e-09  2.59134444e-02 
 1.74350000e-09  2.79025698e-02 
 1.74450000e-09  3.01459392e-02 
 1.74550000e-09  3.26979535e-02 
 1.74650000e-09  3.56524296e-02 
 1.74750000e-09  3.91058763e-02 
 1.74850000e-09  4.31953720e-02 
 1.74950000e-09  4.81648836e-02 
 1.75000000e-09  5.10283721e-02 
 1.75010000e-09  5.18882876e-02 
 1.75030000e-09  5.33916200e-02 
 1.75070000e-09  5.63246281e-02 
 1.75150000e-09  6.25266249e-02 
 1.75250000e-09  7.07385840e-02 
 1.75350000e-09  7.94647639e-02 
 1.75450000e-09  8.82646547e-02 
 1.75550000e-09  9.66033554e-02 
 1.75650000e-09  1.03296824e-01 
 1.75750000e-09  1.07151268e-01 
 1.75850000e-09  1.07246359e-01 
 1.75950000e-09  1.03578387e-01 
 1.76050000e-09  9.65937928e-02 
 1.76150000e-09  8.74002653e-02 
 1.76250000e-09  7.66980788e-02 
 1.76350000e-09  6.49027831e-02 
 1.76450000e-09  5.29222624e-02 
 1.76550000e-09  4.10602782e-02 
 1.76650000e-09  2.98503363e-02 
 1.76750000e-09  1.94255128e-02 
 1.76850000e-09  1.00370553e-02 
 1.76950000e-09  1.69122256e-03 
 1.77050000e-09 -6.21304792e-03 
 1.77150000e-09 -1.31292912e-02 
 1.77250000e-09 -1.86033924e-02 
 1.77350000e-09 -2.28751235e-02 
 1.77450000e-09 -2.59860709e-02 
 1.77550000e-09 -2.81753639e-02 
 1.77650000e-09 -2.97545908e-02 
 1.77750000e-09 -3.11369357e-02 
 1.77850000e-09 -3.24918827e-02 
 1.77950000e-09 -3.38848520e-02 
 1.78050000e-09 -3.51301125e-02 
 1.78150000e-09 -3.58851973e-02 
 1.78250000e-09 -3.55758799e-02 
 1.78350000e-09 -3.37944404e-02 
 1.78450000e-09 -3.06519786e-02 
 1.78550000e-09 -2.64469554e-02 
 1.78650000e-09 -2.15984093e-02 
 1.78750000e-09 -1.66251932e-02 
 1.78850000e-09 -1.19330743e-02 
 1.78950000e-09 -7.78312437e-03 
 1.79050000e-09 -4.29356171e-03 
 1.79150000e-09 -1.50031318e-03 
 1.79250000e-09  5.94588445e-04 
 1.79350000e-09  2.03526343e-03 
 1.79450000e-09  3.09344173e-03 
 1.79550000e-09  3.85365467e-03 
 1.79650000e-09  4.35790717e-03 
 1.79750000e-09  4.65467154e-03 
 1.79850000e-09  4.79828341e-03 
 1.79950000e-09  4.82002487e-03 
 1.80050000e-09  4.76170161e-03 
 1.80150000e-09  4.63966248e-03 
 1.80250000e-09  4.48326079e-03 
 1.80350000e-09  4.29851528e-03 
 1.80450000e-09  4.10530322e-03 
 1.80550000e-09  3.90305606e-03 
 1.80650000e-09  3.70559226e-03 
 1.80750000e-09  3.50871061e-03 
 1.80850000e-09  3.32257359e-03 
 1.80950000e-09  3.14123218e-03 
 1.81050000e-09  2.97268510e-03 
 1.81150000e-09  2.81032961e-03 
 1.81250000e-09  2.66086438e-03 
 1.81350000e-09  2.51762229e-03 
 1.81450000e-09  2.38648061e-03 
 1.81550000e-09  2.26100161e-03 
 1.81650000e-09  2.14650006e-03 
 1.81750000e-09  2.03689829e-03 
 1.81850000e-09  1.93708809e-03 
 1.81950000e-09  1.84139683e-03 
 1.82050000e-09  1.75437035e-03 
 1.82150000e-09  1.67074324e-03 
 1.82250000e-09  1.59476059e-03 
 1.82350000e-09  1.52154649e-03 
 1.82450000e-09  1.45507461e-03 
 1.82550000e-09  1.39083260e-03 
 1.82650000e-09  1.33254426e-03 
 1.82750000e-09  1.27603241e-03 
 1.82850000e-09  1.22478872e-03 
 1.82950000e-09  1.17494308e-03 
 1.83050000e-09  1.12977076e-03 
 1.83150000e-09  1.08568221e-03 
 1.83250000e-09  1.04575075e-03 
 1.83350000e-09  1.00664285e-03 
 1.83450000e-09  9.71243567e-04 
 1.83550000e-09  9.36452938e-04 
 1.83650000e-09  9.04980648e-04 
 1.83750000e-09  8.73939855e-04 
 1.83850000e-09  8.45877116e-04 
 1.83950000e-09  8.18100125e-04 
 1.84050000e-09  7.93003877e-04 
 1.84150000e-09  7.68073732e-04 
 1.84250000e-09  7.45564014e-04 
 1.84350000e-09  7.23122425e-04 
 1.84450000e-09  7.02872860e-04 
 1.84550000e-09  6.82611437e-04 
 1.84650000e-09  6.64341213e-04 
 1.84750000e-09  6.45994059e-04 
 1.84850000e-09  6.29461168e-04 
 1.84950000e-09  6.12798634e-04 
 1.85050000e-09  5.97794157e-04 
 1.85150000e-09  5.82617556e-04 
 1.85250000e-09  5.68960839e-04 
 1.85350000e-09  5.55097971e-04 
 1.85450000e-09  5.42632534e-04 
 1.85550000e-09  5.29933895e-04 
 1.85650000e-09  5.18523961e-04 
 1.85750000e-09  5.06859518e-04 
 1.85850000e-09  4.96387070e-04 
 1.85950000e-09  4.85643522e-04 
 1.86050000e-09  4.76005798e-04 
 1.86150000e-09  4.66084241e-04 
 1.86250000e-09  4.57191601e-04 
 1.86350000e-09  4.48005538e-04 
 1.86450000e-09  4.39779642e-04 
 1.86550000e-09  4.31253284e-04 
 1.86650000e-09  4.23625541e-04 
 1.86750000e-09  4.15692353e-04 
 1.86850000e-09  4.08602591e-04 
 1.86950000e-09  4.01204046e-04 
 1.87050000e-09  3.94599378e-04 
 1.87150000e-09  3.87683892e-04 
 1.87250000e-09  3.81517739e-04 
 1.87350000e-09  3.75039755e-04 
 1.87450000e-09  3.69271010e-04 
 1.87550000e-09  3.63190212e-04 
 1.87650000e-09  3.57782524e-04 
 1.87750000e-09  3.52063160e-04 
 1.87850000e-09  3.46984315e-04 
 1.87950000e-09  3.41594610e-04 
 1.88050000e-09  3.36816000e-04 
 1.88150000e-09  3.31727659e-04 
 1.88250000e-09  3.27223823e-04 
 1.88350000e-09  3.22411593e-04 
 1.88450000e-09  3.18159821e-04 
 1.88550000e-09  3.13601117e-04 
 1.88650000e-09  3.09581109e-04 
 1.88750000e-09  3.05255687e-04 
 1.88850000e-09  3.01449257e-04 
 1.88950000e-09  2.97338933e-04 
 1.89050000e-09  2.93729755e-04 
 1.89150000e-09  2.89818162e-04 
 1.89250000e-09  2.86391540e-04 
 1.89350000e-09  2.82663913e-04 
 1.89450000e-09  2.79406596e-04 
 1.89550000e-09  2.75849588e-04 
 1.89650000e-09  2.72749599e-04 
 1.89750000e-09  2.69351119e-04 
 1.89850000e-09  2.66397609e-04 
 1.89950000e-09  2.63146680e-04 
 1.90050000e-09  2.60329800e-04 
 1.90150000e-09  2.57216439e-04 
 1.90250000e-09  2.54527228e-04 
 1.90350000e-09  2.51542335e-04 
 1.90450000e-09  2.48972623e-04 
 1.90550000e-09  2.46107888e-04 
 1.90650000e-09  2.43650212e-04 
 1.90750000e-09  2.40898031e-04 
 1.90850000e-09  2.38545558e-04 
 1.90950000e-09  2.35898960e-04 
 1.91050000e-09  2.33645422e-04 
 1.91150000e-09  2.31098005e-04 
 1.91250000e-09  2.28937642e-04 
 1.91350000e-09  2.26483516e-04 
 1.91450000e-09  2.24411021e-04 
 1.91550000e-09  2.22044758e-04 
 1.91650000e-09  2.20055237e-04 
 1.91750000e-09  2.17771824e-04 
 1.91850000e-09  2.15860753e-04 
 1.91950000e-09  2.13655556e-04 
 1.92050000e-09  2.11818747e-04 
 1.92150000e-09  2.09687474e-04 
 1.92250000e-09  2.07921041e-04 
 1.92350000e-09  2.05859710e-04 
 1.92450000e-09  2.04160044e-04 
 1.92550000e-09  2.02164957e-04 
 1.92650000e-09  2.00528700e-04 
 1.92750000e-09  1.98596416e-04 
 1.92850000e-09  1.97020438e-04 
 1.92950000e-09  1.95147752e-04 
 1.93050000e-09  1.93629133e-04 
 1.93150000e-09  1.91813055e-04 
 1.93250000e-09  1.90349066e-04 
 1.93350000e-09  1.88586803e-04 
 1.93450000e-09  1.87174889e-04 
 1.93550000e-09  1.85463831e-04 
 1.93650000e-09  1.84101597e-04 
 1.93750000e-09  1.82439299e-04 
 1.93850000e-09  1.81124499e-04 
 1.93950000e-09  1.79508671e-04 
 1.94050000e-09  1.78239195e-04 
 1.94150000e-09  1.76667687e-04 
 1.94250000e-09  1.75441550e-04 
 1.94350000e-09  1.73912342e-04 
 1.94450000e-09  1.72727675e-04 
 1.94550000e-09  1.71238870e-04 
 1.94650000e-09  1.70093912e-04 
 1.94750000e-09  1.68643723e-04 
 1.94850000e-09  1.67536811e-04 
 1.94950000e-09  1.66123555e-04 
 1.95000000e-09  1.65667364e-04 
 1.95010000e-09  1.65462772e-04 
 1.95030000e-09  1.65217074e-04 
 1.95070000e-09  1.64727340e-04 
 1.95150000e-09  1.63756633e-04 
 1.95250000e-09  1.62558371e-04 
 1.95350000e-09  1.61377268e-04 
 1.95450000e-09  1.60212341e-04 
 1.95550000e-09  1.59063920e-04 
 1.95650000e-09  1.57930985e-04 
 1.95750000e-09  1.56813931e-04 
 1.95850000e-09  1.55711712e-04 
 1.95950000e-09  1.54624779e-04 
 1.96050000e-09  1.53552065e-04 
 1.96150000e-09  1.52494071e-04 
 1.96250000e-09  1.51449713e-04 
 1.96350000e-09  1.50419535e-04 
 1.96450000e-09  1.49402442e-04 
 1.96550000e-09  1.48399017e-04 
 1.96650000e-09  1.47408155e-04 
 1.96750000e-09  1.46430470e-04 
 1.96850000e-09  1.45464855e-04 
 1.96950000e-09  1.44511949e-04 
 1.97050000e-09  1.43570645e-04 
 1.97150000e-09  1.42641602e-04 
 1.97250000e-09  1.41723720e-04 
 1.97350000e-09  1.40817670e-04 
 1.97450000e-09  1.39922362e-04 
 1.97550000e-09  1.39038476e-04 
 1.97650000e-09  1.38164934e-04 
 1.97750000e-09  1.37302423e-04 
 1.97850000e-09  1.36449879e-04 
 1.97950000e-09  1.35607989e-04 
 1.98050000e-09  1.34775707e-04 
 1.98150000e-09  1.33953719e-04 
 1.98250000e-09  1.33140999e-04 
 1.98350000e-09  1.32338228e-04 
 1.98450000e-09  1.31544400e-04 
 1.98550000e-09  1.30760190e-04 
 1.98650000e-09  1.29984616e-04 
 1.98750000e-09  1.29218341e-04 
 1.98850000e-09  1.28460410e-04 
 1.98950000e-09  1.27711472e-04 
 1.99050000e-09  1.26970599e-04 
 1.99150000e-09  1.26238425e-04 
 1.99250000e-09  1.25514051e-04 
 1.99350000e-09  1.24798095e-04 
 1.99450000e-09  1.24089685e-04 
 1.99550000e-09  1.23389421e-04 
 1.99650000e-09  1.22696463e-04 
 1.99750000e-09  1.22011390e-04 
 1.99850000e-09  1.21333392e-04 
 1.99950000e-09  1.20663029e-04 
 2.00000000e-09  1.20330301e-04 
