 0.00000000e+00  3.39237392e-02 
 1.00000000e-14  3.39237392e-02 
 2.00000000e-14  3.39237392e-02 
 4.00000000e-14  3.39237392e-02 
 8.00000000e-14  3.39237392e-02 
 1.60000000e-13  3.39237392e-02 
 3.20000000e-13  3.39237392e-02 
 6.40000000e-13  3.39237391e-02 
 1.28000000e-12  3.39237391e-02 
 2.28000000e-12  3.39237392e-02 
 3.28000000e-12  3.39237392e-02 
 4.28000000e-12  3.39237393e-02 
 5.28000000e-12  3.39237393e-02 
 6.28000000e-12  3.39237393e-02 
 7.28000000e-12  3.39237394e-02 
 8.28000000e-12  3.39237394e-02 
 9.28000000e-12  3.39237394e-02 
 1.02800000e-11  3.39237394e-02 
 1.12800000e-11  3.39237393e-02 
 1.22800000e-11  3.39237393e-02 
 1.32800000e-11  3.39237393e-02 
 1.42800000e-11  3.39237393e-02 
 1.52800000e-11  3.39237393e-02 
 1.62800000e-11  3.39237393e-02 
 1.72800000e-11  3.39237393e-02 
 1.82800000e-11  3.39237393e-02 
 1.92800000e-11  3.39237393e-02 
 2.02800000e-11  3.39237393e-02 
 2.12800000e-11  3.39237393e-02 
 2.22800000e-11  3.39237393e-02 
 2.32800000e-11  3.39237393e-02 
 2.42800000e-11  3.39237393e-02 
 2.52800000e-11  3.39237393e-02 
 2.62800000e-11  3.39237393e-02 
 2.72800000e-11  3.39237393e-02 
 2.82800000e-11  3.39237393e-02 
 2.92800000e-11  3.39237393e-02 
 3.02800000e-11  3.39237393e-02 
 3.12800000e-11  3.39237393e-02 
 3.22800000e-11  3.39237393e-02 
 3.32800000e-11  3.39237393e-02 
 3.42800000e-11  3.39237393e-02 
 3.52800000e-11  3.39237393e-02 
 3.62800000e-11  3.39237393e-02 
 3.72800000e-11  3.39237393e-02 
 3.82800000e-11  3.39237393e-02 
 3.92800000e-11  3.39237393e-02 
 4.02800000e-11  3.39237393e-02 
 4.12800000e-11  3.39237393e-02 
 4.22800000e-11  3.39237393e-02 
 4.32800000e-11  3.39237393e-02 
 4.42800000e-11  3.39237393e-02 
 4.52800000e-11  3.39237393e-02 
 4.62800000e-11  3.39237393e-02 
 4.72800000e-11  3.39237393e-02 
 4.82800000e-11  3.39237393e-02 
 4.92800000e-11  3.39237393e-02 
 5.00000000e-11  3.39237393e-02 
 5.01000000e-11  3.39237393e-02 
 5.03000000e-11  3.39237393e-02 
 5.07000000e-11  3.39237393e-02 
 5.15000000e-11  3.39237393e-02 
 5.25000000e-11  3.39237393e-02 
 5.35000000e-11  3.39237393e-02 
 5.45000000e-11  3.39237393e-02 
 5.55000000e-11  3.39237393e-02 
 5.65000000e-11  3.39237393e-02 
 5.75000000e-11  3.39237393e-02 
 5.85000000e-11  3.39237393e-02 
 5.95000000e-11  3.39237393e-02 
 6.05000000e-11  3.39237393e-02 
 6.15000000e-11  3.39237393e-02 
 6.25000000e-11  3.39237393e-02 
 6.35000000e-11  3.39237393e-02 
 6.45000000e-11  3.39237393e-02 
 6.55000000e-11  3.39237393e-02 
 6.65000000e-11  3.39237393e-02 
 6.75000000e-11  3.39237393e-02 
 6.85000000e-11  3.39237393e-02 
 6.95000000e-11  3.39237393e-02 
 7.05000000e-11  3.39237393e-02 
 7.15000000e-11  3.39237393e-02 
 7.25000000e-11  3.39237393e-02 
 7.35000000e-11  3.39237393e-02 
 7.45000000e-11  3.39237393e-02 
 7.55000000e-11  3.39237393e-02 
 7.65000000e-11  3.39237393e-02 
 7.75000000e-11  3.39237393e-02 
 7.85000000e-11  3.39237393e-02 
 7.95000000e-11  3.39237393e-02 
 8.05000000e-11  3.39237393e-02 
 8.15000000e-11  3.39237393e-02 
 8.25000000e-11  3.39237393e-02 
 8.35000000e-11  3.39237393e-02 
 8.45000000e-11  3.39237393e-02 
 8.55000000e-11  3.39237393e-02 
 8.65000000e-11  3.39237393e-02 
 8.75000000e-11  3.39237393e-02 
 8.85000000e-11  3.39237393e-02 
 8.95000000e-11  3.39237393e-02 
 9.05000000e-11  3.39237393e-02 
 9.15000000e-11  3.39237393e-02 
 9.25000000e-11  3.39237393e-02 
 9.35000000e-11  3.39237393e-02 
 9.45000000e-11  3.39237393e-02 
 9.55000000e-11  3.39237393e-02 
 9.65000000e-11  3.39237393e-02 
 9.75000000e-11  3.39237393e-02 
 9.85000000e-11  3.39237393e-02 
 9.95000000e-11  3.39237393e-02 
 1.00500000e-10  3.39237393e-02 
 1.01500000e-10  3.39237393e-02 
 1.02500000e-10  3.39237393e-02 
 1.03500000e-10  3.39237393e-02 
 1.04500000e-10  3.39237393e-02 
 1.05500000e-10  3.39237393e-02 
 1.06500000e-10  3.39237393e-02 
 1.07500000e-10  3.39237393e-02 
 1.08500000e-10  3.39237393e-02 
 1.09500000e-10  3.39237393e-02 
 1.10500000e-10  3.39237393e-02 
 1.11500000e-10  3.39237393e-02 
 1.12500000e-10  3.39237393e-02 
 1.13500000e-10  3.39237393e-02 
 1.14500000e-10  3.39237393e-02 
 1.15500000e-10  3.39237393e-02 
 1.16500000e-10  3.39237393e-02 
 1.17500000e-10  3.39237393e-02 
 1.18500000e-10  3.39237393e-02 
 1.19500000e-10  3.39237393e-02 
 1.20500000e-10  3.39237393e-02 
 1.21500000e-10  3.39237393e-02 
 1.22500000e-10  3.39237393e-02 
 1.23500000e-10  3.39237393e-02 
 1.24500000e-10  3.39237393e-02 
 1.25500000e-10  3.39237393e-02 
 1.26500000e-10  3.39237393e-02 
 1.27500000e-10  3.39237393e-02 
 1.28500000e-10  3.39237393e-02 
 1.29500000e-10  3.39237393e-02 
 1.30500000e-10  3.39237393e-02 
 1.31500000e-10  3.39237393e-02 
 1.32500000e-10  3.39237393e-02 
 1.33500000e-10  3.39237393e-02 
 1.34500000e-10  3.39237392e-02 
 1.35500000e-10  3.39237392e-02 
 1.36500000e-10  3.39237392e-02 
 1.37500000e-10  3.39237392e-02 
 1.38500000e-10  3.39237392e-02 
 1.39500000e-10  3.39237392e-02 
 1.40500000e-10  3.39237392e-02 
 1.41500000e-10  3.39237392e-02 
 1.42500000e-10  3.39237392e-02 
 1.43500000e-10  3.39237392e-02 
 1.44500000e-10  3.39237392e-02 
 1.45500000e-10  3.39237392e-02 
 1.46500000e-10  3.39237392e-02 
 1.47500000e-10  3.39237392e-02 
 1.48500000e-10  3.39237392e-02 
 1.49500000e-10  3.39237392e-02 
 1.50500000e-10  3.39237392e-02 
 1.51500000e-10  3.39237392e-02 
 1.52500000e-10  3.39237392e-02 
 1.53500000e-10  3.39237392e-02 
 1.54500000e-10  3.39237392e-02 
 1.55500000e-10  3.39237392e-02 
 1.56500000e-10  3.39237392e-02 
 1.57500000e-10  3.39237392e-02 
 1.58500000e-10  3.39237392e-02 
 1.59500000e-10  3.39237392e-02 
 1.60500000e-10  3.39237392e-02 
 1.61500000e-10  3.39237392e-02 
 1.62500000e-10  3.39237392e-02 
 1.63500000e-10  3.39237392e-02 
 1.64500000e-10  3.39237392e-02 
 1.65500000e-10  3.39237392e-02 
 1.66500000e-10  3.39237392e-02 
 1.67500000e-10  3.39237392e-02 
 1.68500000e-10  3.39237392e-02 
 1.69500000e-10  3.39237392e-02 
 1.70500000e-10  3.39237392e-02 
 1.71500000e-10  3.39237392e-02 
 1.72500000e-10  3.39237392e-02 
 1.73500000e-10  3.39237392e-02 
 1.74500000e-10  3.39237392e-02 
 1.75500000e-10  3.39237392e-02 
 1.76500000e-10  3.39237392e-02 
 1.77500000e-10  3.39237392e-02 
 1.78500000e-10  3.39237392e-02 
 1.79500000e-10  3.39237392e-02 
 1.80500000e-10  3.39237392e-02 
 1.81500000e-10  3.39237392e-02 
 1.82500000e-10  3.39237392e-02 
 1.83500000e-10  3.39237392e-02 
 1.84500000e-10  3.39237392e-02 
 1.85500000e-10  3.39237392e-02 
 1.86500000e-10  3.39237392e-02 
 1.87500000e-10  3.39237392e-02 
 1.88500000e-10  3.39237392e-02 
 1.89500000e-10  3.39237392e-02 
 1.90500000e-10  3.39237392e-02 
 1.91500000e-10  3.39237392e-02 
 1.92500000e-10  3.39237392e-02 
 1.93500000e-10  3.39237392e-02 
 1.94500000e-10  3.39237392e-02 
 1.95500000e-10  3.39237392e-02 
 1.96500000e-10  3.39237392e-02 
 1.97500000e-10  3.39237392e-02 
 1.98500000e-10  3.39237392e-02 
 1.99500000e-10  3.39237392e-02 
 2.00000000e-10  3.39237392e-02 
 2.00100000e-10  3.44066055e-02 
 2.00300000e-10  3.49776242e-02 
 2.00700000e-10  3.55635392e-02 
 2.01500000e-10  3.64834611e-02 
 2.02500000e-10  3.69985850e-02 
 2.03500000e-10  3.72052918e-02 
 2.04500000e-10  3.71438591e-02 
 2.05500000e-10  3.70149675e-02 
 2.06500000e-10  3.67916237e-02 
 2.07500000e-10  3.65814742e-02 
 2.08500000e-10  3.63425066e-02 
 2.09500000e-10  3.61387485e-02 
 2.10500000e-10  3.59302771e-02 
 2.11500000e-10  3.57588680e-02 
 2.12500000e-10  3.55908533e-02 
 2.13500000e-10  3.54553819e-02 
 2.14500000e-10  3.53253921e-02 
 2.15500000e-10  3.52221454e-02 
 2.16500000e-10  3.51238832e-02 
 2.17500000e-10  3.50465241e-02 
 2.18500000e-10  3.49723160e-02 
 2.19500000e-10  3.49132467e-02 
 2.20500000e-10  3.48544485e-02 
 2.21500000e-10  3.48049040e-02 
 2.22500000e-10  3.47519648e-02 
 2.23500000e-10  3.47026004e-02 
 2.24500000e-10  3.46464061e-02 
 2.25500000e-10  3.45896355e-02 
 2.26500000e-10  3.45247287e-02 
 2.27500000e-10  3.44581123e-02 
 2.28500000e-10  3.43836911e-02 
 2.29500000e-10  3.43058174e-02 
 2.30500000e-10  3.42183109e-02 
 2.31500000e-10  3.41278700e-02 
 2.32500000e-10  3.40386291e-02 
 2.33500000e-10  3.39729310e-02 
 2.34500000e-10  3.39552393e-02 
 2.35500000e-10  3.40191289e-02 
 2.36500000e-10  3.41714642e-02 
 2.37500000e-10  3.43812037e-02 
 2.38500000e-10  3.45432804e-02 
 2.39500000e-10  3.44501707e-02 
 2.40500000e-10  3.37983226e-02 
 2.41500000e-10  3.24083116e-02 
 2.42500000e-10  3.03790275e-02 
 2.43500000e-10  2.79993034e-02 
 2.44500000e-10  2.55640633e-02 
 2.45500000e-10  2.32920992e-02 
 2.46500000e-10  2.12984913e-02 
 2.47500000e-10  1.96269486e-02 
 2.48500000e-10  1.82689697e-02 
 2.49500000e-10  1.71925557e-02 
 2.50000000e-10  1.67470953e-02 
 2.50100000e-10  1.66172773e-02 
 2.50300000e-10  1.63478760e-02 
 2.50700000e-10  1.59427239e-02 
 2.51500000e-10  1.52418105e-02 
 2.52500000e-10  1.44553964e-02 
 2.53500000e-10  1.38744659e-02 
 2.54500000e-10  1.34592833e-02 
 2.55500000e-10  1.32320240e-02 
 2.56500000e-10  1.31309715e-02 
 2.57500000e-10  1.31633824e-02 
 2.58500000e-10  1.32809575e-02 
 2.59500000e-10  1.34924526e-02 
 2.60500000e-10  1.37658180e-02 
 2.61500000e-10  1.41122082e-02 
 2.62500000e-10  1.45118501e-02 
 2.63500000e-10  1.49770703e-02 
 2.64500000e-10  1.54968859e-02 
 2.65500000e-10  1.60842885e-02 
 2.66500000e-10  1.67351735e-02 
 2.67500000e-10  1.74634479e-02 
 2.68500000e-10  1.82706395e-02 
 2.69500000e-10  1.91731259e-02 
 2.70500000e-10  2.01789484e-02 
 2.71500000e-10  2.13087991e-02 
 2.72500000e-10  2.25791350e-02 
 2.73500000e-10  2.40186080e-02 
 2.74500000e-10  2.56561015e-02 
 2.75500000e-10  2.75341939e-02 
 2.76500000e-10  2.97010920e-02 
 2.77500000e-10  3.22218496e-02 
 2.78500000e-10  3.51724282e-02 
 2.79500000e-10  3.86470672e-02 
 2.80500000e-10  4.27497251e-02 
 2.81500000e-10  4.75926382e-02 
 2.82500000e-10  5.32810741e-02 
 2.83500000e-10  5.99083300e-02 
 2.84500000e-10  6.75498315e-02 
 2.85500000e-10  7.62564458e-02 
 2.86500000e-10  8.60044497e-02 
 2.87500000e-10  9.66725200e-02 
 2.88500000e-10  1.08105435e-01 
 2.89500000e-10  1.20190425e-01 
 2.90500000e-10  1.32867811e-01 
 2.91500000e-10  1.46111571e-01 
 2.92500000e-10  1.59904402e-01 
 2.93500000e-10  1.74219525e-01 
 2.94500000e-10  1.89004925e-01 
 2.95500000e-10  2.04184868e-01 
 2.96500000e-10  2.19675328e-01 
 2.97500000e-10  2.35402588e-01 
 2.98500000e-10  2.51310008e-01 
 2.99500000e-10  2.67357728e-01 
 3.00500000e-10  2.83517727e-01 
 3.01500000e-10  2.99770463e-01 
 3.02500000e-10  3.16101452e-01 
 3.03500000e-10  3.32499775e-01 
 3.04500000e-10  3.48955405e-01 
 3.05500000e-10  3.65456843e-01 
 3.06500000e-10  3.81988770e-01 
 3.07500000e-10  3.98532938e-01 
 3.08500000e-10  4.15070179e-01 
 3.09500000e-10  4.31583128e-01 
 3.10500000e-10  4.48057411e-01 
 3.11500000e-10  4.64482266e-01 
 3.12500000e-10  4.80850110e-01 
 3.13500000e-10  4.97156224e-01 
 3.14500000e-10  5.13398072e-01 
 3.15500000e-10  5.29574948e-01 
 3.16500000e-10  5.45687458e-01 
 3.17500000e-10  5.61737276e-01 
 3.18500000e-10  5.77726898e-01 
 3.19500000e-10  5.93659229e-01 
 3.20500000e-10  6.09537497e-01 
 3.21500000e-10  6.25365358e-01 
 3.22500000e-10  6.41146507e-01 
 3.23500000e-10  6.56884767e-01 
 3.24500000e-10  6.72583863e-01 
 3.25500000e-10  6.88247493e-01 
 3.26500000e-10  7.03879171e-01 
 3.27500000e-10  7.19482277e-01 
 3.28500000e-10  7.35059969e-01 
 3.29500000e-10  7.50615231e-01 
 3.30500000e-10  7.66150837e-01 
 3.31500000e-10  7.81669409e-01 
 3.32500000e-10  7.97173429e-01 
 3.33500000e-10  8.12665291e-01 
 3.34500000e-10  8.28147339e-01 
 3.35500000e-10  8.43621897e-01 
 3.36500000e-10  8.59091302e-01 
 3.37500000e-10  8.74557896e-01 
 3.38500000e-10  8.90024045e-01 
 3.39500000e-10  9.05492073e-01 
 3.40500000e-10  9.20964264e-01 
 3.41500000e-10  9.36442756e-01 
 3.42500000e-10  9.51929519e-01 
 3.43500000e-10  9.67426219e-01 
 3.44500000e-10  9.82934192e-01 
 3.45500000e-10  9.98454294e-01 
 3.46500000e-10  1.01398690e+00 
 3.47500000e-10  1.02953173e+00 
 3.48500000e-10  1.04508789e+00 
 3.49500000e-10  1.06065373e+00 
 3.50500000e-10  1.07622691e+00 
 3.51500000e-10  1.09180426e+00 
 3.52500000e-10  1.10738188e+00 
 3.53500000e-10  1.12295496e+00 
 3.54500000e-10  1.13851784e+00 
 3.55500000e-10  1.15406380e+00 
 3.56500000e-10  1.16958498e+00 
 3.57500000e-10  1.18507204e+00 
 3.58500000e-10  1.20051387e+00 
 3.59500000e-10  1.21589703e+00 
 3.60500000e-10  1.23120530e+00 
 3.61500000e-10  1.24641888e+00 
 3.62500000e-10  1.26151398e+00 
 3.63500000e-10  1.27646233e+00 
 3.64500000e-10  1.29123082e+00 
 3.65500000e-10  1.30578396e+00 
 3.66500000e-10  1.32008289e+00 
 3.67500000e-10  1.33408888e+00 
 3.68500000e-10  1.34776473e+00 
 3.69500000e-10  1.36107802e+00 
 3.70500000e-10  1.37400255e+00 
 3.71500000e-10  1.38652035e+00 
 3.72500000e-10  1.39862173e+00 
 3.73500000e-10  1.41030496e+00 
 3.74500000e-10  1.42157462e+00 
 3.75500000e-10  1.43244056e+00 
 3.76500000e-10  1.44291590e+00 
 3.77500000e-10  1.45301593e+00 
 3.78500000e-10  1.46275677e+00 
 3.79500000e-10  1.47215482e+00 
 3.80500000e-10  1.48122607e+00 
 3.81500000e-10  1.48998594e+00 
 3.82500000e-10  1.49844900e+00 
 3.83500000e-10  1.50662902e+00 
 3.84500000e-10  1.51453883e+00 
 3.85500000e-10  1.52219049e+00 
 3.86500000e-10  1.52959539e+00 
 3.87500000e-10  1.53676378e+00 
 3.88500000e-10  1.54370564e+00 
 3.89500000e-10  1.55043009e+00 
 3.90500000e-10  1.55694592e+00 
 3.91500000e-10  1.56326120e+00 
 3.92500000e-10  1.56938372e+00 
 3.93500000e-10  1.57532072e+00 
 3.94500000e-10  1.58107916e+00 
 3.95500000e-10  1.58666556e+00 
 3.96500000e-10  1.59208620e+00 
 3.97500000e-10  1.59734698e+00 
 3.98500000e-10  1.60245362e+00 
 3.99500000e-10  1.60741148e+00 
 4.00500000e-10  1.61222578e+00 
 4.01500000e-10  1.61690145e+00 
 4.02500000e-10  1.62144325e+00 
 4.03500000e-10  1.62585572e+00 
 4.04500000e-10  1.63014325e+00 
 4.05500000e-10  1.63431000e+00 
 4.06500000e-10  1.63836004e+00 
 4.07500000e-10  1.64229720e+00 
 4.08500000e-10  1.64612524e+00 
 4.09500000e-10  1.64984772e+00 
 4.10500000e-10  1.65346810e+00 
 4.11500000e-10  1.65698968e+00 
 4.12500000e-10  1.66041568e+00 
 4.13500000e-10  1.66374914e+00 
 4.14500000e-10  1.66699307e+00 
 4.15500000e-10  1.67015028e+00 
 4.16500000e-10  1.67322356e+00 
 4.17500000e-10  1.67621551e+00 
 4.18500000e-10  1.67912874e+00 
 4.19500000e-10  1.68196567e+00 
 4.20500000e-10  1.68472870e+00 
 4.21500000e-10  1.68742009e+00 
 4.22500000e-10  1.69004207e+00 
 4.23500000e-10  1.69259675e+00 
 4.24500000e-10  1.69508620e+00 
 4.25500000e-10  1.69751237e+00 
 4.26500000e-10  1.69987719e+00 
 4.27500000e-10  1.70218248e+00 
 4.28500000e-10  1.70443004e+00 
 4.29500000e-10  1.70662155e+00 
 4.30500000e-10  1.70875869e+00 
 4.31500000e-10  1.71084303e+00 
 4.32500000e-10  1.71287612e+00 
 4.33500000e-10  1.71485943e+00 
 4.34500000e-10  1.71679441e+00 
 4.35500000e-10  1.71868241e+00 
 4.36500000e-10  1.72052480e+00 
 4.37500000e-10  1.72232282e+00 
 4.38500000e-10  1.72407777e+00 
 4.39500000e-10  1.72579080e+00 
 4.40500000e-10  1.72746313e+00 
 4.41500000e-10  1.72909581e+00 
 4.42500000e-10  1.73068999e+00 
 4.43500000e-10  1.73224666e+00 
 4.44500000e-10  1.73376688e+00 
 4.45500000e-10  1.73525157e+00 
 4.46500000e-10  1.73670174e+00 
 4.47500000e-10  1.73811824e+00 
 4.48500000e-10  1.73950200e+00 
 4.49500000e-10  1.74085383e+00 
 4.50000000e-10  1.74151804e+00 
 4.50100000e-10  1.74164979e+00 
 4.50300000e-10  1.74191271e+00 
 4.50700000e-10  1.74243489e+00 
 4.51500000e-10  1.74346488e+00 
 4.52500000e-10  1.74472590e+00 
 4.53500000e-10  1.74595816e+00 
 4.54500000e-10  1.74716238e+00 
 4.55500000e-10  1.74833928e+00 
 4.56500000e-10  1.74948951e+00 
 4.57500000e-10  1.75061378e+00 
 4.58500000e-10  1.75171269e+00 
 4.59500000e-10  1.75278690e+00 
 4.60500000e-10  1.75383697e+00 
 4.61500000e-10  1.75486354e+00 
 4.62500000e-10  1.75586712e+00 
 4.63500000e-10  1.75684831e+00 
 4.64500000e-10  1.75780761e+00 
 4.65500000e-10  1.75874558e+00 
 4.66500000e-10  1.75966267e+00 
 4.67500000e-10  1.76055943e+00 
 4.68500000e-10  1.76143629e+00 
 4.69500000e-10  1.76229375e+00 
 4.70500000e-10  1.76313221e+00 
 4.71500000e-10  1.76395217e+00 
 4.72500000e-10  1.76475401e+00 
 4.73500000e-10  1.76553817e+00 
 4.74500000e-10  1.76630503e+00 
 4.75500000e-10  1.76705502e+00 
 4.76500000e-10  1.76778848e+00 
 4.77500000e-10  1.76850582e+00 
 4.78500000e-10  1.76920737e+00 
 4.79500000e-10  1.76989352e+00 
 4.80500000e-10  1.77056458e+00 
 4.81500000e-10  1.77122091e+00 
 4.82500000e-10  1.77186283e+00 
 4.83500000e-10  1.77249066e+00 
 4.84500000e-10  1.77310470e+00 
 4.85500000e-10  1.77370528e+00 
 4.86500000e-10  1.77429267e+00 
 4.87500000e-10  1.77486719e+00 
 4.88500000e-10  1.77542909e+00 
 4.89500000e-10  1.77597867e+00 
 4.90500000e-10  1.77651618e+00 
 4.91500000e-10  1.77704190e+00 
 4.92500000e-10  1.77755608e+00 
 4.93500000e-10  1.77805898e+00 
 4.94500000e-10  1.77855083e+00 
 4.95500000e-10  1.77903188e+00 
 4.96500000e-10  1.77950236e+00 
 4.97500000e-10  1.77996250e+00 
 4.98500000e-10  1.78041253e+00 
 4.99500000e-10  1.78085266e+00 
 5.00000000e-10  1.78106908e+00 
 5.00100000e-10  1.78111202e+00 
 5.00300000e-10  1.78119773e+00 
 5.00700000e-10  1.78136799e+00 
 5.01500000e-10  1.78170402e+00 
 5.02500000e-10  1.78211573e+00 
 5.03500000e-10  1.78251837e+00 
 5.04500000e-10  1.78291214e+00 
 5.05500000e-10  1.78329722e+00 
 5.06500000e-10  1.78367381e+00 
 5.07500000e-10  1.78404210e+00 
 5.08500000e-10  1.78440224e+00 
 5.09500000e-10  1.78475444e+00 
 5.10500000e-10  1.78509884e+00 
 5.11500000e-10  1.78543563e+00 
 5.12500000e-10  1.78576497e+00 
 5.13500000e-10  1.78608701e+00 
 5.14500000e-10  1.78640192e+00 
 5.15500000e-10  1.78670985e+00 
 5.16500000e-10  1.78701095e+00 
 5.17500000e-10  1.78730536e+00 
 5.18500000e-10  1.78759324e+00 
 5.19500000e-10  1.78787472e+00 
 5.20500000e-10  1.78814993e+00 
 5.21500000e-10  1.78841903e+00 
 5.22500000e-10  1.78868213e+00 
 5.23500000e-10  1.78893937e+00 
 5.24500000e-10  1.78919088e+00 
 5.25500000e-10  1.78943678e+00 
 5.26500000e-10  1.78967718e+00 
 5.27500000e-10  1.78991222e+00 
 5.28500000e-10  1.79014201e+00 
 5.29500000e-10  1.79036665e+00 
 5.30500000e-10  1.79058627e+00 
 5.31500000e-10  1.79080097e+00 
 5.32500000e-10  1.79101086e+00 
 5.33500000e-10  1.79121604e+00 
 5.34500000e-10  1.79141662e+00 
 5.35500000e-10  1.79161270e+00 
 5.36500000e-10  1.79180437e+00 
 5.37500000e-10  1.79199174e+00 
 5.38500000e-10  1.79217489e+00 
 5.39500000e-10  1.79235391e+00 
 5.40500000e-10  1.79252891e+00 
 5.41500000e-10  1.79269997e+00 
 5.42500000e-10  1.79286716e+00 
 5.43500000e-10  1.79303059e+00 
 5.44500000e-10  1.79319032e+00 
 5.45500000e-10  1.79334645e+00 
 5.46500000e-10  1.79349905e+00 
 5.47500000e-10  1.79364820e+00 
 5.48500000e-10  1.79379398e+00 
 5.49500000e-10  1.79393645e+00 
 5.50000000e-10  1.79400648e+00 
 5.50100000e-10  1.79402037e+00 
 5.50300000e-10  1.79404809e+00 
 5.50700000e-10  1.79410315e+00 
 5.51500000e-10  1.79421177e+00 
 5.52500000e-10  1.79434478e+00 
 5.53500000e-10  1.79447477e+00 
 5.54500000e-10  1.79460181e+00 
 5.55500000e-10  1.79472596e+00 
 5.56500000e-10  1.79484730e+00 
 5.57500000e-10  1.79496587e+00 
 5.58500000e-10  1.79508175e+00 
 5.59500000e-10  1.79519499e+00 
 5.60500000e-10  1.79530565e+00 
 5.61500000e-10  1.79541380e+00 
 5.62500000e-10  1.79551947e+00 
 5.63500000e-10  1.79562274e+00 
 5.64500000e-10  1.79572365e+00 
 5.65500000e-10  1.79582226e+00 
 5.66500000e-10  1.79591862e+00 
 5.67500000e-10  1.79601278e+00 
 5.68500000e-10  1.79610478e+00 
 5.69500000e-10  1.79619468e+00 
 5.70500000e-10  1.79628253e+00 
 5.71500000e-10  1.79636837e+00 
 5.72500000e-10  1.79645224e+00 
 5.73500000e-10  1.79653419e+00 
 5.74500000e-10  1.79661426e+00 
 5.75500000e-10  1.79669250e+00 
 5.76500000e-10  1.79676894e+00 
 5.77500000e-10  1.79684363e+00 
 5.78500000e-10  1.79691661e+00 
 5.79500000e-10  1.79698791e+00 
 5.80500000e-10  1.79705758e+00 
 5.81500000e-10  1.79712565e+00 
 5.82500000e-10  1.79719215e+00 
 5.83500000e-10  1.79725712e+00 
 5.84500000e-10  1.79732060e+00 
 5.85500000e-10  1.79738262e+00 
 5.86500000e-10  1.79744321e+00 
 5.87500000e-10  1.79750241e+00 
 5.88500000e-10  1.79756025e+00 
 5.89500000e-10  1.79761675e+00 
 5.90500000e-10  1.79767196e+00 
 5.91500000e-10  1.79772589e+00 
 5.92500000e-10  1.79777857e+00 
 5.93500000e-10  1.79783005e+00 
 5.94500000e-10  1.79788033e+00 
 5.95500000e-10  1.79792946e+00 
 5.96500000e-10  1.79797745e+00 
 5.97500000e-10  1.79802434e+00 
 5.98500000e-10  1.79807014e+00 
 5.99500000e-10  1.79811489e+00 
 6.00500000e-10  1.79815860e+00 
 6.01500000e-10  1.79820131e+00 
 6.02500000e-10  1.79824302e+00 
 6.03500000e-10  1.79828377e+00 
 6.04500000e-10  1.79832358e+00 
 6.05500000e-10  1.79836247e+00 
 6.06500000e-10  1.79840047e+00 
 6.07500000e-10  1.79843758e+00 
 6.08500000e-10  1.79847383e+00 
 6.09500000e-10  1.79850925e+00 
 6.10500000e-10  1.79854384e+00 
 6.11500000e-10  1.79857764e+00 
 6.12500000e-10  1.79861065e+00 
 6.13500000e-10  1.79864290e+00 
 6.14500000e-10  1.79867440e+00 
 6.15500000e-10  1.79870517e+00 
 6.16500000e-10  1.79873523e+00 
 6.17500000e-10  1.79876459e+00 
 6.18500000e-10  1.79879327e+00 
 6.19500000e-10  1.79882129e+00 
 6.20500000e-10  1.79884866e+00 
 6.21500000e-10  1.79887539e+00 
 6.22500000e-10  1.79890150e+00 
 6.23500000e-10  1.79892701e+00 
 6.24500000e-10  1.79895193e+00 
 6.25500000e-10  1.79897626e+00 
 6.26500000e-10  1.79900004e+00 
 6.27500000e-10  1.79902326e+00 
 6.28500000e-10  1.79904594e+00 
 6.29500000e-10  1.79906810e+00 
 6.30500000e-10  1.79908974e+00 
 6.31500000e-10  1.79911088e+00 
 6.32500000e-10  1.79913153e+00 
 6.33500000e-10  1.79915170e+00 
 6.34500000e-10  1.79917140e+00 
 6.35500000e-10  1.79919065e+00 
 6.36500000e-10  1.79920944e+00 
 6.37500000e-10  1.79922780e+00 
 6.38500000e-10  1.79924574e+00 
 6.39500000e-10  1.79926325e+00 
 6.40500000e-10  1.79928036e+00 
 6.41500000e-10  1.79929708e+00 
 6.42500000e-10  1.79931340e+00 
 6.43500000e-10  1.79932935e+00 
 6.44500000e-10  1.79934492e+00 
 6.45500000e-10  1.79936013e+00 
 6.46500000e-10  1.79937499e+00 
 6.47500000e-10  1.79938951e+00 
 6.48500000e-10  1.79940368e+00 
 6.49500000e-10  1.79941753e+00 
 6.50500000e-10  1.79943106e+00 
 6.51500000e-10  1.79944427e+00 
 6.52500000e-10  1.79945717e+00 
 6.53500000e-10  1.79946977e+00 
 6.54500000e-10  1.79948208e+00 
 6.55500000e-10  1.79949411e+00 
 6.56500000e-10  1.79950585e+00 
 6.57500000e-10  1.79951732e+00 
 6.58500000e-10  1.79952853e+00 
 6.59500000e-10  1.79953947e+00 
 6.60500000e-10  1.79955016e+00 
 6.61500000e-10  1.79956060e+00 
 6.62500000e-10  1.79957080e+00 
 6.63500000e-10  1.79958076e+00 
 6.64500000e-10  1.79959049e+00 
 6.65500000e-10  1.79959999e+00 
 6.66500000e-10  1.79960927e+00 
 6.67500000e-10  1.79961834e+00 
 6.68500000e-10  1.79962719e+00 
 6.69500000e-10  1.79963584e+00 
 6.70500000e-10  1.79964429e+00 
 6.71500000e-10  1.79965254e+00 
 6.72500000e-10  1.79966060e+00 
 6.73500000e-10  1.79966847e+00 
 6.74500000e-10  1.79967616e+00 
 6.75500000e-10  1.79968367e+00 
 6.76500000e-10  1.79969100e+00 
 6.77500000e-10  1.79969816e+00 
 6.78500000e-10  1.79970516e+00 
 6.79500000e-10  1.79971200e+00 
 6.80500000e-10  1.79971867e+00 
 6.81500000e-10  1.79972519e+00 
 6.82500000e-10  1.79973156e+00 
 6.83500000e-10  1.79973778e+00 
 6.84500000e-10  1.79974386e+00 
 6.85500000e-10  1.79974979e+00 
 6.86500000e-10  1.79975559e+00 
 6.87500000e-10  1.79976125e+00 
 6.88500000e-10  1.79976678e+00 
 6.89500000e-10  1.79977218e+00 
 6.90500000e-10  1.79977745e+00 
 6.91500000e-10  1.79978260e+00 
 6.92500000e-10  1.79978764e+00 
 6.93500000e-10  1.79979255e+00 
 6.94500000e-10  1.79979735e+00 
 6.95500000e-10  1.79980204e+00 
 6.96500000e-10  1.79980662e+00 
 6.97500000e-10  1.79981109e+00 
 6.98500000e-10  1.79981546e+00 
 6.99500000e-10  1.79981973e+00 
 7.00000000e-10  1.79982183e+00 
 7.00100000e-10  1.80015315e+00 
 7.00300000e-10  1.80049060e+00 
 7.00700000e-10  1.80085258e+00 
 7.01500000e-10  1.80192384e+00 
 7.02500000e-10  1.80358310e+00 
 7.03500000e-10  1.80565692e+00 
 7.04500000e-10  1.80792852e+00 
 7.05500000e-10  1.81043240e+00 
 7.06500000e-10  1.81301729e+00 
 7.07500000e-10  1.81572443e+00 
 7.08500000e-10  1.81845067e+00 
 7.09500000e-10  1.82123775e+00 
 7.10500000e-10  1.82401484e+00 
 7.11500000e-10  1.82682062e+00 
 7.12500000e-10  1.82960568e+00 
 7.13500000e-10  1.83240422e+00 
 7.14500000e-10  1.83518119e+00 
 7.15500000e-10  1.83796630e+00 
 7.16500000e-10  1.84073312e+00 
 7.17500000e-10  1.84350744e+00 
 7.18500000e-10  1.84626754e+00 
 7.19500000e-10  1.84904326e+00 
 7.20500000e-10  1.85182002e+00 
 7.21500000e-10  1.85462037e+00 
 7.22500000e-10  1.85743384e+00 
 7.23500000e-10  1.86027984e+00 
 7.24500000e-10  1.86314843e+00 
 7.25500000e-10  1.86605236e+00 
 7.26500000e-10  1.86897170e+00 
 7.27500000e-10  1.87189902e+00 
 7.28500000e-10  1.87482724e+00 
 7.29500000e-10  1.87775045e+00 
 7.30500000e-10  1.88064919e+00 
 7.31500000e-10  1.88351653e+00 
 7.32500000e-10  1.88633635e+00 
 7.33500000e-10  1.88910554e+00 
 7.34500000e-10  1.89181342e+00 
 7.35500000e-10  1.89446147e+00 
 7.36500000e-10  1.89704498e+00 
 7.37500000e-10  1.89957159e+00 
 7.38500000e-10  1.90204388e+00 
 7.39500000e-10  1.90447592e+00 
 7.40500000e-10  1.90687618e+00 
 7.41500000e-10  1.90926274e+00 
 7.42500000e-10  1.91164728e+00 
 7.43500000e-10  1.91404995e+00 
 7.44500000e-10  1.91648109e+00 
 7.45500000e-10  1.91896311e+00 
 7.46500000e-10  1.92151348e+00 
 7.47500000e-10  1.92415566e+00 
 7.48500000e-10  1.92696879e+00 
 7.49500000e-10  1.93001163e+00 
 7.50000000e-10  1.93160244e+00 
 7.50100000e-10  1.93209824e+00 
 7.50300000e-10  1.93291023e+00 
 7.50700000e-10  1.93437264e+00 
 7.51500000e-10  1.93724690e+00 
 7.52500000e-10  1.94066005e+00 
 7.53500000e-10  1.94416312e+00 
 7.54500000e-10  1.94778767e+00 
 7.55500000e-10  1.95175405e+00 
 7.56500000e-10  1.95610878e+00 
 7.57500000e-10  1.96099255e+00 
 7.58500000e-10  1.96634279e+00 
 7.59500000e-10  1.97212452e+00 
 7.60500000e-10  1.97810902e+00 
 7.61500000e-10  1.98402605e+00 
 7.62500000e-10  1.98929796e+00 
 7.63500000e-10  1.99313106e+00 
 7.64500000e-10  1.99443771e+00 
 7.65500000e-10  1.99219981e+00 
 7.66500000e-10  1.98562005e+00 
 7.67500000e-10  1.97435579e+00 
 7.68500000e-10  1.95964033e+00 
 7.69500000e-10  1.94101197e+00 
 7.70500000e-10  1.91833060e+00 
 7.71500000e-10  1.89198671e+00 
 7.72500000e-10  1.86215652e+00 
 7.73500000e-10  1.82909033e+00 
 7.74500000e-10  1.79292858e+00 
 7.75500000e-10  1.75382840e+00 
 7.76500000e-10  1.71188636e+00 
 7.77500000e-10  1.66720173e+00 
 7.78500000e-10  1.61975046e+00 
 7.79500000e-10  1.56948748e+00 
 7.80500000e-10  1.51661306e+00 
 7.81500000e-10  1.46100103e+00 
 7.82500000e-10  1.40241110e+00 
 7.83500000e-10  1.34052250e+00 
 7.84500000e-10  1.27482536e+00 
 7.85500000e-10  1.20474818e+00 
 7.86500000e-10  1.12984039e+00 
 7.87500000e-10  1.05025354e+00 
 7.88500000e-10  9.66673136e-01 
 7.89500000e-10  8.79977932e-01 
 7.90500000e-10  7.91023174e-01 
 7.91500000e-10  7.00779697e-01 
 7.92500000e-10  6.10422225e-01 
 7.93500000e-10  5.21835687e-01 
 7.94500000e-10  4.37994349e-01 
 7.95500000e-10  3.61593227e-01 
 7.96500000e-10  2.94048927e-01 
 7.97500000e-10  2.36318419e-01 
 7.98500000e-10  1.88474442e-01 
 7.99500000e-10  1.49656191e-01 
 8.00500000e-10  1.18615915e-01 
 8.01500000e-10  9.41147478e-02 
 8.02500000e-10  7.49236161e-02 
 8.03500000e-10  5.99962942e-02 
 8.04500000e-10  4.84134889e-02 
 8.05500000e-10  3.94539157e-02 
 8.06500000e-10  3.24837860e-02 
 8.07500000e-10  2.70842924e-02 
 8.08500000e-10  2.28721937e-02 
 8.09500000e-10  1.95730609e-02 
 8.10500000e-10  1.69536821e-02 
 8.11500000e-10  1.48624112e-02 
 8.12500000e-10  1.31627385e-02 
 8.13500000e-10  1.17737157e-02 
 8.14500000e-10  1.06143478e-02 
 8.15500000e-10  9.64316801e-03 
 8.16500000e-10  8.81048951e-03 
 8.17500000e-10  8.09652478e-03 
 8.18500000e-10  7.46927632e-03 
 8.19500000e-10  6.92070574e-03 
 8.20500000e-10  6.42890906e-03 
 8.21500000e-10  5.99212752e-03 
 8.22500000e-10  5.59433769e-03 
 8.23500000e-10  5.23707317e-03 
 8.24500000e-10  4.90785232e-03 
 8.25500000e-10  4.60987918e-03 
 8.26500000e-10  4.33290625e-03 
 8.27500000e-10  4.08093180e-03 
 8.28500000e-10  3.84520057e-03 
 8.29500000e-10  3.63003436e-03 
 8.30500000e-10  3.42773898e-03 
 8.31500000e-10  3.24270900e-03 
 8.32500000e-10  3.06805175e-03 
 8.33500000e-10  2.90810285e-03 
 8.34500000e-10  2.75660747e-03 
 8.35500000e-10  2.61777509e-03 
 8.36500000e-10  2.48587949e-03 
 8.37500000e-10  2.36497178e-03 
 8.38500000e-10  2.24977702e-03 
 8.39500000e-10  2.14417462e-03 
 8.40500000e-10  2.04328305e-03 
 8.41500000e-10  1.95080691e-03 
 8.42500000e-10  1.86221259e-03 
 8.43500000e-10  1.78103232e-03 
 8.44500000e-10  1.70304326e-03 
 8.45500000e-10  1.63161058e-03 
 8.46500000e-10  1.56279109e-03 
 8.47500000e-10  1.49978965e-03 
 8.48500000e-10  1.43891612e-03 
 8.49500000e-10  1.38322246e-03 
 8.50500000e-10  1.32924844e-03 
 8.51500000e-10  1.27990076e-03 
 8.52500000e-10  1.23192887e-03 
 8.53500000e-10  1.18810176e-03 
 8.54500000e-10  1.14536068e-03 
 8.55500000e-10  1.10634426e-03 
 8.56500000e-10  1.06816970e-03 
 8.57500000e-10  1.03335236e-03 
 8.58500000e-10  9.99171212e-04 
 8.59500000e-10  9.68025123e-04 
 8.60500000e-10  9.37342144e-04 
 8.61500000e-10  9.09411085e-04 
 8.62500000e-10  8.81797679e-04 
 8.63500000e-10  8.56686766e-04 
 8.64500000e-10  8.31771482e-04 
 8.65500000e-10  8.09138460e-04 
 8.66500000e-10  7.86598934e-04 
 8.67500000e-10  7.66146768e-04 
 8.68500000e-10  7.45702860e-04 
 8.69500000e-10  7.27173437e-04 
 8.70500000e-10  7.08581382e-04 
 8.71500000e-10  6.91750122e-04 
 8.72500000e-10  6.74797529e-04 
 8.73500000e-10  6.59468788e-04 
 8.74500000e-10  6.43970361e-04 
 8.75500000e-10  6.29973487e-04 
 8.76500000e-10  6.15767356e-04 
 8.77500000e-10  6.02953308e-04 
 8.78500000e-10  5.89897882e-04 
 8.79500000e-10  5.78136330e-04 
 8.80500000e-10  5.66107587e-04 
 8.81500000e-10  5.55284413e-04 
 8.82500000e-10  5.44173576e-04 
 8.83500000e-10  5.34188725e-04 
 8.84500000e-10  5.23900250e-04 
 8.85500000e-10  5.14665882e-04 
 8.86500000e-10  5.05115732e-04 
 8.87500000e-10  4.96554621e-04 
 8.88500000e-10  4.87668770e-04 
 8.89500000e-10  4.79712927e-04 
 8.90500000e-10  4.71426070e-04 
 8.91500000e-10  4.64015552e-04 
 8.92500000e-10  4.56269991e-04 
 8.93500000e-10  4.49351867e-04 
 8.94500000e-10  4.42096540e-04 
 8.95500000e-10  4.35624004e-04 
 8.96500000e-10  4.28813654e-04 
 8.97500000e-10  4.22745244e-04 
 8.98500000e-10  4.16339689e-04 
 8.99500000e-10  4.10638625e-04 
 9.00500000e-10  4.04602129e-04 
 9.01500000e-10  3.99235724e-04 
 9.02500000e-10  3.93536450e-04 
 9.03500000e-10  3.88475609e-04 
 9.04500000e-10  3.83085143e-04 
 9.05500000e-10  3.78303922e-04 
 9.06500000e-10  3.73196859e-04 
 9.07500000e-10  3.68672082e-04 
 9.08500000e-10  3.63825665e-04 
 9.09500000e-10  3.59536592e-04 
 9.10500000e-10  3.54930398e-04 
 9.11500000e-10  3.50858433e-04 
 9.12500000e-10  3.46474101e-04 
 9.13500000e-10  3.42602540e-04 
 9.14500000e-10  3.38423527e-04 
 9.15500000e-10  3.34737337e-04 
 9.16500000e-10  3.30748712e-04 
 9.17500000e-10  3.27234338e-04 
 9.18500000e-10  3.23422597e-04 
 9.19500000e-10  3.20067793e-04 
 9.20500000e-10  3.16420698e-04 
 9.21500000e-10  3.13214377e-04 
 9.22500000e-10  3.09720819e-04 
 9.23500000e-10  3.06652925e-04 
 9.24500000e-10  3.03302797e-04 
 9.25500000e-10  3.00364190e-04 
 9.26500000e-10  2.97148279e-04 
 9.27500000e-10  2.94330639e-04 
 9.28500000e-10  2.91240529e-04 
 9.29500000e-10  2.88536262e-04 
 9.30500000e-10  2.85564255e-04 
 9.31500000e-10  2.82966419e-04 
 9.32500000e-10  2.80105455e-04 
 9.33500000e-10  2.77607692e-04 
 9.34500000e-10  2.74851289e-04 
 9.35500000e-10  2.72447763e-04 
 9.36500000e-10  2.69789952e-04 
 9.37500000e-10  2.67475298e-04 
 9.38500000e-10  2.64910580e-04 
 9.39500000e-10  2.62679854e-04 
 9.40500000e-10  2.60203148e-04 
 9.41500000e-10  2.58051790e-04 
 9.42500000e-10  2.55658395e-04 
 9.43500000e-10  2.53582188e-04 
 9.44500000e-10  2.51267749e-04 
 9.45500000e-10  2.49262787e-04 
 9.46500000e-10  2.47023260e-04 
 9.47500000e-10  2.45085919e-04 
 9.48500000e-10  2.42917545e-04 
 9.49500000e-10  2.41044458e-04 
 9.50000000e-10  2.39926057e-04 
 9.50100000e-10  2.39791462e-04 
 9.50300000e-10  2.39401007e-04 
 9.50700000e-10  2.38616566e-04 
 9.51500000e-10  2.37069162e-04 
 9.52500000e-10  2.35157700e-04 
 9.53500000e-10  2.33280180e-04 
 9.54500000e-10  2.31427874e-04 
 9.55500000e-10  2.29607929e-04 
 9.56500000e-10  2.27812040e-04 
 9.57500000e-10  2.26047024e-04 
 9.58500000e-10  2.24304981e-04 
 9.59500000e-10  2.22592414e-04 
 9.60500000e-10  2.20901805e-04 
 9.61500000e-10  2.19239358e-04 
 9.62500000e-10  2.17597917e-04 
 9.63500000e-10  2.15983404e-04 
 9.64500000e-10  2.14389002e-04 
 9.65500000e-10  2.12820364e-04 
 9.66500000e-10  2.11270998e-04 
 9.67500000e-10  2.09746300e-04 
 9.68500000e-10  2.08240082e-04 
 9.69500000e-10  2.06757497e-04 
 9.70500000e-10  2.05292648e-04 
 9.71500000e-10  2.03850453e-04 
 9.72500000e-10  2.02425292e-04 
 9.73500000e-10  2.01021860e-04 
 9.74500000e-10  1.99634799e-04 
 9.75500000e-10  1.98268591e-04 
 9.76500000e-10  1.96918128e-04 
 9.77500000e-10  1.95587687e-04 
 9.78500000e-10  1.94272399e-04 
 9.79500000e-10  1.92976348e-04 
 9.80500000e-10  1.91694884e-04 
 9.81500000e-10  1.90431914e-04 
 9.82500000e-10  1.89182997e-04 
 9.83500000e-10  1.87951864e-04 
 9.84500000e-10  1.86734279e-04 
 9.85500000e-10  1.85533805e-04 
 9.86500000e-10  1.84346397e-04 
 9.87500000e-10  1.83175463e-04 
 9.88500000e-10  1.82017135e-04 
 9.89500000e-10  1.80874673e-04 
 9.90500000e-10  1.79744382e-04 
 9.91500000e-10  1.78629376e-04 
 9.92500000e-10  1.77526126e-04 
 9.93500000e-10  1.76437613e-04 
 9.94500000e-10  1.75360456e-04 
 9.95500000e-10  1.74297511e-04 
 9.96500000e-10  1.73245546e-04 
 9.97500000e-10  1.72207292e-04 
 9.98500000e-10  1.71179655e-04 
 9.99500000e-10  1.70165251e-04 
 1.00000000e-09  1.69661409e-04 
 1.00010000e-09  1.69561371e-04 
 1.00030000e-09  1.69361207e-04 
 1.00070000e-09  1.68962128e-04 
 1.00150000e-09  1.68169454e-04 
 1.00250000e-09  1.67188696e-04 
 1.00350000e-09  1.66219011e-04 
 1.00450000e-09  1.65260181e-04 
 1.00550000e-09  1.64312068e-04 
 1.00650000e-09  1.63374456e-04 
 1.00750000e-09  1.62447217e-04 
 1.00850000e-09  1.61530138e-04 
 1.00950000e-09  1.60623102e-04 
 1.01050000e-09  1.59725900e-04 
 1.01150000e-09  1.58838426e-04 
 1.01250000e-09  1.57960472e-04 
 1.01350000e-09  1.57091942e-04 
 1.01450000e-09  1.56232634e-04 
 1.01550000e-09  1.55382456e-04 
 1.01650000e-09  1.54541213e-04 
 1.01750000e-09  1.53708822e-04 
 1.01850000e-09  1.52885091e-04 
 1.01950000e-09  1.52069943e-04 
 1.02050000e-09  1.51263190e-04 
 1.02150000e-09  1.50464762e-04 
 1.02250000e-09  1.49674478e-04 
 1.02350000e-09  1.48892269e-04 
 1.02450000e-09  1.48117961e-04 
 1.02550000e-09  1.47351499e-04 
 1.02650000e-09  1.46592704e-04 
 1.02750000e-09  1.45841512e-04 
 1.02850000e-09  1.45097761e-04 
 1.02950000e-09  1.44361395e-04 
 1.03050000e-09  1.43632254e-04 
 1.03150000e-09  1.42910287e-04 
 1.03250000e-09  1.42195339e-04 
 1.03350000e-09  1.41487360e-04 
 1.03450000e-09  1.40786201e-04 
 1.03550000e-09  1.40091815e-04 
 1.03650000e-09  1.39404058e-04 
 1.03750000e-09  1.38722882e-04 
 1.03850000e-09  1.38048151e-04 
 1.03950000e-09  1.37379819e-04 
 1.04050000e-09  1.36717753e-04 
 1.04150000e-09  1.36061909e-04 
 1.04250000e-09  1.35412160e-04 
 1.04350000e-09  1.34768463e-04 
 1.04450000e-09  1.34130696e-04 
 1.04550000e-09  1.33498816e-04 
 1.04650000e-09  1.32872707e-04 
 1.04750000e-09  1.32252328e-04 
 1.04850000e-09  1.31637565e-04 
 1.04950000e-09  1.31028380e-04 
 1.05000000e-09  1.30725833e-04 
 1.05010000e-09  1.30665443e-04 
 1.05030000e-09  1.30544943e-04 
 1.05070000e-09  1.30304565e-04 
 1.05150000e-09  1.29826361e-04 
 1.05250000e-09  1.29233428e-04 
 1.05350000e-09  1.28645741e-04 
 1.05450000e-09  1.28063272e-04 
 1.05550000e-09  1.27485918e-04 
 1.05650000e-09  1.26913648e-04 
 1.05750000e-09  1.26346364e-04 
 1.05850000e-09  1.25784031e-04 
 1.05950000e-09  1.25226561e-04 
 1.06050000e-09  1.24673915e-04 
 1.06150000e-09  1.24126010e-04 
 1.06250000e-09  1.23582804e-04 
 1.06350000e-09  1.23044223e-04 
 1.06450000e-09  1.22510223e-04 
 1.06550000e-09  1.21980734e-04 
 1.06650000e-09  1.21455710e-04 
 1.06750000e-09  1.20935086e-04 
 1.06850000e-09  1.20418818e-04 
 1.06950000e-09  1.19906842e-04 
 1.07050000e-09  1.19399114e-04 
 1.07150000e-09  1.18895576e-04 
 1.07250000e-09  1.18396182e-04 
 1.07350000e-09  1.17900877e-04 
 1.07450000e-09  1.17409616e-04 
 1.07550000e-09  1.16922347e-04 
 1.07650000e-09  1.16439024e-04 
 1.07750000e-09  1.15959598e-04 
 1.07850000e-09  1.15484025e-04 
 1.07950000e-09  1.15012258e-04 
 1.08050000e-09  1.14544253e-04 
 1.08150000e-09  1.14079964e-04 
 1.08250000e-09  1.13619350e-04 
 1.08350000e-09  1.13162366e-04 
 1.08450000e-09  1.12708971e-04 
 1.08550000e-09  1.12259123e-04 
 1.08650000e-09  1.11812780e-04 
 1.08750000e-09  1.11369903e-04 
 1.08850000e-09  1.10930453e-04 
 1.08950000e-09  1.10494389e-04 
 1.09050000e-09  1.10061673e-04 
 1.09150000e-09  1.09632268e-04 
 1.09250000e-09  1.09206136e-04 
 1.09350000e-09  1.08783241e-04 
 1.09450000e-09  1.08363545e-04 
 1.09550000e-09  1.07947014e-04 
 1.09650000e-09  1.07533611e-04 
 1.09750000e-09  1.07123303e-04 
 1.09850000e-09  1.06716054e-04 
 1.09950000e-09  1.06311832e-04 
 1.10050000e-09  1.05910603e-04 
 1.10150000e-09  1.05512335e-04 
 1.10250000e-09  1.05116994e-04 
 1.10350000e-09  1.04724550e-04 
 1.10450000e-09  1.04334971e-04 
 1.10550000e-09  1.03948226e-04 
 1.10650000e-09  1.03564284e-04 
 1.10750000e-09  1.03183117e-04 
 1.10850000e-09  1.02804693e-04 
 1.10950000e-09  1.02428984e-04 
 1.11050000e-09  1.02055960e-04 
 1.11150000e-09  1.01685595e-04 
 1.11250000e-09  1.01317859e-04 
 1.11350000e-09  1.00952726e-04 
 1.11450000e-09  1.00590166e-04 
 1.11550000e-09  1.00230156e-04 
 1.11650000e-09  9.98726657e-05 
 1.11750000e-09  9.95176719e-05 
 1.11850000e-09  9.91651471e-05 
 1.11950000e-09  9.88150669e-05 
 1.12050000e-09  9.84674052e-05 
 1.12150000e-09  9.81221387e-05 
 1.12250000e-09  9.77792416e-05 
 1.12350000e-09  9.74386912e-05 
 1.12450000e-09  9.71004622e-05 
 1.12550000e-09  9.67645326e-05 
 1.12650000e-09  9.64308780e-05 
 1.12750000e-09  9.60994769e-05 
 1.12850000e-09  9.57703055e-05 
 1.12950000e-09  9.54433430e-05 
 1.13050000e-09  9.51185659e-05 
 1.13150000e-09  9.47959542e-05 
 1.13250000e-09  9.44754850e-05 
 1.13350000e-09  9.41571386e-05 
 1.13450000e-09  9.38408928e-05 
 1.13550000e-09  9.35267286e-05 
 1.13650000e-09  9.32146245e-05 
 1.13750000e-09  9.29045613e-05 
 1.13850000e-09  9.25965182e-05 
 1.13950000e-09  9.22904772e-05 
 1.14050000e-09  9.19864176e-05 
 1.14150000e-09  9.16843216e-05 
 1.14250000e-09  9.13841692e-05 
 1.14350000e-09  9.10859431e-05 
 1.14450000e-09  9.07896238e-05 
 1.14550000e-09  9.04951944e-05 
 1.14650000e-09  9.02026361e-05 
 1.14750000e-09  8.99119321e-05 
 1.14850000e-09  8.96230641e-05 
 1.14950000e-09  8.93360158e-05 
 1.15050000e-09  8.90507693e-05 
 1.15150000e-09  8.87673090e-05 
 1.15250000e-09  8.84856171e-05 
 1.15350000e-09  8.82056786e-05 
 1.15450000e-09  8.79274759e-05 
 1.15550000e-09  8.76509942e-05 
 1.15650000e-09  8.73762167e-05 
 1.15750000e-09  8.71031287e-05 
 1.15850000e-09  8.68317139e-05 
 1.15950000e-09  8.65619582e-05 
 1.16050000e-09  8.62938456e-05 
 1.16150000e-09  8.60273622e-05 
 1.16250000e-09  8.57624923e-05 
 1.16350000e-09  8.54992225e-05 
 1.16450000e-09  8.52375374e-05 
 1.16550000e-09  8.49774239e-05 
 1.16650000e-09  8.47188668e-05 
 1.16750000e-09  8.44618535e-05 
 1.16850000e-09  8.42063694e-05 
 1.16950000e-09  8.39524018e-05 
 1.17050000e-09  8.36999365e-05 
 1.17150000e-09  8.34489612e-05 
 1.17250000e-09  8.31994618e-05 
 1.17350000e-09  8.29514268e-05 
 1.17450000e-09  8.27048422e-05 
 1.17550000e-09  8.24596962e-05 
 1.17650000e-09  8.22159756e-05 
 1.17750000e-09  8.19736689e-05 
 1.17850000e-09  8.17327632e-05 
 1.17950000e-09  8.14932474e-05 
 1.18050000e-09  8.12551086e-05 
 1.18150000e-09  8.10183360e-05 
 1.18250000e-09  8.07829170e-05 
 1.18350000e-09  8.05488410e-05 
 1.18450000e-09  8.03160958e-05 
 1.18550000e-09  8.00846710e-05 
 1.18650000e-09  7.98545548e-05 
 1.18750000e-09  7.96257369e-05 
 1.18850000e-09  7.93982057e-05 
 1.18950000e-09  7.91719511e-05 
 1.19050000e-09  7.89469618e-05 
 1.19150000e-09  7.87232280e-05 
 1.19250000e-09  7.85007386e-05 
 1.19350000e-09  7.82794842e-05 
 1.19450000e-09  7.80594534e-05 
 1.19550000e-09  7.78406375e-05 
 1.19650000e-09  7.76230256e-05 
 1.19750000e-09  7.74066085e-05 
 1.19850000e-09  7.71913755e-05 
 1.19950000e-09  7.69773181e-05 
 1.20000000e-09  7.68707259e-05 
 1.20010000e-09  4.71011287e-04 
 1.20030000e-09  9.87352952e-04 
 1.20070000e-09  1.59281792e-03 
 1.20150000e-09  2.51903631e-03 
 1.20250000e-09  3.06960360e-03 
 1.20350000e-09  3.34138111e-03 
 1.20450000e-09  3.35001214e-03 
 1.20550000e-09  3.31021445e-03 
 1.20650000e-09  3.16679788e-03 
 1.20750000e-09  3.04884772e-03 
 1.20850000e-09  2.88673845e-03 
 1.20950000e-09  2.76780663e-03 
 1.21050000e-09  2.62666173e-03 
 1.21150000e-09  2.52731358e-03 
 1.21250000e-09  2.41358196e-03 
 1.21350000e-09  2.33471564e-03 
 1.21450000e-09  2.24411039e-03 
 1.21550000e-09  2.18091772e-03 
 1.21650000e-09  2.10733639e-03 
 1.21750000e-09  2.05578822e-03 
 1.21850000e-09  1.99652269e-03 
 1.21950000e-09  1.95794768e-03 
 1.22050000e-09  1.91809875e-03 
 1.22150000e-09  1.90338829e-03 
 1.22250000e-09  1.89853992e-03 
 1.22350000e-09  1.92772682e-03 
 1.22450000e-09  1.97952014e-03 
 1.22550000e-09  2.07520661e-03 
 1.22650000e-09  2.20595755e-03 
 1.22750000e-09  2.38993812e-03 
 1.22850000e-09  2.61803487e-03 
 1.22950000e-09  2.90116793e-03 
 1.23050000e-09  3.22238500e-03 
 1.23150000e-09  3.57836018e-03 
 1.23250000e-09  3.93241102e-03 
 1.23350000e-09  4.23795390e-03 
 1.23450000e-09  4.39234275e-03 
 1.23550000e-09  4.27786963e-03 
 1.23650000e-09  3.79077468e-03 
 1.23750000e-09  2.93977166e-03 
 1.23850000e-09  1.82146808e-03 
 1.23950000e-09  5.84007536e-04 
 1.24050000e-09 -7.08796249e-04 
 1.24150000e-09 -1.91888141e-03 
 1.24250000e-09 -2.88313898e-03 
 1.24350000e-09 -3.55545441e-03 
 1.24450000e-09 -3.93986987e-03 
 1.24550000e-09 -4.02228072e-03 
 1.24650000e-09 -3.82626802e-03 
 1.24750000e-09 -3.38693808e-03 
 1.24850000e-09 -2.70804968e-03 
 1.24950000e-09 -1.87805880e-03 
 1.25000000e-09 -1.40881050e-03 
 1.25010000e-09 -9.56983015e-04 
 1.25030000e-09 -5.52318941e-04 
 1.25070000e-09 -9.89516868e-05 
 1.25150000e-09  8.25536103e-04 
 1.25250000e-09  1.61219569e-03 
 1.25350000e-09  2.48562804e-03 
 1.25450000e-09  3.27713104e-03 
 1.25550000e-09  4.20749193e-03 
 1.25650000e-09  5.09752974e-03 
 1.25750000e-09  6.09204967e-03 
 1.25850000e-09  7.04785628e-03 
 1.25950000e-09  8.07543988e-03 
 1.26050000e-09  9.06979938e-03 
 1.26150000e-09  1.01203636e-02 
 1.26250000e-09  1.11527950e-02 
 1.26350000e-09  1.22411434e-02 
 1.26450000e-09  1.33345351e-02 
 1.26550000e-09  1.44960418e-02 
 1.26650000e-09  1.56931831e-02 
 1.26750000e-09  1.69822373e-02 
 1.26850000e-09  1.83467679e-02 
 1.26950000e-09  1.98411514e-02 
 1.27050000e-09  2.14654465e-02 
 1.27150000e-09  2.32785265e-02 
 1.27250000e-09  2.53006658e-02 
 1.27350000e-09  2.76039395e-02 
 1.27450000e-09  3.02356905e-02 
 1.27550000e-09  3.32907891e-02 
 1.27650000e-09  3.68486383e-02 
 1.27750000e-09  4.10272640e-02 
 1.27850000e-09  4.59248755e-02 
 1.27950000e-09  5.16563552e-02 
 1.28050000e-09  5.83035168e-02 
 1.28150000e-09  6.59544611e-02 
 1.28250000e-09  7.46580292e-02 
 1.28350000e-09  8.44060274e-02 
 1.28450000e-09  9.50735295e-02 
 1.28550000e-09  1.06514343e-01 
 1.28650000e-09  1.18610161e-01 
 1.28750000e-09  1.31309147e-01 
 1.28850000e-09  1.44581689e-01 
 1.28950000e-09  1.58418447e-01 
 1.29050000e-09  1.72789086e-01 
 1.29150000e-09  1.87646598e-01 
 1.29250000e-09  2.02909601e-01 
 1.29350000e-09  2.18495365e-01 
 1.29450000e-09  2.34322812e-01 
 1.29550000e-09  2.50336432e-01 
 1.29650000e-09  2.66491436e-01 
 1.29750000e-09  2.82762534e-01 
 1.29850000e-09  2.99126961e-01 
 1.29950000e-09  3.15573270e-01 
 1.30050000e-09  3.32088000e-01 
 1.30150000e-09  3.48664247e-01 
 1.30250000e-09  3.65288847e-01 
 1.30350000e-09  3.81949655e-01 
 1.30450000e-09  3.98626653e-01 
 1.30550000e-09  4.15302745e-01 
 1.30650000e-09  4.31958193e-01 
 1.30750000e-09  4.48580006e-01 
 1.30850000e-09  4.65155136e-01 
 1.30950000e-09  4.81677300e-01 
 1.31050000e-09  4.98139849e-01 
 1.31150000e-09  5.14541573e-01 
 1.31250000e-09  5.30880158e-01 
 1.31350000e-09  5.47157597e-01 
 1.31450000e-09  5.63374185e-01 
 1.31550000e-09  5.79533449e-01 
 1.31650000e-09  5.95637231e-01 
 1.31750000e-09  6.11690052e-01 
 1.31850000e-09  6.27694450e-01 
 1.31950000e-09  6.43655274e-01 
 1.32050000e-09  6.59575300e-01 
 1.32150000e-09  6.75459320e-01 
 1.32250000e-09  6.91310037e-01 
 1.32350000e-09  7.07131933e-01 
 1.32450000e-09  7.22927433e-01 
 1.32550000e-09  7.38700570e-01 
 1.32650000e-09  7.54453410e-01 
 1.32750000e-09  7.70189526e-01 
 1.32850000e-09  7.85910668e-01 
 1.32950000e-09  8.01620057e-01 
 1.33050000e-09  8.17319270e-01 
 1.33150000e-09  8.33011346e-01 
 1.33250000e-09  8.48697840e-01 
 1.33350000e-09  8.64381736e-01 
 1.33450000e-09  8.80064633e-01 
 1.33550000e-09  8.95749469e-01 
 1.33650000e-09  9.11437815e-01 
 1.33750000e-09  9.27132420e-01 
 1.33850000e-09  9.42834606e-01 
 1.33950000e-09  9.58546661e-01 
 1.34050000e-09  9.74269335e-01 
 1.34150000e-09  9.90004105e-01 
 1.34250000e-09  1.00575079e+00 
 1.34350000e-09  1.02150972e+00 
 1.34450000e-09  1.03727942e+00 
 1.34550000e-09  1.05305880e+00 
 1.34650000e-09  1.06884491e+00 
 1.34750000e-09  1.08463505e+00 
 1.34850000e-09  1.10042467e+00 
 1.34950000e-09  1.11620932e+00 
 1.35050000e-09  1.13198266e+00 
 1.35150000e-09  1.14773827e+00 
 1.35250000e-09  1.16346761e+00 
 1.35350000e-09  1.17916160e+00 
 1.35450000e-09  1.19480852e+00 
 1.35550000e-09  1.21039522e+00 
 1.35650000e-09  1.22590492e+00 
 1.35750000e-09  1.24131817e+00 
 1.35850000e-09  1.25661067e+00 
 1.35950000e-09  1.27175445e+00 
 1.36050000e-09  1.28671636e+00 
 1.36150000e-09  1.30145972e+00 
 1.36250000e-09  1.31594597e+00 
 1.36350000e-09  1.33013560e+00 
 1.36450000e-09  1.34399090e+00 
 1.36550000e-09  1.35747867e+00 
 1.36650000e-09  1.37057207e+00 
 1.36750000e-09  1.38325254e+00 
 1.36850000e-09  1.39550992e+00 
 1.36950000e-09  1.40734228e+00 
 1.37050000e-09  1.41875408e+00 
 1.37150000e-09  1.42975533e+00 
 1.37250000e-09  1.44035928e+00 
 1.37350000e-09  1.45058161e+00 
 1.37450000e-09  1.46043864e+00 
 1.37550000e-09  1.46994724e+00 
 1.37650000e-09  1.47912361e+00 
 1.37750000e-09  1.48798362e+00 
 1.37850000e-09  1.49654201e+00 
 1.37950000e-09  1.50481297e+00 
 1.38050000e-09  1.51280946e+00 
 1.38150000e-09  1.52054390e+00 
 1.38250000e-09  1.52802760e+00 
 1.38350000e-09  1.53527143e+00 
 1.38450000e-09  1.54228527e+00 
 1.38550000e-09  1.54907868e+00 
 1.38650000e-09  1.55566050e+00 
 1.38750000e-09  1.56203891e+00 
 1.38850000e-09  1.56822179e+00 
 1.38950000e-09  1.57421657e+00 
 1.39050000e-09  1.58003025e+00 
 1.39150000e-09  1.58566956e+00 
 1.39250000e-09  1.59114078e+00 
 1.39350000e-09  1.59645002e+00 
 1.39450000e-09  1.60160297e+00 
 1.39550000e-09  1.60660522e+00 
 1.39650000e-09  1.61146194e+00 
 1.39750000e-09  1.61617825e+00 
 1.39850000e-09  1.62075888e+00 
 1.39950000e-09  1.62520856e+00 
 1.40050000e-09  1.62953162e+00 
 1.40150000e-09  1.63373242e+00 
 1.40250000e-09  1.63781495e+00 
 1.40350000e-09  1.64178325e+00 
 1.40450000e-09  1.64564098e+00 
 1.40550000e-09  1.64939190e+00 
 1.40650000e-09  1.65303939e+00 
 1.40750000e-09  1.65658693e+00 
 1.40850000e-09  1.66003766e+00 
 1.40950000e-09  1.66339479e+00 
 1.41050000e-09  1.66666125e+00 
 1.41150000e-09  1.66984002e+00 
 1.41250000e-09  1.67293380e+00 
 1.41350000e-09  1.67594537e+00 
 1.41450000e-09  1.67887723e+00 
 1.41550000e-09  1.68173197e+00 
 1.41650000e-09  1.68451192e+00 
 1.41750000e-09  1.68721947e+00 
 1.41850000e-09  1.68985678e+00 
 1.41950000e-09  1.69242609e+00 
 1.42050000e-09  1.69492941e+00 
 1.42150000e-09  1.69736881e+00 
 1.42250000e-09  1.69974616e+00 
 1.42350000e-09  1.70206340e+00 
 1.42450000e-09  1.70432224e+00 
 1.42550000e-09  1.70652451e+00 
 1.42650000e-09  1.70867180e+00 
 1.42750000e-09  1.71076581e+00 
 1.42850000e-09  1.71280801e+00 
 1.42950000e-09  1.71479999e+00 
 1.43050000e-09  1.71674313e+00 
 1.43150000e-09  1.71863890e+00 
 1.43250000e-09  1.72048857e+00 
 1.43350000e-09  1.72229353e+00 
 1.43450000e-09  1.72405495e+00 
 1.43550000e-09  1.72577415e+00 
 1.43650000e-09  1.72745222e+00 
 1.43750000e-09  1.72909037e+00 
 1.43850000e-09  1.73068962e+00 
 1.43950000e-09  1.73225112e+00 
 1.44050000e-09  1.73377580e+00 
 1.44150000e-09  1.73526474e+00 
 1.44250000e-09  1.73671882e+00 
 1.44350000e-09  1.73813904e+00 
 1.44450000e-09  1.73952621e+00 
 1.44550000e-09  1.74088129e+00 
 1.44650000e-09  1.74220502e+00 
 1.44750000e-09  1.74349831e+00 
 1.44850000e-09  1.74476185e+00 
 1.44950000e-09  1.74599648e+00 
 1.45000000e-09  1.74660313e+00 
 1.45010000e-09  1.74672349e+00 
 1.45030000e-09  1.74696365e+00 
 1.45070000e-09  1.74744065e+00 
 1.45150000e-09  1.74838160e+00 
 1.45250000e-09  1.74953375e+00 
 1.45350000e-09  1.75065974e+00 
 1.45450000e-09  1.75176023e+00 
 1.45550000e-09  1.75283586e+00 
 1.45650000e-09  1.75388722e+00 
 1.45750000e-09  1.75491494e+00 
 1.45850000e-09  1.75591956e+00 
 1.45950000e-09  1.75690167e+00 
 1.46050000e-09  1.75786178e+00 
 1.46150000e-09  1.75880045e+00 
 1.46250000e-09  1.75971816e+00 
 1.46350000e-09  1.76061543e+00 
 1.46450000e-09  1.76149272e+00 
 1.46550000e-09  1.76235052e+00 
 1.46650000e-09  1.76318926e+00 
 1.46750000e-09  1.76400942e+00 
 1.46850000e-09  1.76481139e+00 
 1.46950000e-09  1.76559562e+00 
 1.47050000e-09  1.76636249e+00 
 1.47150000e-09  1.76711243e+00 
 1.47250000e-09  1.76784579e+00 
 1.47350000e-09  1.76856298e+00 
 1.47450000e-09  1.76926434e+00 
 1.47550000e-09  1.76995025e+00 
 1.47650000e-09  1.77062104e+00 
 1.47750000e-09  1.77127706e+00 
 1.47850000e-09  1.77191862e+00 
 1.47950000e-09  1.77254607e+00 
 1.48050000e-09  1.77315970e+00 
 1.48150000e-09  1.77375985e+00 
 1.48250000e-09  1.77434678e+00 
 1.48350000e-09  1.77492080e+00 
 1.48450000e-09  1.77548220e+00 
 1.48550000e-09  1.77603125e+00 
 1.48650000e-09  1.77656822e+00 
 1.48750000e-09  1.77709338e+00 
 1.48850000e-09  1.77760699e+00 
 1.48950000e-09  1.77810930e+00 
 1.49050000e-09  1.77860055e+00 
 1.49150000e-09  1.77908099e+00 
 1.49250000e-09  1.77955085e+00 
 1.49350000e-09  1.78001037e+00 
 1.49450000e-09  1.78045976e+00 
 1.49550000e-09  1.78089926e+00 
 1.49650000e-09  1.78132906e+00 
 1.49750000e-09  1.78174939e+00 
 1.49850000e-09  1.78216045e+00 
 1.49950000e-09  1.78256244e+00 
 1.50000000e-09  1.78276008e+00 
 1.50010000e-09  1.78279930e+00 
 1.50030000e-09  1.78287757e+00 
 1.50070000e-09  1.78303306e+00 
 1.50150000e-09  1.78333992e+00 
 1.50250000e-09  1.78371585e+00 
 1.50350000e-09  1.78408348e+00 
 1.50450000e-09  1.78444298e+00 
 1.50550000e-09  1.78479452e+00 
 1.50650000e-09  1.78513828e+00 
 1.50750000e-09  1.78547442e+00 
 1.50850000e-09  1.78580312e+00 
 1.50950000e-09  1.78612453e+00 
 1.51050000e-09  1.78643880e+00 
 1.51150000e-09  1.78674610e+00 
 1.51250000e-09  1.78704657e+00 
 1.51350000e-09  1.78734037e+00 
 1.51450000e-09  1.78762763e+00 
 1.51550000e-09  1.78790850e+00 
 1.51650000e-09  1.78818311e+00 
 1.51750000e-09  1.78845161e+00 
 1.51850000e-09  1.78871413e+00 
 1.51950000e-09  1.78897078e+00 
 1.52050000e-09  1.78922171e+00 
 1.52150000e-09  1.78946704e+00 
 1.52250000e-09  1.78970688e+00 
 1.52350000e-09  1.78994137e+00 
 1.52450000e-09  1.79017060e+00 
 1.52550000e-09  1.79039471e+00 
 1.52650000e-09  1.79061379e+00 
 1.52750000e-09  1.79082796e+00 
 1.52850000e-09  1.79103733e+00 
 1.52950000e-09  1.79124200e+00 
 1.53050000e-09  1.79144208e+00 
 1.53150000e-09  1.79163766e+00 
 1.53250000e-09  1.79182884e+00 
 1.53350000e-09  1.79201572e+00 
 1.53450000e-09  1.79219840e+00 
 1.53550000e-09  1.79237696e+00 
 1.53650000e-09  1.79255150e+00 
 1.53750000e-09  1.79272210e+00 
 1.53850000e-09  1.79288885e+00 
 1.53950000e-09  1.79305184e+00 
 1.54050000e-09  1.79321114e+00 
 1.54150000e-09  1.79336685e+00 
 1.54250000e-09  1.79351903e+00 
 1.54350000e-09  1.79366778e+00 
 1.54450000e-09  1.79381315e+00 
 1.54550000e-09  1.79395523e+00 
 1.54650000e-09  1.79409409e+00 
 1.54750000e-09  1.79422980e+00 
 1.54850000e-09  1.79436244e+00 
 1.54950000e-09  1.79449206e+00 
 1.55000000e-09  1.79455576e+00 
 1.55010000e-09  1.79456840e+00 
 1.55030000e-09  1.79459362e+00 
 1.55070000e-09  1.79464371e+00 
 1.55150000e-09  1.79474252e+00 
 1.55250000e-09  1.79486351e+00 
 1.55350000e-09  1.79498174e+00 
 1.55450000e-09  1.79509728e+00 
 1.55550000e-09  1.79521020e+00 
 1.55650000e-09  1.79532054e+00 
 1.55750000e-09  1.79542836e+00 
 1.55850000e-09  1.79553373e+00 
 1.55950000e-09  1.79563670e+00 
 1.56050000e-09  1.79573731e+00 
 1.56150000e-09  1.79583563e+00 
 1.56250000e-09  1.79593170e+00 
 1.56350000e-09  1.79602558e+00 
 1.56450000e-09  1.79611731e+00 
 1.56550000e-09  1.79620694e+00 
 1.56650000e-09  1.79629453e+00 
 1.56750000e-09  1.79638010e+00 
 1.56850000e-09  1.79646372e+00 
 1.56950000e-09  1.79654542e+00 
 1.57050000e-09  1.79662525e+00 
 1.57150000e-09  1.79670325e+00 
 1.57250000e-09  1.79677946e+00 
 1.57350000e-09  1.79685393e+00 
 1.57450000e-09  1.79692668e+00 
 1.57550000e-09  1.79699776e+00 
 1.57650000e-09  1.79706722e+00 
 1.57750000e-09  1.79713507e+00 
 1.57850000e-09  1.79720137e+00 
 1.57950000e-09  1.79726614e+00 
 1.58050000e-09  1.79732942e+00 
 1.58150000e-09  1.79739125e+00 
 1.58250000e-09  1.79745165e+00 
 1.58350000e-09  1.79751067e+00 
 1.58450000e-09  1.79756832e+00 
 1.58550000e-09  1.79762465e+00 
 1.58650000e-09  1.79767968e+00 
 1.58750000e-09  1.79773344e+00 
 1.58850000e-09  1.79778596e+00 
 1.58950000e-09  1.79783727e+00 
 1.59050000e-09  1.79788740e+00 
 1.59150000e-09  1.79793637e+00 
 1.59250000e-09  1.79798421e+00 
 1.59350000e-09  1.79803095e+00 
 1.59450000e-09  1.79807660e+00 
 1.59550000e-09  1.79812121e+00 
 1.59650000e-09  1.79816478e+00 
 1.59750000e-09  1.79820735e+00 
 1.59850000e-09  1.79824893e+00 
 1.59950000e-09  1.79828955e+00 
 1.60050000e-09  1.79832923e+00 
 1.60150000e-09  1.79836800e+00 
 1.60250000e-09  1.79840587e+00 
 1.60350000e-09  1.79844286e+00 
 1.60450000e-09  1.79847900e+00 
 1.60550000e-09  1.79851430e+00 
 1.60650000e-09  1.79854878e+00 
 1.60750000e-09  1.79858247e+00 
 1.60850000e-09  1.79861537e+00 
 1.60950000e-09  1.79864751e+00 
 1.61050000e-09  1.79867891e+00 
 1.61150000e-09  1.79870958e+00 
 1.61250000e-09  1.79873954e+00 
 1.61350000e-09  1.79876881e+00 
 1.61450000e-09  1.79879740e+00 
 1.61550000e-09  1.79882532e+00 
 1.61650000e-09  1.79885260e+00 
 1.61750000e-09  1.79887925e+00 
 1.61850000e-09  1.79890527e+00 
 1.61950000e-09  1.79893070e+00 
 1.62050000e-09  1.79895553e+00 
 1.62150000e-09  1.79897979e+00 
 1.62250000e-09  1.79900349e+00 
 1.62350000e-09  1.79902663e+00 
 1.62450000e-09  1.79904924e+00 
 1.62550000e-09  1.79907132e+00 
 1.62650000e-09  1.79909289e+00 
 1.62750000e-09  1.79911396e+00 
 1.62850000e-09  1.79913454e+00 
 1.62950000e-09  1.79915465e+00 
 1.63050000e-09  1.79917428e+00 
 1.63150000e-09  1.79919346e+00 
 1.63250000e-09  1.79921220e+00 
 1.63350000e-09  1.79923050e+00 
 1.63450000e-09  1.79924837e+00 
 1.63550000e-09  1.79926583e+00 
 1.63650000e-09  1.79928289e+00 
 1.63750000e-09  1.79929954e+00 
 1.63850000e-09  1.79931581e+00 
 1.63950000e-09  1.79933170e+00 
 1.64050000e-09  1.79934723e+00 
 1.64150000e-09  1.79936239e+00 
 1.64250000e-09  1.79937720e+00 
 1.64350000e-09  1.79939166e+00 
 1.64450000e-09  1.79940579e+00 
 1.64550000e-09  1.79941959e+00 
 1.64650000e-09  1.79943307e+00 
 1.64750000e-09  1.79944624e+00 
 1.64850000e-09  1.79945910e+00 
 1.64950000e-09  1.79947166e+00 
 1.65050000e-09  1.79948393e+00 
 1.65150000e-09  1.79949591e+00 
 1.65250000e-09  1.79950762e+00 
 1.65350000e-09  1.79951905e+00 
 1.65450000e-09  1.79953021e+00 
 1.65550000e-09  1.79954112e+00 
 1.65650000e-09  1.79955177e+00 
 1.65750000e-09  1.79956218e+00 
 1.65850000e-09  1.79957234e+00 
 1.65950000e-09  1.79958227e+00 
 1.66050000e-09  1.79959197e+00 
 1.66150000e-09  1.79960144e+00 
 1.66250000e-09  1.79961069e+00 
 1.66350000e-09  1.79961972e+00 
 1.66450000e-09  1.79962854e+00 
 1.66550000e-09  1.79963716e+00 
 1.66650000e-09  1.79964558e+00 
 1.66750000e-09  1.79965381e+00 
 1.66850000e-09  1.79966184e+00 
 1.66950000e-09  1.79966968e+00 
 1.67050000e-09  1.79967734e+00 
 1.67150000e-09  1.79968483e+00 
 1.67250000e-09  1.79969214e+00 
 1.67350000e-09  1.79969928e+00 
 1.67450000e-09  1.79970625e+00 
 1.67550000e-09  1.79971306e+00 
 1.67650000e-09  1.79971971e+00 
 1.67750000e-09  1.79972621e+00 
 1.67850000e-09  1.79973256e+00 
 1.67950000e-09  1.79973875e+00 
 1.68050000e-09  1.79974481e+00 
 1.68150000e-09  1.79975072e+00 
 1.68250000e-09  1.79975650e+00 
 1.68350000e-09  1.79976214e+00 
 1.68450000e-09  1.79976765e+00 
 1.68550000e-09  1.79977303e+00 
 1.68650000e-09  1.79977829e+00 
 1.68750000e-09  1.79978342e+00 
 1.68850000e-09  1.79978844e+00 
 1.68950000e-09  1.79979334e+00 
 1.69050000e-09  1.79979812e+00 
 1.69150000e-09  1.79980279e+00 
 1.69250000e-09  1.79980736e+00 
 1.69350000e-09  1.79981182e+00 
 1.69450000e-09  1.79981617e+00 
 1.69550000e-09  1.79982042e+00 
 1.69650000e-09  1.79982458e+00 
 1.69750000e-09  1.79982863e+00 
 1.69850000e-09  1.79983260e+00 
 1.69950000e-09  1.79983647e+00 
 1.70000000e-09  1.79983837e+00 
 1.70010000e-09  1.80016992e+00 
 1.70030000e-09  1.80050712e+00 
 1.70070000e-09  1.80086905e+00 
 1.70150000e-09  1.80193995e+00 
 1.70250000e-09  1.80359909e+00 
 1.70350000e-09  1.80567247e+00 
 1.70450000e-09  1.80794382e+00 
 1.70550000e-09  1.81044729e+00 
 1.70650000e-09  1.81303192e+00 
 1.70750000e-09  1.81573870e+00 
 1.70850000e-09  1.81846469e+00 
 1.70950000e-09  1.82125143e+00 
 1.71050000e-09  1.82402829e+00 
 1.71150000e-09  1.82683378e+00 
 1.71250000e-09  1.82961861e+00 
 1.71350000e-09  1.83241690e+00 
 1.71450000e-09  1.83519367e+00 
 1.71550000e-09  1.83797855e+00 
 1.71650000e-09  1.84074520e+00 
 1.71750000e-09  1.84351932e+00 
 1.71850000e-09  1.84627927e+00 
 1.71950000e-09  1.84905482e+00 
 1.72050000e-09  1.85183146e+00 
 1.72150000e-09  1.85463167e+00 
 1.72250000e-09  1.85744503e+00 
 1.72350000e-09  1.86029092e+00 
 1.72450000e-09  1.86315943e+00 
 1.72550000e-09  1.86606328e+00 
 1.72650000e-09  1.86898257e+00 
 1.72750000e-09  1.87190983e+00 
 1.72850000e-09  1.87483804e+00 
 1.72950000e-09  1.87776122e+00 
 1.73050000e-09  1.88065999e+00 
 1.73150000e-09  1.88352734e+00 
 1.73250000e-09  1.88634722e+00 
 1.73350000e-09  1.88911646e+00 
 1.73450000e-09  1.89182442e+00 
 1.73550000e-09  1.89447254e+00 
 1.73650000e-09  1.89705615e+00 
 1.73750000e-09  1.89958284e+00 
 1.73850000e-09  1.90205524e+00 
 1.73950000e-09  1.90448737e+00 
 1.74050000e-09  1.90688772e+00 
 1.74150000e-09  1.90927436e+00 
 1.74250000e-09  1.91165899e+00 
 1.74350000e-09  1.91406173e+00 
 1.74450000e-09  1.91649295e+00 
 1.74550000e-09  1.91897503e+00 
 1.74650000e-09  1.92152546e+00 
 1.74750000e-09  1.92416769e+00 
 1.74850000e-09  1.92698086e+00 
 1.74950000e-09  1.93002373e+00 
 1.75000000e-09  1.93161456e+00 
 1.75010000e-09  1.93211036e+00 
 1.75030000e-09  1.93292236e+00 
 1.75070000e-09  1.93438478e+00 
 1.75150000e-09  1.93725906e+00 
 1.75250000e-09  1.94067223e+00 
 1.75350000e-09  1.94417532e+00 
 1.75450000e-09  1.94779989e+00 
 1.75550000e-09  1.95176629e+00 
 1.75650000e-09  1.95612103e+00 
 1.75750000e-09  1.96100480e+00 
 1.75850000e-09  1.96635504e+00 
 1.75950000e-09  1.97213677e+00 
 1.76050000e-09  1.97812126e+00 
 1.76150000e-09  1.98403827e+00 
 1.76250000e-09  1.98931018e+00 
 1.76350000e-09  1.99314326e+00 
 1.76450000e-09  1.99444992e+00 
 1.76550000e-09  1.99221206e+00 
 1.76650000e-09  1.98563237e+00 
 1.76750000e-09  1.97436824e+00 
 1.76850000e-09  1.95965293e+00 
 1.76950000e-09  1.94102470e+00 
 1.77050000e-09  1.91834359e+00 
 1.77150000e-09  1.89199995e+00 
 1.77250000e-09  1.86217013e+00 
 1.77350000e-09  1.82910430e+00 
 1.77450000e-09  1.79294305e+00 
 1.77550000e-09  1.75384341e+00 
 1.77650000e-09  1.71190208e+00 
 1.77750000e-09  1.66721824e+00 
 1.77850000e-09  1.61976797e+00 
 1.77950000e-09  1.56950611e+00 
 1.78050000e-09  1.51663301e+00 
 1.78150000e-09  1.46102243e+00 
 1.78250000e-09  1.40243411e+00 
 1.78350000e-09  1.34054723e+00 
 1.78450000e-09  1.27485196e+00 
 1.78550000e-09  1.20477664e+00 
 1.78650000e-09  1.12987035e+00 
 1.78750000e-09  1.05028390e+00 
 1.78850000e-09  9.66702638e-01 
 1.78950000e-09  8.80006117e-01 
 1.79050000e-09  7.91050121e-01 
 1.79150000e-09  7.00805212e-01 
 1.79250000e-09  6.10446301e-01 
 1.79350000e-09  5.21858427e-01 
 1.79450000e-09  4.38014346e-01 
 1.79550000e-09  3.61610928e-01 
 1.79650000e-09  2.94063393e-01 
 1.79750000e-09  2.36330433e-01 
 1.79850000e-09  1.88483471e-01 
 1.79950000e-09  1.49663379e-01 
 1.80050000e-09  1.18620911e-01 
 1.80150000e-09  9.41186771e-02 
 1.80250000e-09  7.49260349e-02 
 1.80350000e-09  5.99982078e-02 
 1.80450000e-09  4.84144187e-02 
 1.80550000e-09  3.94547087e-02 
 1.80650000e-09  3.24839387e-02 
 1.80750000e-09  2.70845045e-02 
 1.80850000e-09  2.28719644e-02 
 1.80950000e-09  1.95730020e-02 
 1.81050000e-09  1.69533041e-02 
 1.81150000e-09  1.48622362e-02 
 1.81250000e-09  1.31623362e-02 
 1.81350000e-09  1.17735326e-02 
 1.81450000e-09  1.06139699e-02 
 1.81550000e-09  9.64300425e-03 
 1.81650000e-09  8.81015418e-03 
 1.81750000e-09  8.09639177e-03 
 1.81850000e-09  7.46898889e-03 
 1.81950000e-09  6.92060543e-03 
 1.82050000e-09  6.42866785e-03 
 1.82150000e-09  5.99205715e-03 
 1.82250000e-09  5.59413779e-03 
 1.82350000e-09  5.23702812e-03 
 1.82450000e-09  4.90768780e-03 
 1.82550000e-09  4.60985446e-03 
 1.82650000e-09  4.33277128e-03 
 1.82750000e-09  4.08092282e-03 
 1.82850000e-09  3.84508991e-03 
 1.82950000e-09  3.63003717e-03 
 1.83050000e-09  3.42764814e-03 
 1.83150000e-09  3.24272036e-03 
 1.83250000e-09  3.06797700e-03 
 1.83350000e-09  2.90812020e-03 
 1.83450000e-09  2.75654577e-03 
 1.83550000e-09  2.61779642e-03 
 1.83650000e-09  2.48582838e-03 
 1.83750000e-09  2.36499556e-03 
 1.83850000e-09  2.24973451e-03 
 1.83950000e-09  2.14419970e-03 
 1.84050000e-09  2.04324755e-03 
 1.84150000e-09  1.95083243e-03 
 1.84250000e-09  1.86218284e-03 
 1.84350000e-09  1.78105766e-03 
 1.84450000e-09  1.70301824e-03 
 1.84550000e-09  1.63163529e-03 
 1.84650000e-09  1.56276998e-03 
 1.84750000e-09  1.49981343e-03 
 1.84850000e-09  1.43889827e-03 
 1.84950000e-09  1.38324510e-03 
 1.85050000e-09  1.32923331e-03 
 1.85150000e-09  1.27992214e-03 
 1.85250000e-09  1.23191605e-03 
 1.85350000e-09  1.18812181e-03 
 1.85450000e-09  1.14534980e-03 
 1.85550000e-09  1.10636296e-03 
 1.85650000e-09  1.06816049e-03 
 1.85750000e-09  1.03336972e-03 
 1.85850000e-09  9.99163438e-04 
 1.85950000e-09  9.68041165e-04 
 1.86050000e-09  9.37335612e-04 
 1.86150000e-09  9.09425859e-04 
 1.86250000e-09  8.81792226e-04 
 1.86350000e-09  8.56700328e-04 
 1.86450000e-09  8.31766975e-04 
 1.86550000e-09  8.09150872e-04 
 1.86650000e-09  7.86595259e-04 
 1.86750000e-09  7.66158096e-04 
 1.86850000e-09  7.45699921e-04 
 1.86950000e-09  7.27183747e-04 
 1.87050000e-09  7.08579095e-04 
 1.87150000e-09  6.91759480e-04 
 1.87250000e-09  6.74795823e-04 
 1.87350000e-09  6.59477259e-04 
 1.87450000e-09  6.43969174e-04 
 1.87550000e-09  6.29981133e-04 
 1.87650000e-09  6.15766633e-04 
 1.87750000e-09  6.02960190e-04 
 1.87850000e-09  5.89897575e-04 
 1.87950000e-09  5.78142505e-04 
 1.88050000e-09  5.66107654e-04 
 1.88150000e-09  5.55289934e-04 
 1.88250000e-09  5.44173977e-04 
 1.88350000e-09  5.34193644e-04 
 1.88450000e-09  5.23900953e-04 
 1.88550000e-09  5.14670247e-04 
 1.88650000e-09  5.05116704e-04 
 1.88750000e-09  4.96558475e-04 
 1.88850000e-09  4.87669984e-04 
 1.88950000e-09  4.79716313e-04 
 1.89050000e-09  4.71427500e-04 
 1.89150000e-09  4.64018508e-04 
 1.89250000e-09  4.56271614e-04 
 1.89350000e-09  4.49354429e-04 
 1.89450000e-09  4.42098335e-04 
 1.89550000e-09  4.35626205e-04 
 1.89650000e-09  4.28815600e-04 
 1.89750000e-09  4.22747116e-04 
 1.89850000e-09  4.16341769e-04 
 1.89950000e-09  4.10640196e-04 
 1.90050000e-09  4.04604327e-04 
 1.90150000e-09  3.99237021e-04 
 1.90250000e-09  3.93538750e-04 
 1.90350000e-09  3.88476657e-04 
 1.90450000e-09  3.83087532e-04 
 1.90550000e-09  3.78304744e-04 
 1.90650000e-09  3.73199323e-04 
 1.90750000e-09  3.68672699e-04 
 1.90850000e-09  3.63828194e-04 
 1.90950000e-09  3.59537022e-04 
 1.91050000e-09  3.54932980e-04 
 1.91150000e-09  3.50858695e-04 
 1.91250000e-09  3.46476725e-04 
 1.91350000e-09  3.42602651e-04 
 1.91450000e-09  3.38426185e-04 
 1.91550000e-09  3.34737313e-04 
 1.91650000e-09  3.30751395e-04 
 1.91750000e-09  3.27234192e-04 
 1.91850000e-09  3.23425297e-04 
 1.91950000e-09  3.20067537e-04 
 1.92050000e-09  3.16423409e-04 
 1.92150000e-09  3.13214025e-04 
 1.92250000e-09  3.09723533e-04 
 1.92350000e-09  3.06652487e-04 
 1.92450000e-09  3.03305508e-04 
 1.92550000e-09  3.00363678e-04 
 1.92650000e-09  2.97150983e-04 
 1.92750000e-09  2.94330060e-04 
 1.92850000e-09  2.91243220e-04 
 1.92950000e-09  2.88535626e-04 
 1.93050000e-09  2.85566929e-04 
 1.93150000e-09  2.82965733e-04 
 1.93250000e-09  2.80108108e-04 
 1.93350000e-09  2.77606964e-04 
 1.93450000e-09  2.74853916e-04 
 1.93550000e-09  2.72447000e-04 
 1.93650000e-09  2.69792551e-04 
 1.93750000e-09  2.67474505e-04 
 1.93850000e-09  2.64913147e-04 
 1.93950000e-09  2.62679038e-04 
 1.94050000e-09  2.60205682e-04 
 1.94150000e-09  2.58050956e-04 
 1.94250000e-09  2.55660893e-04 
 1.94350000e-09  2.53581340e-04 
 1.94450000e-09  2.51270208e-04 
 1.94550000e-09  2.49261929e-04 
 1.94650000e-09  2.47025679e-04 
 1.94750000e-09  2.45085055e-04 
 1.94850000e-09  2.42919921e-04 
 1.94950000e-09  2.41043592e-04 
 1.95000000e-09  2.39928383e-04 
 1.95010000e-09  2.39792233e-04 
 1.95030000e-09  2.39401705e-04 
 1.95070000e-09  2.38617338e-04 
 1.95150000e-09  2.37069844e-04 
 1.95250000e-09  2.35158454e-04 
 1.95350000e-09  2.33280841e-04 
 1.95450000e-09  2.31428610e-04 
 1.95550000e-09  2.29608569e-04 
 1.95650000e-09  2.27812757e-04 
 1.95750000e-09  2.26047645e-04 
 1.95850000e-09  2.24305680e-04 
 1.95950000e-09  2.22593016e-04 
 1.96050000e-09  2.20902486e-04 
 1.96150000e-09  2.19239942e-04 
 1.96250000e-09  2.17598581e-04 
 1.96350000e-09  2.15983970e-04 
 1.96450000e-09  2.14389650e-04 
 1.96550000e-09  2.12820914e-04 
 1.96650000e-09  2.11271630e-04 
 1.96750000e-09  2.09746834e-04 
 1.96850000e-09  2.08240699e-04 
 1.96950000e-09  2.06758016e-04 
 1.97050000e-09  2.05293251e-04 
 1.97150000e-09  2.03850958e-04 
 1.97250000e-09  2.02425880e-04 
 1.97350000e-09  2.01022352e-04 
 1.97450000e-09  1.99635373e-04 
 1.97550000e-09  1.98269070e-04 
 1.97650000e-09  1.96918688e-04 
 1.97750000e-09  1.95588154e-04 
 1.97850000e-09  1.94272947e-04 
 1.97950000e-09  1.92976802e-04 
 1.98050000e-09  1.91695419e-04 
 1.98150000e-09  1.90432356e-04 
 1.98250000e-09  1.89183519e-04 
 1.98350000e-09  1.87952295e-04 
 1.98450000e-09  1.86734789e-04 
 1.98550000e-09  1.85534226e-04 
 1.98650000e-09  1.84346896e-04 
 1.98750000e-09  1.83175873e-04 
 1.98850000e-09  1.82017623e-04 
 1.98950000e-09  1.80875074e-04 
 1.99050000e-09  1.79744858e-04 
 1.99150000e-09  1.78629768e-04 
 1.99250000e-09  1.77526592e-04 
 1.99350000e-09  1.76437995e-04 
 1.99450000e-09  1.75360912e-04 
 1.99550000e-09  1.74297884e-04 
 1.99650000e-09  1.73245991e-04 
 1.99750000e-09  1.72207656e-04 
 1.99850000e-09  1.71180090e-04 
 1.99950000e-09  1.70165608e-04 
 2.00000000e-09  1.69661837e-04 
