 0.00000000e+00  3.45254019e-02 
 1.00000000e-14  3.45254019e-02 
 2.00000000e-14  3.45254019e-02 
 4.00000000e-14  3.45254018e-02 
 8.00000000e-14  3.45254018e-02 
 1.60000000e-13  3.45254017e-02 
 3.20000000e-13  3.45254016e-02 
 6.40000000e-13  3.45254014e-02 
 1.28000000e-12  3.45254011e-02 
 2.28000000e-12  3.45254008e-02 
 3.28000000e-12  3.45254008e-02 
 4.28000000e-12  3.45254008e-02 
 5.28000000e-12  3.45254009e-02 
 6.28000000e-12  3.45254010e-02 
 7.28000000e-12  3.45254011e-02 
 8.28000000e-12  3.45254012e-02 
 9.28000000e-12  3.45254013e-02 
 1.02800000e-11  3.45254014e-02 
 1.12800000e-11  3.45254014e-02 
 1.22800000e-11  3.45254015e-02 
 1.32800000e-11  3.45254015e-02 
 1.42800000e-11  3.45254016e-02 
 1.52800000e-11  3.45254016e-02 
 1.62800000e-11  3.45254016e-02 
 1.72800000e-11  3.45254017e-02 
 1.82800000e-11  3.45254017e-02 
 1.92800000e-11  3.45254017e-02 
 2.02800000e-11  3.45254017e-02 
 2.12800000e-11  3.45254017e-02 
 2.22800000e-11  3.45254017e-02 
 2.32800000e-11  3.45254017e-02 
 2.42800000e-11  3.45254018e-02 
 2.52800000e-11  3.45254018e-02 
 2.62800000e-11  3.45254018e-02 
 2.72800000e-11  3.45254018e-02 
 2.82800000e-11  3.45254018e-02 
 2.92800000e-11  3.45254018e-02 
 3.02800000e-11  3.45254018e-02 
 3.12800000e-11  3.45254018e-02 
 3.22800000e-11  3.45254018e-02 
 3.32800000e-11  3.45254018e-02 
 3.42800000e-11  3.45254018e-02 
 3.52800000e-11  3.45254018e-02 
 3.62800000e-11  3.45254018e-02 
 3.72800000e-11  3.45254018e-02 
 3.82800000e-11  3.45254018e-02 
 3.92800000e-11  3.45254018e-02 
 4.02800000e-11  3.45254018e-02 
 4.12800000e-11  3.45254018e-02 
 4.22800000e-11  3.45254018e-02 
 4.32800000e-11  3.45254018e-02 
 4.42800000e-11  3.45254018e-02 
 4.52800000e-11  3.45254018e-02 
 4.62800000e-11  3.45254018e-02 
 4.72800000e-11  3.45254018e-02 
 4.82800000e-11  3.45254018e-02 
 4.92800000e-11  3.45254018e-02 
 5.00000000e-11  3.45254018e-02 
 5.01000000e-11  3.45254018e-02 
 5.03000000e-11  3.45254018e-02 
 5.07000000e-11  3.45254018e-02 
 5.15000000e-11  3.45254018e-02 
 5.25000000e-11  3.45254018e-02 
 5.35000000e-11  3.45254018e-02 
 5.45000000e-11  3.45254018e-02 
 5.55000000e-11  3.45254018e-02 
 5.65000000e-11  3.45254018e-02 
 5.75000000e-11  3.45254018e-02 
 5.85000000e-11  3.45254018e-02 
 5.95000000e-11  3.45254018e-02 
 6.05000000e-11  3.45254018e-02 
 6.15000000e-11  3.45254018e-02 
 6.25000000e-11  3.45254018e-02 
 6.35000000e-11  3.45254018e-02 
 6.45000000e-11  3.45254018e-02 
 6.55000000e-11  3.45254018e-02 
 6.65000000e-11  3.45254018e-02 
 6.75000000e-11  3.45254018e-02 
 6.85000000e-11  3.45254018e-02 
 6.95000000e-11  3.45254018e-02 
 7.05000000e-11  3.45254018e-02 
 7.15000000e-11  3.45254018e-02 
 7.25000000e-11  3.45254018e-02 
 7.35000000e-11  3.45254018e-02 
 7.45000000e-11  3.45254018e-02 
 7.55000000e-11  3.45254018e-02 
 7.65000000e-11  3.45254018e-02 
 7.75000000e-11  3.45254018e-02 
 7.85000000e-11  3.45254018e-02 
 7.95000000e-11  3.45254018e-02 
 8.05000000e-11  3.45254018e-02 
 8.15000000e-11  3.45254018e-02 
 8.25000000e-11  3.45254018e-02 
 8.35000000e-11  3.45254018e-02 
 8.45000000e-11  3.45254018e-02 
 8.55000000e-11  3.45254018e-02 
 8.65000000e-11  3.45254018e-02 
 8.75000000e-11  3.45254018e-02 
 8.85000000e-11  3.45254018e-02 
 8.95000000e-11  3.45254018e-02 
 9.05000000e-11  3.45254018e-02 
 9.15000000e-11  3.45254018e-02 
 9.25000000e-11  3.45254018e-02 
 9.35000000e-11  3.45254018e-02 
 9.45000000e-11  3.45254018e-02 
 9.55000000e-11  3.45254018e-02 
 9.65000000e-11  3.45254018e-02 
 9.75000000e-11  3.45254018e-02 
 9.85000000e-11  3.45254018e-02 
 9.95000000e-11  3.45254018e-02 
 1.00500000e-10  3.45254019e-02 
 1.01500000e-10  3.45254019e-02 
 1.02500000e-10  3.45254019e-02 
 1.03500000e-10  3.45254019e-02 
 1.04500000e-10  3.45254019e-02 
 1.05500000e-10  3.45254019e-02 
 1.06500000e-10  3.45254019e-02 
 1.07500000e-10  3.45254019e-02 
 1.08500000e-10  3.45254019e-02 
 1.09500000e-10  3.45254019e-02 
 1.10500000e-10  3.45254019e-02 
 1.11500000e-10  3.45254019e-02 
 1.12500000e-10  3.45254019e-02 
 1.13500000e-10  3.45254019e-02 
 1.14500000e-10  3.45254019e-02 
 1.15500000e-10  3.45254019e-02 
 1.16500000e-10  3.45254019e-02 
 1.17500000e-10  3.45254019e-02 
 1.18500000e-10  3.45254019e-02 
 1.19500000e-10  3.45254019e-02 
 1.20500000e-10  3.45254019e-02 
 1.21500000e-10  3.45254019e-02 
 1.22500000e-10  3.45254019e-02 
 1.23500000e-10  3.45254019e-02 
 1.24500000e-10  3.45254019e-02 
 1.25500000e-10  3.45254019e-02 
 1.26500000e-10  3.45254019e-02 
 1.27500000e-10  3.45254019e-02 
 1.28500000e-10  3.45254019e-02 
 1.29500000e-10  3.45254019e-02 
 1.30500000e-10  3.45254019e-02 
 1.31500000e-10  3.45254019e-02 
 1.32500000e-10  3.45254019e-02 
 1.33500000e-10  3.45254019e-02 
 1.34500000e-10  3.45254019e-02 
 1.35500000e-10  3.45254019e-02 
 1.36500000e-10  3.45254019e-02 
 1.37500000e-10  3.45254019e-02 
 1.38500000e-10  3.45254019e-02 
 1.39500000e-10  3.45254019e-02 
 1.40500000e-10  3.45254019e-02 
 1.41500000e-10  3.45254019e-02 
 1.42500000e-10  3.45254019e-02 
 1.43500000e-10  3.45254019e-02 
 1.44500000e-10  3.45254019e-02 
 1.45500000e-10  3.45254019e-02 
 1.46500000e-10  3.45254019e-02 
 1.47500000e-10  3.45254019e-02 
 1.48500000e-10  3.45254019e-02 
 1.49500000e-10  3.45254019e-02 
 1.50500000e-10  3.45254019e-02 
 1.51500000e-10  3.45254019e-02 
 1.52500000e-10  3.45254019e-02 
 1.53500000e-10  3.45254019e-02 
 1.54500000e-10  3.45254019e-02 
 1.55500000e-10  3.45254019e-02 
 1.56500000e-10  3.45254019e-02 
 1.57500000e-10  3.45254019e-02 
 1.58500000e-10  3.45254019e-02 
 1.59500000e-10  3.45254019e-02 
 1.60500000e-10  3.45254019e-02 
 1.61500000e-10  3.45254019e-02 
 1.62500000e-10  3.45254019e-02 
 1.63500000e-10  3.45254019e-02 
 1.64500000e-10  3.45254019e-02 
 1.65500000e-10  3.45254019e-02 
 1.66500000e-10  3.45254019e-02 
 1.67500000e-10  3.45254019e-02 
 1.68500000e-10  3.45254019e-02 
 1.69500000e-10  3.45254019e-02 
 1.70500000e-10  3.45254019e-02 
 1.71500000e-10  3.45254019e-02 
 1.72500000e-10  3.45254019e-02 
 1.73500000e-10  3.45254019e-02 
 1.74500000e-10  3.45254019e-02 
 1.75500000e-10  3.45254019e-02 
 1.76500000e-10  3.45254019e-02 
 1.77500000e-10  3.45254019e-02 
 1.78500000e-10  3.45254019e-02 
 1.79500000e-10  3.45254019e-02 
 1.80500000e-10  3.45254019e-02 
 1.81500000e-10  3.45254019e-02 
 1.82500000e-10  3.45254019e-02 
 1.83500000e-10  3.45254019e-02 
 1.84500000e-10  3.45254019e-02 
 1.85500000e-10  3.45254019e-02 
 1.86500000e-10  3.45254019e-02 
 1.87500000e-10  3.45254019e-02 
 1.88500000e-10  3.45254019e-02 
 1.89500000e-10  3.45254019e-02 
 1.90500000e-10  3.45254019e-02 
 1.91500000e-10  3.45254019e-02 
 1.92500000e-10  3.45254019e-02 
 1.93500000e-10  3.45254019e-02 
 1.94500000e-10  3.45254019e-02 
 1.95500000e-10  3.45254019e-02 
 1.96500000e-10  3.45254019e-02 
 1.97500000e-10  3.45254019e-02 
 1.98500000e-10  3.45254019e-02 
 1.99500000e-10  3.45254019e-02 
 2.00000000e-10  3.45254019e-02 
 2.00100000e-10  3.50202163e-02 
 2.00300000e-10  3.56065922e-02 
 2.00700000e-10  3.62072725e-02 
 2.01500000e-10  3.71476524e-02 
 2.02500000e-10  3.76661757e-02 
 2.03500000e-10  3.78683370e-02 
 2.04500000e-10  3.77958795e-02 
 2.05500000e-10  3.76564223e-02 
 2.06500000e-10  3.74217216e-02 
 2.07500000e-10  3.72021144e-02 
 2.08500000e-10  3.69544373e-02 
 2.09500000e-10  3.67434586e-02 
 2.10500000e-10  3.65288379e-02 
 2.11500000e-10  3.63521850e-02 
 2.12500000e-10  3.61799889e-02 
 2.13500000e-10  3.60408255e-02 
 2.14500000e-10  3.59081071e-02 
 2.15500000e-10  3.58022884e-02 
 2.16500000e-10  3.57022958e-02 
 2.17500000e-10  3.56231370e-02 
 2.18500000e-10  3.55478373e-02 
 2.19500000e-10  3.54874512e-02 
 2.20500000e-10  3.54279006e-02 
 2.21500000e-10  3.53772681e-02 
 2.22500000e-10  3.53236708e-02 
 2.23500000e-10  3.52732648e-02 
 2.24500000e-10  3.52163836e-02 
 2.25500000e-10  3.51585944e-02 
 2.26500000e-10  3.50930066e-02 
 2.27500000e-10  3.50253459e-02 
 2.28500000e-10  3.49498065e-02 
 2.29500000e-10  3.48695312e-02 
 2.30500000e-10  3.47776824e-02 
 2.31500000e-10  3.46784597e-02 
 2.32500000e-10  3.45731283e-02 
 2.33500000e-10  3.44786369e-02 
 2.34500000e-10  3.44141752e-02 
 2.35500000e-10  3.44113901e-02 
 2.36500000e-10  3.44879461e-02 
 2.37500000e-10  3.46392644e-02 
 2.38500000e-10  3.48059872e-02 
 2.39500000e-10  3.48561374e-02 
 2.40500000e-10  3.45677966e-02 
 2.41500000e-10  3.37509703e-02 
 2.42500000e-10  3.23855835e-02 
 2.43500000e-10  3.06385933e-02 
 2.44500000e-10  2.87432320e-02 
 2.45500000e-10  2.69030748e-02 
 2.46500000e-10  2.52445550e-02 
 2.47500000e-10  2.38268431e-02 
 2.48500000e-10  2.26581011e-02 
 2.49500000e-10  2.17225815e-02 
 2.50000000e-10  2.13333463e-02 
 2.50100000e-10  2.12087098e-02 
 2.50300000e-10  2.09524676e-02 
 2.50700000e-10  2.05803972e-02 
 2.51500000e-10  1.99461128e-02 
 2.52500000e-10  1.92322062e-02 
 2.53500000e-10  1.87133771e-02 
 2.54500000e-10  1.83467754e-02 
 2.55500000e-10  1.81551357e-02 
 2.56500000e-10  1.80714665e-02 
 2.57500000e-10  1.81104847e-02 
 2.58500000e-10  1.82192081e-02 
 2.59500000e-10  1.84101973e-02 
 2.60500000e-10  1.86462359e-02 
 2.61500000e-10  1.89410093e-02 
 2.62500000e-10  1.92697335e-02 
 2.63500000e-10  1.96456855e-02 
 2.64500000e-10  2.00526532e-02 
 2.65500000e-10  2.05027443e-02 
 2.66500000e-10  2.09857370e-02 
 2.67500000e-10  2.15124367e-02 
 2.68500000e-10  2.20769350e-02 
 2.69500000e-10  2.26894736e-02 
 2.70500000e-10  2.33472974e-02 
 2.71500000e-10  2.40602180e-02 
 2.72500000e-10  2.48288315e-02 
 2.73500000e-10  2.56635096e-02 
 2.74500000e-10  2.65681127e-02 
 2.75500000e-10  2.75546116e-02 
 2.76500000e-10  2.86308324e-02 
 2.77500000e-10  2.98118223e-02 
 2.78500000e-10  3.11105905e-02 
 2.79500000e-10  3.25469457e-02 
 2.80500000e-10  3.41401992e-02 
 2.81500000e-10  3.59156405e-02 
 2.82500000e-10  3.78981734e-02 
 2.83500000e-10  4.01169001e-02 
 2.84500000e-10  4.26005037e-02 
 2.85500000e-10  4.53821046e-02 
 2.86500000e-10  4.84928036e-02 
 2.87500000e-10  5.19600416e-02 
 2.88500000e-10  5.58138453e-02 
 2.89500000e-10  6.01055659e-02 
 2.90500000e-10  6.49056831e-02 
 2.91500000e-10  7.02927935e-02 
 2.92500000e-10  7.63306295e-02 
 2.93500000e-10  8.30450498e-02 
 2.94500000e-10  9.03997889e-02 
 2.95500000e-10  9.82886042e-02 
 2.96500000e-10  1.06546436e-01 
 2.97500000e-10  1.14990678e-01 
 2.98500000e-10  1.23464414e-01 
 2.99500000e-10  1.31859117e-01 
 3.00500000e-10  1.40110578e-01 
 3.01500000e-10  1.48188026e-01 
 3.02500000e-10  1.56081757e-01 
 3.03500000e-10  1.63796646e-01 
 3.04500000e-10  1.71347127e-01 
 3.05500000e-10  1.78755149e-01 
 3.06500000e-10  1.86043895e-01 
 3.07500000e-10  1.93229700e-01 
 3.08500000e-10  2.00314666e-01 
 3.09500000e-10  2.07288190e-01 
 3.10500000e-10  2.14132222e-01 
 3.11500000e-10  2.20827848e-01 
 3.12500000e-10  2.27358213e-01 
 3.13500000e-10  2.33710175e-01 
 3.14500000e-10  2.39873710e-01 
 3.15500000e-10  2.45841890e-01 
 3.16500000e-10  2.51609957e-01 
 3.17500000e-10  2.57175340e-01 
 3.18500000e-10  2.62537187e-01 
 3.19500000e-10  2.67696119e-01 
 3.20500000e-10  2.72653385e-01 
 3.21500000e-10  2.77411975e-01 
 3.22500000e-10  2.81975647e-01 
 3.23500000e-10  2.86348903e-01 
 3.24500000e-10  2.90536684e-01 
 3.25500000e-10  2.94544100e-01 
 3.26500000e-10  2.98376231e-01 
 3.27500000e-10  3.02037743e-01 
 3.28500000e-10  3.05532775e-01 
 3.29500000e-10  3.08864563e-01 
 3.30500000e-10  3.12035454e-01 
 3.31500000e-10  3.15046634e-01 
 3.32500000e-10  3.17898296e-01 
 3.33500000e-10  3.20589498e-01 
 3.34500000e-10  3.23118474e-01 
 3.35500000e-10  3.25482598e-01 
 3.36500000e-10  3.27678764e-01 
 3.37500000e-10  3.29703407e-01 
 3.38500000e-10  3.31552892e-01 
 3.39500000e-10  3.33223529e-01 
 3.40500000e-10  3.34711926e-01 
 3.41500000e-10  3.36014978e-01 
 3.42500000e-10  3.37130147e-01 
 3.43500000e-10  3.38055420e-01 
 3.44500000e-10  3.38789523e-01 
 3.45500000e-10  3.39331835e-01 
 3.46500000e-10  3.39682562e-01 
 3.47500000e-10  3.39842614e-01 
 3.48500000e-10  3.39813740e-01 
 3.49500000e-10  3.39598397e-01 
 3.50500000e-10  3.39199867e-01 
 3.51500000e-10  3.38622135e-01 
 3.52500000e-10  3.37870016e-01 
 3.53500000e-10  3.36949071e-01 
 3.54500000e-10  3.35865773e-01 
 3.55500000e-10  3.34627484e-01 
 3.56500000e-10  3.33242675e-01 
 3.57500000e-10  3.31720963e-01 
 3.58500000e-10  3.30073348e-01 
 3.59500000e-10  3.28312218e-01 
 3.60500000e-10  3.26451444e-01 
 3.61500000e-10  3.24506149e-01 
 3.62500000e-10  3.22492422e-01 
 3.63500000e-10  3.20426634e-01 
 3.64500000e-10  3.18324690e-01 
 3.65500000e-10  3.16200981e-01 
 3.66500000e-10  3.14067555e-01 
 3.67500000e-10  3.11933343e-01 
 3.68500000e-10  3.09803339e-01 
 3.69500000e-10  3.07680441e-01 
 3.70500000e-10  3.05564394e-01 
 3.71500000e-10  3.03452675e-01 
 3.72500000e-10  3.01341331e-01 
 3.73500000e-10  2.99225739e-01 
 3.74500000e-10  2.97100977e-01 
 3.75500000e-10  2.94962311e-01 
 3.76500000e-10  2.92805324e-01 
 3.77500000e-10  2.90626146e-01 
 3.78500000e-10  2.88421440e-01 
 3.79500000e-10  2.86188480e-01 
 3.80500000e-10  2.83925092e-01 
 3.81500000e-10  2.81629651e-01 
 3.82500000e-10  2.79301018e-01 
 3.83500000e-10  2.76938503e-01 
 3.84500000e-10  2.74541815e-01 
 3.85500000e-10  2.72111010e-01 
 3.86500000e-10  2.69646463e-01 
 3.87500000e-10  2.67148805e-01 
 3.88500000e-10  2.64618912e-01 
 3.89500000e-10  2.62057844e-01 
 3.90500000e-10  2.59466846e-01 
 3.91500000e-10  2.56847287e-01 
 3.92500000e-10  2.54200673e-01 
 3.93500000e-10  2.51528586e-01 
 3.94500000e-10  2.48832709e-01 
 3.95500000e-10  2.46114987e-01 
 3.96500000e-10  2.43377174e-01 
 3.97500000e-10  2.40620781e-01 
 3.98500000e-10  2.37847706e-01 
 3.99500000e-10  2.35059749e-01 
 4.00500000e-10  2.32258797e-01 
 4.01500000e-10  2.29446656e-01 
 4.02500000e-10  2.26625180e-01 
 4.03500000e-10  2.23796143e-01 
 4.04500000e-10  2.20961349e-01 
 4.05500000e-10  2.18122517e-01 
 4.06500000e-10  2.15281380e-01 
 4.07500000e-10  2.12439587e-01 
 4.08500000e-10  2.09598788e-01 
 4.09500000e-10  2.06760548e-01 
 4.10500000e-10  2.03926425e-01 
 4.11500000e-10  2.01097892e-01 
 4.12500000e-10  1.98276409e-01 
 4.13500000e-10  1.95463349e-01 
 4.14500000e-10  1.92660071e-01 
 4.15500000e-10  1.89867846e-01 
 4.16500000e-10  1.87087928e-01 
 4.17500000e-10  1.84321486e-01 
 4.18500000e-10  1.81569670e-01 
 4.19500000e-10  1.78833543e-01 
 4.20500000e-10  1.76114155e-01 
 4.21500000e-10  1.73412466e-01 
 4.22500000e-10  1.70729425e-01 
 4.23500000e-10  1.68065893e-01 
 4.24500000e-10  1.65422719e-01 
 4.25500000e-10  1.62800669e-01 
 4.26500000e-10  1.60200497e-01 
 4.27500000e-10  1.57622877e-01 
 4.28500000e-10  1.55068472e-01 
 4.29500000e-10  1.52537867e-01 
 4.30500000e-10  1.50031640e-01 
 4.31500000e-10  1.47550289e-01 
 4.32500000e-10  1.45094308e-01 
 4.33500000e-10  1.42664106e-01 
 4.34500000e-10  1.40260112e-01 
 4.35500000e-10  1.37882676e-01 
 4.36500000e-10  1.35532153e-01 
 4.37500000e-10  1.33208815e-01 
 4.38500000e-10  1.30912947e-01 
 4.39500000e-10  1.28644755e-01 
 4.40500000e-10  1.26404459e-01 
 4.41500000e-10  1.24192208e-01 
 4.42500000e-10  1.22008163e-01 
 4.43500000e-10  1.19852416e-01 
 4.44500000e-10  1.17725077e-01 
 4.45500000e-10  1.15626185e-01 
 4.46500000e-10  1.13555803e-01 
 4.47500000e-10  1.11513923e-01 
 4.48500000e-10  1.09500562e-01 
 4.49500000e-10  1.07515671e-01 
 4.50000000e-10  1.06533902e-01 
 4.50100000e-10  1.06338536e-01 
 4.50300000e-10  1.05948383e-01 
 4.50700000e-10  1.05171483e-01 
 4.51500000e-10  1.03631287e-01 
 4.52500000e-10  1.01731493e-01 
 4.53500000e-10  9.98598871e-02 
 4.54500000e-10  9.80163528e-02 
 4.55500000e-10  9.62007592e-02 
 4.56500000e-10  9.44129616e-02 
 4.57500000e-10  9.26528011e-02 
 4.58500000e-10  9.09201069e-02 
 4.59500000e-10  8.92146955e-02 
 4.60500000e-10  8.75364011e-02 
 4.61500000e-10  8.58850158e-02 
 4.62500000e-10  8.42602593e-02 
 4.63500000e-10  8.26619235e-02 
 4.64500000e-10  8.10897800e-02 
 4.65500000e-10  7.95435939e-02 
 4.66500000e-10  7.80231245e-02 
 4.67500000e-10  7.65281181e-02 
 4.68500000e-10  7.50583221e-02 
 4.69500000e-10  7.36134683e-02 
 4.70500000e-10  7.21932938e-02 
 4.71500000e-10  7.07975191e-02 
 4.72500000e-10  6.94258725e-02 
 4.73500000e-10  6.80780662e-02 
 4.74500000e-10  6.67538210e-02 
 4.75500000e-10  6.54528429e-02 
 4.76500000e-10  6.41748470e-02 
 4.77500000e-10  6.29195348e-02 
 4.78500000e-10  6.16866171e-02 
 4.79500000e-10  6.04757925e-02 
 4.80500000e-10  5.92867689e-02 
 4.81500000e-10  5.81192434e-02 
 4.82500000e-10  5.69729221e-02 
 4.83500000e-10  5.58475019e-02 
 4.84500000e-10  5.47426882e-02 
 4.85500000e-10  5.36581786e-02 
 4.86500000e-10  5.25936789e-02 
 4.87500000e-10  5.15488883e-02 
 4.88500000e-10  5.05235140e-02 
 4.89500000e-10  4.95172576e-02 
 4.90500000e-10  4.85298286e-02 
 4.91500000e-10  4.75609314e-02 
 4.92500000e-10  4.66102784e-02 
 4.93500000e-10  4.56775778e-02 
 4.94500000e-10  4.47625456e-02 
 4.95500000e-10  4.38648941e-02 
 4.96500000e-10  4.29843432e-02 
 4.97500000e-10  4.21206102e-02 
 4.98500000e-10  4.12734194e-02 
 4.99500000e-10  4.04424931e-02 
 5.00000000e-10  4.00330531e-02 
 5.00100000e-10  3.99517207e-02 
 5.00300000e-10  3.97893732e-02 
 5.00700000e-10  3.94665682e-02 
 5.01500000e-10  3.88284536e-02 
 5.02500000e-10  3.80446961e-02 
 5.03500000e-10  3.72761289e-02 
 5.04500000e-10  3.65224903e-02 
 5.05500000e-10  3.57835214e-02 
 5.06500000e-10  3.50589663e-02 
 5.07500000e-10  3.43485721e-02 
 5.08500000e-10  3.36520891e-02 
 5.09500000e-10  3.29692704e-02 
 5.10500000e-10  3.22998724e-02 
 5.11500000e-10  3.16436547e-02 
 5.12500000e-10  3.10003801e-02 
 5.13500000e-10  3.03698141e-02 
 5.14500000e-10  2.97517262e-02 
 5.15500000e-10  2.91458883e-02 
 5.16500000e-10  2.85520761e-02 
 5.17500000e-10  2.79700681e-02 
 5.18500000e-10  2.73996463e-02 
 5.19500000e-10  2.68405958e-02 
 5.20500000e-10  2.62927048e-02 
 5.21500000e-10  2.57557648e-02 
 5.22500000e-10  2.52295704e-02 
 5.23500000e-10  2.47139196e-02 
 5.24500000e-10  2.42086132e-02 
 5.25500000e-10  2.37134554e-02 
 5.26500000e-10  2.32282534e-02 
 5.27500000e-10  2.27528175e-02 
 5.28500000e-10  2.22869612e-02 
 5.29500000e-10  2.18305008e-02 
 5.30500000e-10  2.13832559e-02 
 5.31500000e-10  2.09450490e-02 
 5.32500000e-10  2.05157054e-02 
 5.33500000e-10  2.00950537e-02 
 5.34500000e-10  1.96829251e-02 
 5.35500000e-10  1.92791538e-02 
 5.36500000e-10  1.88835769e-02 
 5.37500000e-10  1.84960344e-02 
 5.38500000e-10  1.81163688e-02 
 5.39500000e-10  1.77444257e-02 
 5.40500000e-10  1.73800533e-02 
 5.41500000e-10  1.70231024e-02 
 5.42500000e-10  1.66734267e-02 
 5.43500000e-10  1.63308821e-02 
 5.44500000e-10  1.59953277e-02 
 5.45500000e-10  1.56666247e-02 
 5.46500000e-10  1.53446369e-02 
 5.47500000e-10  1.50292307e-02 
 5.48500000e-10  1.47202750e-02 
 5.49500000e-10  1.44176410e-02 
 5.50000000e-10  1.42686589e-02 
 5.50100000e-10  1.42390776e-02 
 5.50300000e-10  1.41800375e-02 
 5.50700000e-10  1.40626872e-02 
 5.51500000e-10  1.38308772e-02 
 5.52500000e-10  1.35464586e-02 
 5.53500000e-10  1.32678701e-02 
 5.54500000e-10  1.29949947e-02 
 5.55500000e-10  1.27277174e-02 
 5.56500000e-10  1.24659253e-02 
 5.57500000e-10  1.22095080e-02 
 5.58500000e-10  1.19583568e-02 
 5.59500000e-10  1.17123653e-02 
 5.60500000e-10  1.14714292e-02 
 5.61500000e-10  1.12354460e-02 
 5.62500000e-10  1.10043153e-02 
 5.63500000e-10  1.07779386e-02 
 5.64500000e-10  1.05562195e-02 
 5.65500000e-10  1.03390632e-02 
 5.66500000e-10  1.01263768e-02 
 5.67500000e-10  9.91806945e-03 
 5.68500000e-10  9.71405180e-03 
 5.69500000e-10  9.51423642e-03 
 5.70500000e-10  9.31853754e-03 
 5.71500000e-10  9.12687108e-03 
 5.72500000e-10  8.93915465e-03 
 5.73500000e-10  8.75530747e-03 
 5.74500000e-10  8.57525037e-03 
 5.75500000e-10  8.39890575e-03 
 5.76500000e-10  8.22619756e-03 
 5.77500000e-10  8.05705127e-03 
 5.78500000e-10  7.89139381e-03 
 5.79500000e-10  7.72915362e-03 
 5.80500000e-10  7.57026053e-03 
 5.81500000e-10  7.41464580e-03 
 5.82500000e-10  7.26224208e-03 
 5.83500000e-10  7.11298335e-03 
 5.84500000e-10  6.96680494e-03 
 5.85500000e-10  6.82364348e-03 
 5.86500000e-10  6.68343687e-03 
 5.87500000e-10  6.54612428e-03 
 5.88500000e-10  6.41164611e-03 
 5.89500000e-10  6.27994397e-03 
 5.90500000e-10  6.15096063e-03 
 5.91500000e-10  6.02464007e-03 
 5.92500000e-10  5.90092736e-03 
 5.93500000e-10  5.77976872e-03 
 5.94500000e-10  5.66111146e-03 
 5.95500000e-10  5.54490395e-03 
 5.96500000e-10  5.43109563e-03 
 5.97500000e-10  5.31963696e-03 
 5.98500000e-10  5.21047943e-03 
 5.99500000e-10  5.10357551e-03 
 6.00500000e-10  4.99887864e-03 
 6.01500000e-10  4.89634322e-03 
 6.02500000e-10  4.79592459e-03 
 6.03500000e-10  4.69757900e-03 
 6.04500000e-10  4.60126359e-03 
 6.05500000e-10  4.50693640e-03 
 6.06500000e-10  4.41455632e-03 
 6.07500000e-10  4.32408308e-03 
 6.08500000e-10  4.23547724e-03 
 6.09500000e-10  4.14870020e-03 
 6.10500000e-10  4.06371411e-03 
 6.11500000e-10  3.98048193e-03 
 6.12500000e-10  3.89896737e-03 
 6.13500000e-10  3.81913490e-03 
 6.14500000e-10  3.74094971e-03 
 6.15500000e-10  3.66437772e-03 
 6.16500000e-10  3.58938555e-03 
 6.17500000e-10  3.51594050e-03 
 6.18500000e-10  3.44401055e-03 
 6.19500000e-10  3.37356436e-03 
 6.20500000e-10  3.30457120e-03 
 6.21500000e-10  3.23700102e-03 
 6.22500000e-10  3.17082436e-03 
 6.23500000e-10  3.10601237e-03 
 6.24500000e-10  3.04253681e-03 
 6.25500000e-10  2.98037003e-03 
 6.26500000e-10  2.91948492e-03 
 6.27500000e-10  2.85985497e-03 
 6.28500000e-10  2.80145420e-03 
 6.29500000e-10  2.74425717e-03 
 6.30500000e-10  2.68823896e-03 
 6.31500000e-10  2.63337517e-03 
 6.32500000e-10  2.57964192e-03 
 6.33500000e-10  2.52701580e-03 
 6.34500000e-10  2.47547391e-03 
 6.35500000e-10  2.42499381e-03 
 6.36500000e-10  2.37555352e-03 
 6.37500000e-10  2.32713153e-03 
 6.38500000e-10  2.27970677e-03 
 6.39500000e-10  2.23325860e-03 
 6.40500000e-10  2.18776682e-03 
 6.41500000e-10  2.14321164e-03 
 6.42500000e-10  2.09957368e-03 
 6.43500000e-10  2.05683397e-03 
 6.44500000e-10  2.01497392e-03 
 6.45500000e-10  1.97397534e-03 
 6.46500000e-10  1.93382042e-03 
 6.47500000e-10  1.89449169e-03 
 6.48500000e-10  1.85597207e-03 
 6.49500000e-10  1.81824484e-03 
 6.50500000e-10  1.78129359e-03 
 6.51500000e-10  1.74510229e-03 
 6.52500000e-10  1.70965522e-03 
 6.53500000e-10  1.67493700e-03 
 6.54500000e-10  1.64093255e-03 
 6.55500000e-10  1.60762712e-03 
 6.56500000e-10  1.57500625e-03 
 6.57500000e-10  1.54305580e-03 
 6.58500000e-10  1.51176191e-03 
 6.59500000e-10  1.48111101e-03 
 6.60500000e-10  1.45108981e-03 
 6.61500000e-10  1.42168529e-03 
 6.62500000e-10  1.39288472e-03 
 6.63500000e-10  1.36467562e-03 
 6.64500000e-10  1.33704575e-03 
 6.65500000e-10  1.30998317e-03 
 6.66500000e-10  1.28347614e-03 
 6.67500000e-10  1.25751319e-03 
 6.68500000e-10  1.23208308e-03 
 6.69500000e-10  1.20717481e-03 
 6.70500000e-10  1.18277761e-03 
 6.71500000e-10  1.15888090e-03 
 6.72500000e-10  1.13547437e-03 
 6.73500000e-10  1.11254789e-03 
 6.74500000e-10  1.09009155e-03 
 6.75500000e-10  1.06809564e-03 
 6.76500000e-10  1.04655066e-03 
 6.77500000e-10  1.02544730e-03 
 6.78500000e-10  1.00477644e-03 
 6.79500000e-10  9.84529162e-04 
 6.80500000e-10  9.64696720e-04 
 6.81500000e-10  9.45270554e-04 
 6.82500000e-10  9.26242282e-04 
 6.83500000e-10  9.07603694e-04 
 6.84500000e-10  8.89346751e-04 
 6.85500000e-10  8.71463580e-04 
 6.86500000e-10  8.53946471e-04 
 6.87500000e-10  8.36787874e-04 
 6.88500000e-10  8.19980395e-04 
 6.89500000e-10  8.03516794e-04 
 6.90500000e-10  7.87389977e-04 
 6.91500000e-10  7.71593004e-04 
 6.92500000e-10  7.56119071e-04 
 6.93500000e-10  7.40961520e-04 
 6.94500000e-10  7.26113830e-04 
 6.95500000e-10  7.11569613e-04 
 6.96500000e-10  6.97322614e-04 
 6.97500000e-10  6.83366709e-04 
 6.98500000e-10  6.69695898e-04 
 6.99500000e-10  6.56304308e-04 
 7.00000000e-10  6.49711593e-04 
 7.00100000e-10  1.18539878e-03 
 7.00300000e-10  1.79743737e-03 
 7.00700000e-10  2.47306078e-03 
 7.01500000e-10  3.91137063e-03 
 7.02500000e-10  5.40458208e-03 
 7.03500000e-10  6.84627088e-03 
 7.04500000e-10  8.09152971e-03 
 7.05500000e-10  9.31622842e-03 
 7.06500000e-10  1.04040229e-02 
 7.07500000e-10  1.14811124e-02 
 7.08500000e-10  1.24582874e-02 
 7.09500000e-10  1.34278506e-02 
 7.10500000e-10  1.43220973e-02 
 7.11500000e-10  1.52091807e-02 
 7.12500000e-10  1.60375665e-02 
 7.13500000e-10  1.68579567e-02 
 7.14500000e-10  1.76308255e-02 
 7.15500000e-10  1.83943417e-02 
 7.16500000e-10  1.91143256e-02 
 7.17500000e-10  1.98215907e-02 
 7.18500000e-10  2.04946438e-02 
 7.19500000e-10  2.11592132e-02 
 7.20500000e-10  2.17972291e-02 
 7.21500000e-10  2.24308263e-02 
 7.22500000e-10  2.30476546e-02 
 7.23500000e-10  2.36672167e-02 
 7.24500000e-10  2.42801810e-02 
 7.25500000e-10  2.49014768e-02 
 7.26500000e-10  2.55192547e-02 
 7.27500000e-10  2.61255187e-02 
 7.28500000e-10  2.67152509e-02 
 7.29500000e-10  2.72983908e-02 
 7.30500000e-10  2.78654474e-02 
 7.31500000e-10  2.84215375e-02 
 7.32500000e-10  2.89650977e-02 
 7.33500000e-10  2.95086662e-02 
 7.34500000e-10  3.00582836e-02 
 7.35500000e-10  3.06317898e-02 
 7.36500000e-10  3.12398716e-02 
 7.37500000e-10  3.19034302e-02 
 7.38500000e-10  3.26356479e-02 
 7.39500000e-10  3.34579118e-02 
 7.40500000e-10  3.43826943e-02 
 7.41500000e-10  3.54289392e-02 
 7.42500000e-10  3.66064790e-02 
 7.43500000e-10  3.79317187e-02 
 7.44500000e-10  3.94092810e-02 
 7.45500000e-10  4.10569941e-02 
 7.46500000e-10  4.28869260e-02 
 7.47500000e-10  4.49188664e-02 
 7.48500000e-10  4.71840067e-02 
 7.49500000e-10  4.97302837e-02 
 7.50000000e-10  5.11161974e-02 
 7.50100000e-10  5.14790196e-02 
 7.50300000e-10  5.21168865e-02 
 7.50700000e-10  5.34046155e-02 
 7.51500000e-10  5.60458299e-02 
 7.52500000e-10  5.94436094e-02 
 7.53500000e-10  6.31807023e-02 
 7.54500000e-10  6.73389729e-02 
 7.55500000e-10  7.21356427e-02 
 7.56500000e-10  7.75967306e-02 
 7.57500000e-10  8.37992185e-02 
 7.58500000e-10  9.06288052e-02 
 7.59500000e-10  9.80024250e-02 
 7.60500000e-10  1.05615143e-01 
 7.61500000e-10  1.13046340e-01 
 7.62500000e-10  1.19487406e-01 
 7.63500000e-10  1.24001833e-01 
 7.64500000e-10  1.25704302e-01 
 7.65500000e-10  1.24197207e-01 
 7.66500000e-10  1.19497587e-01 
 7.67500000e-10  1.12119875e-01 
 7.68500000e-10  1.02721035e-01 
 7.69500000e-10  9.17685208e-02 
 7.70500000e-10  7.97555547e-02 
 7.71500000e-10  6.73015353e-02 
 7.72500000e-10  5.48171435e-02 
 7.73500000e-10  4.27257966e-02 
 7.74500000e-10  3.12738935e-02 
 7.75500000e-10  2.06864946e-02 
 7.76500000e-10  1.10582683e-02 
 7.77500000e-10  2.46521610e-03 
 7.78500000e-10 -5.65636602e-03 
 7.79500000e-10 -1.29373576e-02 
 7.80500000e-10 -1.89851906e-02 
 7.81500000e-10 -2.39281164e-02 
 7.82500000e-10 -2.78538797e-02 
 7.83500000e-10 -3.08126706e-02 
 7.84500000e-10 -3.28228541e-02 
 7.85500000e-10 -3.40090224e-02 
 7.86500000e-10 -3.46532925e-02 
 7.87500000e-10 -3.51155865e-02 
 7.88500000e-10 -3.56291779e-02 
 7.89500000e-10 -3.63031602e-02 
 7.90500000e-10 -3.70906924e-02 
 7.91500000e-10 -3.78075167e-02 
 7.92500000e-10 -3.80826715e-02 
 7.93500000e-10 -3.74282375e-02 
 7.94500000e-10 -3.56132972e-02 
 7.95500000e-10 -3.26602650e-02 
 7.96500000e-10 -2.87081540e-02 
 7.97500000e-10 -2.41355065e-02 
 7.98500000e-10 -1.93604470e-02 
 7.99500000e-10 -1.47527074e-02 
 8.00500000e-10 -1.05555103e-02 
 8.01500000e-10 -6.91568516e-03 
 8.02500000e-10 -3.87800898e-03 
 8.03500000e-10 -1.43586366e-03 
 8.04500000e-10  4.26197246e-04 
 8.05500000e-10  1.73074349e-03 
 8.06500000e-10  2.70624354e-03 
 8.07500000e-10  3.43187133e-03 
 8.08500000e-10  3.93564798e-03 
 8.09500000e-10  4.26087174e-03 
 8.10500000e-10  4.44627144e-03 
 8.11500000e-10  4.52130698e-03 
 8.12500000e-10  4.51697034e-03 
 8.13500000e-10  4.45157733e-03 
 8.14500000e-10  4.34649005e-03 
 8.15500000e-10  4.21156516e-03 
 8.16500000e-10  4.06082442e-03 
 8.17500000e-10  3.89847268e-03 
 8.18500000e-10  3.73362815e-03 
 8.19500000e-10  3.56706718e-03 
 8.20500000e-10  3.40484390e-03 
 8.21500000e-10  3.24582741e-03 
 8.22500000e-10  3.09422540e-03 
 8.23500000e-10  2.94795106e-03 
 8.24500000e-10  2.81011485e-03 
 8.25500000e-10  2.67823171e-03 
 8.26500000e-10  2.55475470e-03 
 8.27500000e-10  2.43710950e-03 
 8.28500000e-10  2.32734196e-03 
 8.29500000e-10  2.22294945e-03 
 8.30500000e-10  2.12571018e-03 
 8.31500000e-10  2.03326973e-03 
 8.32500000e-10  1.94721604e-03 
 8.33500000e-10  1.86537325e-03 
 8.34500000e-10  1.78918236e-03 
 8.35500000e-10  1.71665213e-03 
 8.36500000e-10  1.64910174e-03 
 8.37500000e-10  1.58471853e-03 
 8.38500000e-10  1.52471552e-03 
 8.39500000e-10  1.46744708e-03 
 8.40500000e-10  1.41403074e-03 
 8.41500000e-10  1.36297438e-03 
 8.42500000e-10  1.31530817e-03 
 8.43500000e-10  1.26967973e-03 
 8.44500000e-10  1.22703859e-03 
 8.45500000e-10  1.18615897e-03 
 8.46500000e-10  1.14791569e-03 
 8.47500000e-10  1.11119739e-03 
 8.48500000e-10  1.07680964e-03 
 8.49500000e-10  1.04374436e-03 
 8.50500000e-10  1.01274295e-03 
 8.51500000e-10  9.82890556e-04 
 8.52500000e-10  9.54869155e-04 
 8.53500000e-10  9.27848084e-04 
 8.54500000e-10  9.02454341e-04 
 8.55500000e-10  8.77933329e-04 
 8.56500000e-10  8.54861243e-04 
 8.57500000e-10  8.32552262e-04 
 8.58500000e-10  8.11535668e-04 
 8.59500000e-10  7.91187878e-04 
 8.60500000e-10  7.71994891e-04 
 8.61500000e-10  7.53389483e-04 
 8.62500000e-10  7.35817747e-04 
 8.63500000e-10  7.18763541e-04 
 8.64500000e-10  7.02636183e-04 
 8.65500000e-10  6.86965859e-04 
 8.66500000e-10  6.72128022e-04 
 8.67500000e-10  6.57694903e-04 
 8.68500000e-10  6.44010782e-04 
 8.69500000e-10  6.30686068e-04 
 8.70500000e-10  6.18036364e-04 
 8.71500000e-10  6.05706768e-04 
 8.72500000e-10  5.93986510e-04 
 8.73500000e-10  5.82552219e-04 
 8.74500000e-10  5.71668887e-04 
 8.75500000e-10  5.61041808e-04 
 8.76500000e-10  5.50913715e-04 
 8.77500000e-10  5.41015971e-04 
 8.78500000e-10  5.31570871e-04 
 8.79500000e-10  5.22333493e-04 
 8.80500000e-10  5.13507382e-04 
 8.81500000e-10  5.04869185e-04 
 8.82500000e-10  4.96605257e-04 
 8.83500000e-10  4.88511866e-04 
 8.84500000e-10  4.80759619e-04 
 8.85500000e-10  4.73162624e-04 
 8.86500000e-10  4.65877075e-04 
 8.87500000e-10  4.58733303e-04 
 8.88500000e-10  4.51874318e-04 
 8.89500000e-10  4.45145190e-04 
 8.90500000e-10  4.38676892e-04 
 8.91500000e-10  4.32327881e-04 
 8.92500000e-10  4.26218141e-04 
 8.93500000e-10  4.20218281e-04 
 8.94500000e-10  4.14438273e-04 
 8.95500000e-10  4.08759747e-04 
 8.96500000e-10  4.03283562e-04 
 8.97500000e-10  3.97901331e-04 
 8.98500000e-10  3.92705638e-04 
 8.99500000e-10  3.87597126e-04 
 9.00500000e-10  3.82660872e-04 
 9.01500000e-10  3.77805684e-04 
 9.02500000e-10  3.73109843e-04 
 9.03500000e-10  3.68489520e-04 
 9.04500000e-10  3.64016860e-04 
 9.05500000e-10  3.59614667e-04 
 9.06500000e-10  3.55349556e-04 
 9.07500000e-10  3.51150290e-04 
 9.08500000e-10  3.47078519e-04 
 9.09500000e-10  3.43068345e-04 
 9.10500000e-10  3.39176973e-04 
 9.11500000e-10  3.35343280e-04 
 9.12500000e-10  3.31620503e-04 
 9.13500000e-10  3.27951774e-04 
 9.14500000e-10  3.24386804e-04 
 9.15500000e-10  3.20872502e-04 
 9.16500000e-10  3.17455461e-04 
 9.17500000e-10  3.14085929e-04 
 9.18500000e-10  3.10807758e-04 
 9.19500000e-10  3.07574132e-04 
 9.20500000e-10  3.04426508e-04 
 9.21500000e-10  3.01320635e-04 
 9.22500000e-10  2.98295899e-04 
 9.23500000e-10  2.95310272e-04 
 9.24500000e-10  2.92401362e-04 
 9.25500000e-10  2.89529056e-04 
 9.26500000e-10  2.86729451e-04 
 9.27500000e-10  2.83964067e-04 
 9.28500000e-10  2.81267737e-04 
 9.29500000e-10  2.78603353e-04 
 9.30500000e-10  2.76004714e-04 
 9.31500000e-10  2.73435841e-04 
 9.32500000e-10  2.70929712e-04 
 9.33500000e-10  2.68451258e-04 
 9.34500000e-10  2.66032824e-04 
 9.35500000e-10  2.63640055e-04 
 9.36500000e-10  2.61304838e-04 
 9.37500000e-10  2.58993348e-04 
 9.38500000e-10  2.56737176e-04 
 9.39500000e-10  2.54502859e-04 
 9.40500000e-10  2.52321839e-04 
 9.41500000e-10  2.50160865e-04 
 9.42500000e-10  2.48051360e-04 
 9.43500000e-10  2.45960149e-04 
 9.44500000e-10  2.43918758e-04 
 9.45500000e-10  2.41893962e-04 
 9.46500000e-10  2.39917500e-04 
 9.47500000e-10  2.37955984e-04 
 9.48500000e-10  2.36041464e-04 
 9.49500000e-10  2.34140287e-04 
 9.50000000e-10  2.33213187e-04 
 9.50100000e-10  2.33022601e-04 
 9.50300000e-10  2.32651267e-04 
 9.50700000e-10  2.31911370e-04 
 9.51500000e-10  2.30445691e-04 
 9.52500000e-10  2.28638175e-04 
 9.53500000e-10  2.26858306e-04 
 9.54500000e-10  2.25104649e-04 
 9.55500000e-10  2.23377481e-04 
 9.56500000e-10  2.21675345e-04 
 9.57500000e-10  2.19998601e-04 
 9.58500000e-10  2.18345775e-04 
 9.59500000e-10  2.16717305e-04 
 9.60500000e-10  2.15111704e-04 
 9.61500000e-10  2.13529477e-04 
 9.62500000e-10  2.11969132e-04 
 9.63500000e-10  2.10431230e-04 
 9.64500000e-10  2.08914278e-04 
 9.65500000e-10  2.07418889e-04 
 9.66500000e-10  2.05943570e-04 
 9.67500000e-10  2.04488978e-04 
 9.68500000e-10  2.03053626e-04 
 9.69500000e-10  2.01638207e-04 
 9.70500000e-10  2.00241242e-04 
 9.71500000e-10  1.98863457e-04 
 9.72500000e-10  1.97503384e-04 
 9.73500000e-10  1.96161772e-04 
 9.74500000e-10  1.94837170e-04 
 9.75500000e-10  1.93530348e-04 
 9.76500000e-10  1.92239869e-04 
 9.77500000e-10  1.90966520e-04 
 9.78500000e-10  1.89708884e-04 
 9.79500000e-10  1.88467759e-04 
 9.80500000e-10  1.87241747e-04 
 9.81500000e-10  1.86031657e-04 
 9.82500000e-10  1.84836111e-04 
 9.83500000e-10  1.83655924e-04 
 9.84500000e-10  1.82489739e-04 
 9.85500000e-10  1.81338378e-04 
 9.86500000e-10  1.80200505e-04 
 9.87500000e-10  1.79076943e-04 
 9.88500000e-10  1.77966380e-04 
 9.89500000e-10  1.76869638e-04 
 9.90500000e-10  1.75785430e-04 
 9.91500000e-10  1.74714575e-04 
 9.92500000e-10  1.73655811e-04 
 9.93500000e-10  1.72609952e-04 
 9.94500000e-10  1.71575761e-04 
 9.95500000e-10  1.70554047e-04 
 9.96500000e-10  1.69543599e-04 
 9.97500000e-10  1.68545218e-04 
 9.98500000e-10  1.67557718e-04 
 9.99500000e-10  1.66581892e-04 
 1.00000000e-09  1.66097750e-04 
 1.00010000e-09  1.66001347e-04 
 1.00030000e-09  1.65808811e-04 
 1.00070000e-09  1.65424981e-04 
 1.00150000e-09  1.64662446e-04 
 1.00250000e-09  1.63718858e-04 
 1.00350000e-09  1.62785710e-04 
 1.00450000e-09  1.61862871e-04 
 1.00550000e-09  1.60950142e-04 
 1.00650000e-09  1.60047391e-04 
 1.00750000e-09  1.59154433e-04 
 1.00850000e-09  1.58271135e-04 
 1.00950000e-09  1.57397324e-04 
 1.01050000e-09  1.56532867e-04 
 1.01150000e-09  1.55677605e-04 
 1.01250000e-09  1.54831403e-04 
 1.01350000e-09  1.53994115e-04 
 1.01450000e-09  1.53165606e-04 
 1.01550000e-09  1.52345741e-04 
 1.01650000e-09  1.51534384e-04 
 1.01750000e-09  1.50731413e-04 
 1.01850000e-09  1.49936690e-04 
 1.01950000e-09  1.49150103e-04 
 1.02050000e-09  1.48371523e-04 
 1.02150000e-09  1.47600835e-04 
 1.02250000e-09  1.46837916e-04 
 1.02350000e-09  1.46082655e-04 
 1.02450000e-09  1.45334931e-04 
 1.02550000e-09  1.44594643e-04 
 1.02650000e-09  1.43861672e-04 
 1.02750000e-09  1.43135921e-04 
 1.02850000e-09  1.42417277e-04 
 1.02950000e-09  1.41705648e-04 
 1.03050000e-09  1.41000922e-04 
 1.03150000e-09  1.40303012e-04 
 1.03250000e-09  1.39611809e-04 
 1.03350000e-09  1.38927233e-04 
 1.03450000e-09  1.38249176e-04 
 1.03550000e-09  1.37577559e-04 
 1.03650000e-09  1.36912281e-04 
 1.03750000e-09  1.36253267e-04 
 1.03850000e-09  1.35600417e-04 
 1.03950000e-09  1.34953658e-04 
 1.04050000e-09  1.34312894e-04 
 1.04150000e-09  1.33678057e-04 
 1.04250000e-09  1.33049052e-04 
 1.04350000e-09  1.32425815e-04 
 1.04450000e-09  1.31808254e-04 
 1.04550000e-09  1.31196305e-04 
 1.04650000e-09  1.30589882e-04 
 1.04750000e-09  1.29988925e-04 
 1.04850000e-09  1.29393346e-04 
 1.04950000e-09  1.28803089e-04 
 1.05000000e-09  1.28509923e-04 
 1.05010000e-09  1.28451397e-04 
 1.05030000e-09  1.28334626e-04 
 1.05070000e-09  1.28101678e-04 
 1.05150000e-09  1.27638220e-04 
 1.05250000e-09  1.27063512e-04 
 1.05350000e-09  1.26493821e-04 
 1.05450000e-09  1.25929124e-04 
 1.05550000e-09  1.25369321e-04 
 1.05650000e-09  1.24814385e-04 
 1.05750000e-09  1.24264221e-04 
 1.05850000e-09  1.23718799e-04 
 1.05950000e-09  1.23178032e-04 
 1.06050000e-09  1.22641886e-04 
 1.06150000e-09  1.22110280e-04 
 1.06250000e-09  1.21583178e-04 
 1.06350000e-09  1.21060506e-04 
 1.06450000e-09  1.20542224e-04 
 1.06550000e-09  1.20028265e-04 
 1.06650000e-09  1.19518588e-04 
 1.06750000e-09  1.19013129e-04 
 1.06850000e-09  1.18511846e-04 
 1.06950000e-09  1.18014681e-04 
 1.07050000e-09  1.17521589e-04 
 1.07150000e-09  1.17032517e-04 
 1.07250000e-09  1.16547421e-04 
 1.07350000e-09  1.16066248e-04 
 1.07450000e-09  1.15588957e-04 
 1.07550000e-09  1.15115497e-04 
 1.07650000e-09  1.14645826e-04 
 1.07750000e-09  1.14179896e-04 
 1.07850000e-09  1.13717667e-04 
 1.07950000e-09  1.13259092e-04 
 1.08050000e-09  1.12804130e-04 
 1.08150000e-09  1.12352739e-04 
 1.08250000e-09  1.11904878e-04 
 1.08350000e-09  1.11460506e-04 
 1.08450000e-09  1.11019582e-04 
 1.08550000e-09  1.10582067e-04 
 1.08650000e-09  1.10147923e-04 
 1.08750000e-09  1.09717111e-04 
 1.08850000e-09  1.09289592e-04 
 1.08950000e-09  1.08865331e-04 
 1.09050000e-09  1.08444290e-04 
 1.09150000e-09  1.08026434e-04 
 1.09250000e-09  1.07611726e-04 
 1.09350000e-09  1.07200132e-04 
 1.09450000e-09  1.06791617e-04 
 1.09550000e-09  1.06386147e-04 
 1.09650000e-09  1.05983689e-04 
 1.09750000e-09  1.05584210e-04 
 1.09850000e-09  1.05187676e-04 
 1.09950000e-09  1.04794056e-04 
 1.10050000e-09  1.04403318e-04 
 1.10150000e-09  1.04015432e-04 
 1.10250000e-09  1.03630366e-04 
 1.10350000e-09  1.03248090e-04 
 1.10450000e-09  1.02868574e-04 
 1.10550000e-09  1.02491789e-04 
 1.10650000e-09  1.02117706e-04 
 1.10750000e-09  1.01746296e-04 
 1.10850000e-09  1.01377530e-04 
 1.10950000e-09  1.01011381e-04 
 1.11050000e-09  1.00647822e-04 
 1.11150000e-09  1.00286826e-04 
 1.11250000e-09  9.99283644e-05 
 1.11350000e-09  9.95724130e-05 
 1.11450000e-09  9.92189445e-05 
 1.11550000e-09  9.88679345e-05 
 1.11650000e-09  9.85193563e-05 
 1.11750000e-09  9.81731863e-05 
 1.11850000e-09  9.78293988e-05 
 1.11950000e-09  9.74879705e-05 
 1.12050000e-09  9.71488767e-05 
 1.12150000e-09  9.68120945e-05 
 1.12250000e-09  9.64775996e-05 
 1.12350000e-09  9.61453700e-05 
 1.12450000e-09  9.58153821e-05 
 1.12550000e-09  9.54876145e-05 
 1.12650000e-09  9.51620440e-05 
 1.12750000e-09  9.48386500e-05 
 1.12850000e-09  9.45174100e-05 
 1.12950000e-09  9.41983037e-05 
 1.13050000e-09  9.38813090e-05 
 1.13150000e-09  9.35664062e-05 
 1.13250000e-09  9.32535739e-05 
 1.13350000e-09  9.29427931e-05 
 1.13450000e-09  9.26340427e-05 
 1.13550000e-09  9.23273043e-05 
 1.13650000e-09  9.20225570e-05 
 1.13750000e-09  9.17197832e-05 
 1.13850000e-09  9.14189627e-05 
 1.13950000e-09  9.11200779e-05 
 1.14050000e-09  9.08231095e-05 
 1.14150000e-09  9.05280401e-05 
 1.14250000e-09  9.02348507e-05 
 1.14350000e-09  8.99435246e-05 
 1.14450000e-09  8.96540434e-05 
 1.14550000e-09  8.93663909e-05 
 1.14650000e-09  8.90805487e-05 
 1.14750000e-09  8.87965010e-05 
 1.14850000e-09  8.85142299e-05 
 1.14950000e-09  8.82337202e-05 
 1.15050000e-09  8.79549545e-05 
 1.15150000e-09  8.76779180e-05 
 1.15250000e-09  8.74025938e-05 
 1.15350000e-09  8.71289667e-05 
 1.15450000e-09  8.68570206e-05 
 1.15550000e-09  8.65867412e-05 
 1.15650000e-09  8.63181124e-05 
 1.15750000e-09  8.60511202e-05 
 1.15850000e-09  8.57857486e-05 
 1.15950000e-09  8.55219840e-05 
 1.16050000e-09  8.52598114e-05 
 1.16150000e-09  8.49992173e-05 
 1.16250000e-09  8.47401866e-05 
 1.16350000e-09  8.44827064e-05 
 1.16450000e-09  8.42267619e-05 
 1.16550000e-09  8.39723407e-05 
 1.16650000e-09  8.37194283e-05 
 1.16750000e-09  8.34680123e-05 
 1.16850000e-09  8.32180787e-05 
 1.16950000e-09  8.29696155e-05 
 1.17050000e-09  8.27226089e-05 
 1.17150000e-09  8.24770471e-05 
 1.17250000e-09  8.22329166e-05 
 1.17350000e-09  8.19902061e-05 
 1.17450000e-09  8.17489025e-05 
 1.17550000e-09  8.15089945e-05 
 1.17650000e-09  8.12704690e-05 
 1.17750000e-09  8.10333155e-05 
 1.17850000e-09  8.07975211e-05 
 1.17950000e-09  8.05630753e-05 
 1.18050000e-09  8.03299657e-05 
 1.18150000e-09  8.00981821e-05 
 1.18250000e-09  7.98677121e-05 
 1.18350000e-09  7.96385456e-05 
 1.18450000e-09  7.94106706e-05 
 1.18550000e-09  7.91840776e-05 
 1.18650000e-09  7.89587551e-05 
 1.18750000e-09  7.87346929e-05 
 1.18850000e-09  7.85118799e-05 
 1.18950000e-09  7.82903067e-05 
 1.19050000e-09  7.80699621e-05 
 1.19150000e-09  7.78508367e-05 
 1.19250000e-09  7.76329199e-05 
 1.19350000e-09  7.74162026e-05 
 1.19450000e-09  7.72006741e-05 
 1.19550000e-09  7.69863255e-05 
 1.19650000e-09  7.67731464e-05 
 1.19750000e-09  7.65611285e-05 
 1.19850000e-09  7.63502611e-05 
 1.19950000e-09  7.61405360e-05 
 1.20000000e-09  7.60360975e-05 
 1.20010000e-09  4.94713509e-04 
 1.20030000e-09  1.02684358e-03 
 1.20070000e-09  1.65022126e-03 
 1.20150000e-09  2.59589755e-03 
 1.20250000e-09  3.15226712e-03 
 1.20350000e-09  3.42017352e-03 
 1.20450000e-09  3.42033104e-03 
 1.20550000e-09  3.37151010e-03 
 1.20650000e-09  3.21931501e-03 
 1.20750000e-09  3.09385193e-03 
 1.20850000e-09  2.92552902e-03 
 1.20950000e-09  2.80160491e-03 
 1.21050000e-09  2.65684527e-03 
 1.21150000e-09  2.55464880e-03 
 1.21250000e-09  2.43935534e-03 
 1.21350000e-09  2.35922775e-03 
 1.21450000e-09  2.26844121e-03 
 1.21550000e-09  2.20508514e-03 
 1.21650000e-09  2.13219203e-03 
 1.21750000e-09  2.08097212e-03 
 1.21850000e-09  2.02252142e-03 
 1.21950000e-09  1.98388163e-03 
 1.22050000e-09  1.94375598e-03 
 1.22150000e-09  1.92697818e-03 
 1.22250000e-09  1.91881460e-03 
 1.22350000e-09  1.94205195e-03 
 1.22450000e-09  1.98614893e-03 
 1.22550000e-09  2.07147122e-03 
 1.22650000e-09  2.19022058e-03 
 1.22750000e-09  2.35980679e-03 
 1.22850000e-09  2.57246458e-03 
 1.22950000e-09  2.83966613e-03 
 1.23050000e-09  3.14866381e-03 
 1.23150000e-09  3.50280290e-03 
 1.23250000e-09  3.88066841e-03 
 1.23350000e-09  4.26082548e-03 
 1.23450000e-09  4.57930252e-03 
 1.23550000e-09  4.75273712e-03 
 1.23650000e-09  4.67841895e-03 
 1.23750000e-09  4.31879517e-03 
 1.23850000e-09  3.70708104e-03 
 1.23950000e-09  2.94698410e-03 
 1.24050000e-09  2.13893481e-03 
 1.24150000e-09  1.38486461e-03 
 1.24250000e-09  7.79291726e-04 
 1.24350000e-09  3.74387027e-04 
 1.24450000e-09  2.00024647e-04 
 1.24550000e-09  2.79161578e-04 
 1.24650000e-09  6.08995386e-04 
 1.24750000e-09  1.17803419e-03 
 1.24850000e-09  1.95077467e-03 
 1.24950000e-09  2.87742282e-03 
 1.25000000e-09  3.38297667e-03 
 1.25010000e-09  3.82872035e-03 
 1.25030000e-09  4.21659630e-03 
 1.25070000e-09  4.67300207e-03 
 1.25150000e-09  5.73391790e-03 
 1.25250000e-09  6.69456007e-03 
 1.25350000e-09  7.70626366e-03 
 1.25450000e-09  8.60155485e-03 
 1.25550000e-09  9.61133665e-03 
 1.25650000e-09  1.05499254e-02 
 1.25750000e-09  1.15687831e-02 
 1.25850000e-09  1.25191939e-02 
 1.25950000e-09  1.35156426e-02 
 1.26050000e-09  1.44486023e-02 
 1.26150000e-09  1.54086382e-02 
 1.26250000e-09  1.63172664e-02 
 1.26350000e-09  1.72471629e-02 
 1.26450000e-09  1.81423247e-02 
 1.26550000e-09  1.90613063e-02 
 1.26650000e-09  1.99643177e-02 
 1.26750000e-09  2.08990081e-02 
 1.26850000e-09  2.18375666e-02 
 1.26950000e-09  2.28196383e-02 
 1.27050000e-09  2.38267645e-02 
 1.27150000e-09  2.48932906e-02 
 1.27250000e-09  2.60087625e-02 
 1.27350000e-09  2.72048872e-02 
 1.27450000e-09  2.84789275e-02 
 1.27550000e-09  2.98626223e-02 
 1.27650000e-09  3.13612730e-02 
 1.27750000e-09  3.30087189e-02 
 1.27850000e-09  3.48178158e-02 
 1.27950000e-09  3.68243526e-02 
 1.28050000e-09  3.90463139e-02 
 1.28150000e-09  4.15208439e-02 
 1.28250000e-09  4.42718001e-02 
 1.28350000e-09  4.73368347e-02 
 1.28450000e-09  5.07340071e-02 
 1.28550000e-09  5.44983030e-02 
 1.28650000e-09  5.86736739e-02 
 1.28750000e-09  6.33357889e-02 
 1.28850000e-09  6.85584843e-02 
 1.28950000e-09  7.44144010e-02 
 1.29050000e-09  8.09329592e-02 
 1.29150000e-09  8.80947197e-02 
 1.29250000e-09  9.58027065e-02 
 1.29350000e-09  1.03906048e-01 
 1.29450000e-09  1.12219244e-01 
 1.29550000e-09  1.20582716e-01 
 1.29650000e-09  1.28876159e-01 
 1.29750000e-09  1.37032565e-01 
 1.29850000e-09  1.45014219e-01 
 1.29950000e-09  1.52812625e-01 
 1.30050000e-09  1.60428788e-01 
 1.30150000e-09  1.67879423e-01 
 1.30250000e-09  1.75183711e-01 
 1.30350000e-09  1.82368114e-01 
 1.30450000e-09  1.89448277e-01 
 1.30550000e-09  1.96430485e-01 
 1.30650000e-09  2.03303145e-01 
 1.30750000e-09  2.10050608e-01 
 1.30850000e-09  2.16651737e-01 
 1.30950000e-09  2.23091154e-01 
 1.31050000e-09  2.29353546e-01 
 1.31150000e-09  2.35430383e-01 
 1.31250000e-09  2.41312975e-01 
 1.31350000e-09  2.46998362e-01 
 1.31450000e-09  2.52482532e-01 
 1.31550000e-09  2.57765598e-01 
 1.31650000e-09  2.62846976e-01 
 1.31750000e-09  2.67729934e-01 
 1.31850000e-09  2.72416316e-01 
 1.31950000e-09  2.76911303e-01 
 1.32050000e-09  2.81218320e-01 
 1.32150000e-09  2.85343516e-01 
 1.32250000e-09  2.89290867e-01 
 1.32350000e-09  2.93066375e-01 
 1.32450000e-09  2.96673414e-01 
 1.32550000e-09  3.00116720e-01 
 1.32650000e-09  3.03398051e-01 
 1.32750000e-09  3.06520059e-01 
 1.32850000e-09  3.09482326e-01 
 1.32950000e-09  3.12285173e-01 
 1.33050000e-09  3.14926064e-01 
 1.33150000e-09  3.17403347e-01 
 1.33250000e-09  3.19712954e-01 
 1.33350000e-09  3.21852024e-01 
 1.33450000e-09  3.23815810e-01 
 1.33550000e-09  3.25601138e-01 
 1.33650000e-09  3.27203442e-01 
 1.33750000e-09  3.28620032e-01 
 1.33850000e-09  3.29847223e-01 
 1.33950000e-09  3.30883402e-01 
 1.34050000e-09  3.31726232e-01 
 1.34150000e-09  3.32375538e-01 
 1.34250000e-09  3.32830589e-01 
 1.34350000e-09  3.33092816e-01 
 1.34450000e-09  3.33163176e-01 
 1.34550000e-09  3.33044736e-01 
 1.34650000e-09  3.32740128e-01 
 1.34750000e-09  3.32254032e-01 
 1.34850000e-09  3.31590741e-01 
 1.34950000e-09  3.30756585e-01 
 1.35050000e-09  3.29757625e-01 
 1.35150000e-09  3.28602052e-01 
 1.35250000e-09  3.27298023e-01 
 1.35350000e-09  3.25856034e-01 
 1.35450000e-09  3.24286859e-01 
 1.35550000e-09  3.22603806e-01 
 1.35650000e-09  3.20820586e-01 
 1.35750000e-09  3.18953243e-01 
 1.35850000e-09  3.17017705e-01 
 1.35950000e-09  3.15031173e-01 
 1.36050000e-09  3.13009257e-01 
 1.36150000e-09  3.10966959e-01 
 1.36250000e-09  3.08915792e-01 
 1.36350000e-09  3.06865019e-01 
 1.36450000e-09  3.04819431e-01 
 1.36550000e-09  3.02781527e-01 
 1.36650000e-09  3.00749547e-01 
 1.36750000e-09  2.98721931e-01 
 1.36850000e-09  2.96693921e-01 
 1.36950000e-09  2.94661171e-01 
 1.37050000e-09  2.92618089e-01 
 1.37150000e-09  2.90560297e-01 
 1.37250000e-09  2.88482793e-01 
 1.37350000e-09  2.86382110e-01 
 1.37450000e-09  2.84254396e-01 
 1.37550000e-09  2.82097354e-01 
 1.37650000e-09  2.79908344e-01 
 1.37750000e-09  2.77686173e-01 
 1.37850000e-09  2.75429274e-01 
 1.37950000e-09  2.73137387e-01 
 1.38050000e-09  2.70809820e-01 
 1.38150000e-09  2.68447052e-01 
 1.38250000e-09  2.66049077e-01 
 1.38350000e-09  2.63616940e-01 
 1.38450000e-09  2.61151153e-01 
 1.38550000e-09  2.58653178e-01 
 1.38650000e-09  2.56123912e-01 
 1.38750000e-09  2.53565116e-01 
 1.38850000e-09  2.50977956e-01 
 1.38950000e-09  2.48364400e-01 
 1.39050000e-09  2.45725798e-01 
 1.39150000e-09  2.43064245e-01 
 1.39250000e-09  2.40381205e-01 
 1.39350000e-09  2.37678843e-01 
 1.39450000e-09  2.34958683e-01 
 1.39550000e-09  2.32223313e-01 
 1.39650000e-09  2.29473806e-01 
 1.39750000e-09  2.26712386e-01 
 1.39850000e-09  2.23940502e-01 
 1.39950000e-09  2.21160358e-01 
 1.40050000e-09  2.18373391e-01 
 1.40150000e-09  2.15581715e-01 
 1.40250000e-09  2.12786724e-01 
 1.40350000e-09  2.09990433e-01 
 1.40450000e-09  2.07194176e-01 
 1.40550000e-09  2.04399860e-01 
 1.40650000e-09  2.01608743e-01 
 1.40750000e-09  1.98822625e-01 
 1.40850000e-09  1.96042676e-01 
 1.40950000e-09  1.93270585e-01 
 1.41050000e-09  1.90507428e-01 
 1.41150000e-09  1.87754784e-01 
 1.41250000e-09  1.85013630e-01 
 1.41350000e-09  1.82285434e-01 
 1.41450000e-09  1.79571074e-01 
 1.41550000e-09  1.76871908e-01 
 1.41650000e-09  1.74188716e-01 
 1.41750000e-09  1.71522749e-01 
 1.41850000e-09  1.68874689e-01 
 1.41950000e-09  1.66245681e-01 
 1.42050000e-09  1.63636313e-01 
 1.42150000e-09  1.61047632e-01 
 1.42250000e-09  1.58480130e-01 
 1.42350000e-09  1.55934760e-01 
 1.42450000e-09  1.53411926e-01 
 1.42550000e-09  1.50912487e-01 
 1.42650000e-09  1.48436765e-01 
 1.42750000e-09  1.45985532e-01 
 1.42850000e-09  1.43559030e-01 
 1.42950000e-09  1.41157941e-01 
 1.43050000e-09  1.38782423e-01 
 1.43150000e-09  1.36433101e-01 
 1.43250000e-09  1.34110076e-01 
 1.43350000e-09  1.31813892e-01 
 1.43450000e-09  1.29544579e-01 
 1.43550000e-09  1.27302612e-01 
 1.43650000e-09  1.25087959e-01 
 1.43750000e-09  1.22901031e-01 
 1.43850000e-09  1.20741741e-01 
 1.43950000e-09  1.18610443e-01 
 1.44050000e-09  1.16506997e-01 
 1.44150000e-09  1.14431704e-01 
 1.44250000e-09  1.12384379e-01 
 1.44350000e-09  1.10365273e-01 
 1.44450000e-09  1.08374158e-01 
 1.44550000e-09  1.06411239e-01 
 1.44650000e-09  1.04476252e-01 
 1.44750000e-09  1.02569362e-01 
 1.44850000e-09  1.00690267e-01 
 1.44950000e-09  9.88390966e-02 
 1.45000000e-09  9.79238282e-02 
 1.45010000e-09  9.77417786e-02 
 1.45030000e-09  9.73781819e-02 
 1.45070000e-09  9.66542992e-02 
 1.45150000e-09  9.52197480e-02 
 1.45250000e-09  9.34512407e-02 
 1.45350000e-09  9.17100193e-02 
 1.45450000e-09  8.99959166e-02 
 1.45550000e-09  8.83087563e-02 
 1.45650000e-09  8.66483479e-02 
 1.45750000e-09  8.50144935e-02 
 1.45850000e-09  8.34069823e-02 
 1.45950000e-09  8.18255974e-02 
 1.46050000e-09  8.02701488e-02 
 1.46150000e-09  7.87403745e-02 
 1.46250000e-09  7.72359701e-02 
 1.46350000e-09  7.57567365e-02 
 1.46450000e-09  7.43023791e-02 
 1.46550000e-09  7.28726892e-02 
 1.46650000e-09  7.14673571e-02 
 1.46750000e-09  7.00861635e-02 
 1.46850000e-09  6.87287890e-02 
 1.46950000e-09  6.73950044e-02 
 1.47050000e-09  6.60844841e-02 
 1.47150000e-09  6.47969896e-02 
 1.47250000e-09  6.35321922e-02 
 1.47350000e-09  6.22898455e-02 
 1.47450000e-09  6.10696195e-02 
 1.47550000e-09  5.98712611e-02 
 1.47650000e-09  5.86944407e-02 
 1.47750000e-09  5.75389000e-02 
 1.47850000e-09  5.64043108e-02 
 1.47950000e-09  5.52904112e-02 
 1.48050000e-09  5.41968752e-02 
 1.48150000e-09  5.31234386e-02 
 1.48250000e-09  5.20697785e-02 
 1.48350000e-09  5.10356293e-02 
 1.48450000e-09  5.00206721e-02 
 1.48550000e-09  4.90246410e-02 
 1.48650000e-09  4.80472215e-02 
 1.48750000e-09  4.70881485e-02 
 1.48850000e-09  4.61471123e-02 
 1.48950000e-09  4.52238493e-02 
 1.49050000e-09  4.43180554e-02 
 1.49150000e-09  4.34294690e-02 
 1.49250000e-09  4.25577918e-02 
 1.49350000e-09  4.17027650e-02 
 1.49450000e-09  4.08640965e-02 
 1.49550000e-09  4.00415309e-02 
 1.49650000e-09  3.92347823e-02 
 1.49750000e-09  3.84435992e-02 
 1.49850000e-09  3.76677023e-02 
 1.49950000e-09  3.69068444e-02 
 1.50000000e-09  3.65319742e-02 
 1.50010000e-09  3.64575156e-02 
 1.50030000e-09  3.63088886e-02 
 1.50070000e-09  3.60133791e-02 
 1.50150000e-09  3.54292802e-02 
 1.50250000e-09  3.47119713e-02 
 1.50350000e-09  3.40086770e-02 
 1.50450000e-09  3.33191496e-02 
 1.50550000e-09  3.26431458e-02 
 1.50650000e-09  3.19804241e-02 
 1.50750000e-09  3.13307472e-02 
 1.50850000e-09  3.06938799e-02 
 1.50950000e-09  3.00695913e-02 
 1.51050000e-09  2.94576524e-02 
 1.51150000e-09  2.88578384e-02 
 1.51250000e-09  2.82699268e-02 
 1.51350000e-09  2.76936991e-02 
 1.51450000e-09  2.71289392e-02 
 1.51550000e-09  2.65754349e-02 
 1.51650000e-09  2.60329764e-02 
 1.51750000e-09  2.55013578e-02 
 1.51850000e-09  2.49803755e-02 
 1.51950000e-09  2.44698299e-02 
 1.52050000e-09  2.39695239e-02 
 1.52150000e-09  2.34792638e-02 
 1.52250000e-09  2.29988588e-02 
 1.52350000e-09  2.25281213e-02 
 1.52450000e-09  2.20668666e-02 
 1.52550000e-09  2.16149132e-02 
 1.52650000e-09  2.11720824e-02 
 1.52750000e-09  2.07381987e-02 
 1.52850000e-09  2.03130891e-02 
 1.52950000e-09  1.98965841e-02 
 1.53050000e-09  1.94885166e-02 
 1.53150000e-09  1.90887227e-02 
 1.53250000e-09  1.86970410e-02 
 1.53350000e-09  1.83133133e-02 
 1.53450000e-09  1.79373837e-02 
 1.53550000e-09  1.75690994e-02 
 1.53650000e-09  1.72083100e-02 
 1.53750000e-09  1.68548682e-02 
 1.53850000e-09  1.65086288e-02 
 1.53950000e-09  1.61694497e-02 
 1.54050000e-09  1.58371909e-02 
 1.54150000e-09  1.55117154e-02 
 1.54250000e-09  1.51928882e-02 
 1.54350000e-09  1.48805774e-02 
 1.54450000e-09  1.45746527e-02 
 1.54550000e-09  1.42749871e-02 
 1.54650000e-09  1.39814553e-02 
 1.54750000e-09  1.36939346e-02 
 1.54850000e-09  1.34123045e-02 
 1.54950000e-09  1.31364468e-02 
 1.55000000e-09  1.30006498e-02 
 1.55010000e-09  1.29736868e-02 
 1.55030000e-09  1.29198727e-02 
 1.55070000e-09  1.28129107e-02 
 1.55150000e-09  1.26016257e-02 
 1.55250000e-09  1.23423974e-02 
 1.55350000e-09  1.20884906e-02 
 1.55450000e-09  1.18397980e-02 
 1.55550000e-09  1.15962141e-02 
 1.55650000e-09  1.13576357e-02 
 1.55750000e-09  1.11239613e-02 
 1.55850000e-09  1.08950916e-02 
 1.55950000e-09  1.06709292e-02 
 1.56050000e-09  1.04513783e-02 
 1.56150000e-09  1.02363453e-02 
 1.56250000e-09  1.00257383e-02 
 1.56350000e-09  9.81946728e-03 
 1.56450000e-09  9.61744377e-03 
 1.56550000e-09  9.41958123e-03 
 1.56650000e-09  9.22579475e-03 
 1.56750000e-09  9.03600110e-03 
 1.56850000e-09  8.85011869e-03 
 1.56950000e-09  8.66806759e-03 
 1.57050000e-09  8.48976939e-03 
 1.57150000e-09  8.31514728e-03 
 1.57250000e-09  8.14412596e-03 
 1.57350000e-09  7.97663165e-03 
 1.57450000e-09  7.81259202e-03 
 1.57550000e-09  7.65193621e-03 
 1.57650000e-09  7.49459476e-03 
 1.57750000e-09  7.34049960e-03 
 1.57850000e-09  7.18958405e-03 
 1.57950000e-09  7.04178276e-03 
 1.58050000e-09  6.89703169e-03 
 1.58150000e-09  6.75526811e-03 
 1.58250000e-09  6.61643053e-03 
 1.58350000e-09  6.48045872e-03 
 1.58450000e-09  6.34729368e-03 
 1.58550000e-09  6.21687758e-03 
 1.58650000e-09  6.08915378e-03 
 1.58750000e-09  5.96406680e-03 
 1.58850000e-09  5.84156226e-03 
 1.58950000e-09  5.72158691e-03 
 1.59050000e-09  5.60408857e-03 
 1.59150000e-09  5.48901613e-03 
 1.59250000e-09  5.37631953e-03 
 1.59350000e-09  5.26594973e-03 
 1.59450000e-09  5.15785867e-03 
 1.59550000e-09  5.05199931e-03 
 1.59650000e-09  4.94832553e-03 
 1.59750000e-09  4.84679220e-03 
 1.59850000e-09  4.74735508e-03 
 1.59950000e-09  4.64997086e-03 
 1.60050000e-09  4.55459710e-03 
 1.60150000e-09  4.46119226e-03 
 1.60250000e-09  4.36971561e-03 
 1.60350000e-09  4.28012729e-03 
 1.60450000e-09  4.19238826e-03 
 1.60550000e-09  4.10646027e-03 
 1.60650000e-09  4.02230586e-03 
 1.60750000e-09  3.93988835e-03 
 1.60850000e-09  3.85917180e-03 
 1.60950000e-09  3.78012103e-03 
 1.61050000e-09  3.70270158e-03 
 1.61150000e-09  3.62687968e-03 
 1.61250000e-09  3.55262230e-03 
 1.61350000e-09  3.47989704e-03 
 1.61450000e-09  3.40867221e-03 
 1.61550000e-09  3.33891676e-03 
 1.61650000e-09  3.27060028e-03 
 1.61750000e-09  3.20369299e-03 
 1.61850000e-09  3.13816572e-03 
 1.61950000e-09  3.07398992e-03 
 1.62050000e-09  3.01113761e-03 
 1.62150000e-09  2.94958140e-03 
 1.62250000e-09  2.88929447e-03 
 1.62350000e-09  2.83025055e-03 
 1.62450000e-09  2.77242391e-03 
 1.62550000e-09  2.71578936e-03 
 1.62650000e-09  2.66032223e-03 
 1.62750000e-09  2.60599835e-03 
 1.62850000e-09  2.55279407e-03 
 1.62950000e-09  2.50068622e-03 
 1.63050000e-09  2.44965211e-03 
 1.63150000e-09  2.39966951e-03 
 1.63250000e-09  2.35071667e-03 
 1.63350000e-09  2.30277228e-03 
 1.63450000e-09  2.25581547e-03 
 1.63550000e-09  2.20982581e-03 
 1.63650000e-09  2.16478329e-03 
 1.63750000e-09  2.12066831e-03 
 1.63850000e-09  2.07746168e-03 
 1.63950000e-09  2.03514461e-03 
 1.64050000e-09  1.99369870e-03 
 1.64150000e-09  1.95310592e-03 
 1.64250000e-09  1.91334863e-03 
 1.64350000e-09  1.87440956e-03 
 1.64450000e-09  1.83627177e-03 
 1.64550000e-09  1.79891869e-03 
 1.64650000e-09  1.76233410e-03 
 1.64750000e-09  1.72650210e-03 
 1.64850000e-09  1.69140713e-03 
 1.64950000e-09  1.65703395e-03 
 1.65050000e-09  1.62336764e-03 
 1.65150000e-09  1.59039358e-03 
 1.65250000e-09  1.55809747e-03 
 1.65350000e-09  1.52646528e-03 
 1.65450000e-09  1.49548330e-03 
 1.65550000e-09  1.46513808e-03 
 1.65650000e-09  1.43541646e-03 
 1.65750000e-09  1.40630556e-03 
 1.65850000e-09  1.37779275e-03 
 1.65950000e-09  1.34986568e-03 
 1.66050000e-09  1.32251224e-03 
 1.66150000e-09  1.29572058e-03 
 1.66250000e-09  1.26947909e-03 
 1.66350000e-09  1.24377641e-03 
 1.66450000e-09  1.21860141e-03 
 1.66550000e-09  1.19394319e-03 
 1.66650000e-09  1.16979107e-03 
 1.66750000e-09  1.14613460e-03 
 1.66850000e-09  1.12296355e-03 
 1.66950000e-09  1.10026789e-03 
 1.67050000e-09  1.07803780e-03 
 1.67150000e-09  1.05626368e-03 
 1.67250000e-09  1.03493611e-03 
 1.67350000e-09  1.01404587e-03 
 1.67450000e-09  9.93583929e-04 
 1.67550000e-09  9.73541454e-04 
 1.67650000e-09  9.53909784e-04 
 1.67750000e-09  9.34680442e-04 
 1.67850000e-09  9.15845124e-04 
 1.67950000e-09  8.97395701e-04 
 1.68050000e-09  8.79324209e-04 
 1.68150000e-09  8.61622852e-04 
 1.68250000e-09  8.44283993e-04 
 1.68350000e-09  8.27300155e-04 
 1.68450000e-09  8.10664015e-04 
 1.68550000e-09  7.94368401e-04 
 1.68650000e-09  7.78406291e-04 
 1.68750000e-09  7.62770809e-04 
 1.68850000e-09  7.47455216e-04 
 1.68950000e-09  7.32452919e-04 
 1.69050000e-09  7.17757457e-04 
 1.69150000e-09  7.03362507e-04 
 1.69250000e-09  6.89261871e-04 
 1.69350000e-09  6.75449485e-04 
 1.69450000e-09  6.61919408e-04 
 1.69550000e-09  6.48665821e-04 
 1.69650000e-09  6.35683027e-04 
 1.69750000e-09  6.22965446e-04 
 1.69850000e-09  6.10507614e-04 
 1.69950000e-09  5.98304179e-04 
 1.70000000e-09  5.92296378e-04 
 1.70010000e-09  1.12871167e-03 
 1.70030000e-09  1.74061944e-03 
 1.70070000e-09  2.41683526e-03 
 1.70150000e-09  3.85573049e-03 
 1.70250000e-09  5.35009527e-03 
 1.70350000e-09  6.79302256e-03 
 1.70450000e-09  8.03925247e-03 
 1.70550000e-09  9.26486074e-03 
 1.70650000e-09  1.03536722e-02 
 1.70750000e-09  1.14316787e-02 
 1.70850000e-09  1.24098760e-02 
 1.70950000e-09  1.33803549e-02 
 1.71050000e-09  1.42756118e-02 
 1.71150000e-09  1.51636023e-02 
 1.71250000e-09  1.59929779e-02 
 1.71350000e-09  1.68142618e-02 
 1.71450000e-09  1.75880957e-02 
 1.71550000e-09  1.83524893e-02 
 1.71650000e-09  1.90734176e-02 
 1.71750000e-09  1.97815398e-02 
 1.71850000e-09  2.04555057e-02 
 1.71950000e-09  2.11209148e-02 
 1.72050000e-09  2.17598181e-02 
 1.72150000e-09  2.23942369e-02 
 1.72250000e-09  2.30119287e-02 
 1.72350000e-09  2.36322959e-02 
 1.72450000e-09  2.42461030e-02 
 1.72550000e-09  2.48681914e-02 
 1.72650000e-09  2.54867986e-02 
 1.72750000e-09  2.60938467e-02 
 1.72850000e-09  2.66844039e-02 
 1.72950000e-09  2.72683328e-02 
 1.73050000e-09  2.78362102e-02 
 1.73150000e-09  2.83930851e-02 
 1.73250000e-09  2.89374529e-02 
 1.73350000e-09  2.94817889e-02 
 1.73450000e-09  3.00321873e-02 
 1.73550000e-09  3.06064301e-02 
 1.73650000e-09  3.12152536e-02 
 1.73750000e-09  3.18795064e-02 
 1.73850000e-09  3.26124179e-02 
 1.73950000e-09  3.34353271e-02 
 1.74050000e-09  3.43607522e-02 
 1.74150000e-09  3.54075930e-02 
 1.74250000e-09  3.65857261e-02 
 1.74350000e-09  3.79115156e-02 
 1.74450000e-09  3.93896261e-02 
 1.74550000e-09  4.10378474e-02 
 1.74650000e-09  4.28682877e-02 
 1.74750000e-09  4.49006995e-02 
 1.74850000e-09  4.71663092e-02 
 1.74950000e-09  4.97130210e-02 
 1.75000000e-09  5.10991647e-02 
 1.75010000e-09  5.14620228e-02 
 1.75030000e-09  5.20999741e-02 
 1.75070000e-09  5.33878734e-02 
 1.75150000e-09  5.60294215e-02 
 1.75250000e-09  5.94276114e-02 
 1.75350000e-09  6.31651058e-02 
 1.75450000e-09  6.73237736e-02 
 1.75550000e-09  7.21208340e-02 
 1.75650000e-09  7.75823094e-02 
 1.75750000e-09  8.37851792e-02 
 1.75850000e-09  9.06151462e-02 
 1.75950000e-09  9.79891418e-02 
 1.76050000e-09  1.05602234e-01 
 1.76150000e-09  1.13033804e-01 
 1.76250000e-09  1.19475262e-01 
 1.76350000e-09  1.23990137e-01 
 1.76450000e-09  1.25693161e-01 
 1.76550000e-09  1.24186753e-01 
 1.76650000e-09  1.19487999e-01 
 1.76750000e-09  1.12111175e-01 
 1.76850000e-09  1.02713257e-01 
 1.76950000e-09  9.17615387e-02 
 1.77050000e-09  7.97495870e-02 
 1.77150000e-09  6.72964883e-02 
 1.77250000e-09  5.48129777e-02 
 1.77350000e-09  4.27224305e-02 
 1.77450000e-09  3.12712338e-02 
 1.77550000e-09  2.06844710e-02 
 1.77650000e-09  1.10567683e-02 
 1.77750000e-09  2.46418558e-03 
 1.77850000e-09 -5.65711664e-03 
 1.77950000e-09 -1.29377676e-02 
 1.78050000e-09 -1.89853938e-02 
 1.78150000e-09 -2.39281880e-02 
 1.78250000e-09 -2.78540155e-02 
 1.78350000e-09 -3.08129495e-02 
 1.78450000e-09 -3.28234474e-02 
 1.78550000e-09 -3.40098843e-02 
 1.78650000e-09 -3.46544121e-02 
 1.78750000e-09 -3.51168231e-02 
 1.78850000e-09 -3.56304572e-02 
 1.78950000e-09 -3.63043625e-02 
 1.79050000e-09 -3.70919672e-02 
 1.79150000e-09 -3.78087730e-02 
 1.79250000e-09 -3.80840441e-02 
 1.79350000e-09 -3.74300759e-02 
 1.79450000e-09 -3.56153259e-02 
 1.79550000e-09 -3.26627809e-02 
 1.79650000e-09 -2.87106618e-02 
 1.79750000e-09 -2.41382323e-02 
 1.79850000e-09 -1.93628136e-02 
 1.79950000e-09 -1.47550361e-02 
 1.80050000e-09 -1.05571884e-02 
 1.80150000e-09 -6.91734508e-03 
 1.80250000e-09 -3.87914816e-03 
 1.80350000e-09 -1.43696617e-03 
 1.80450000e-09  4.25608344e-04 
 1.80550000e-09  1.73013694e-03 
 1.80650000e-09  2.70594230e-03 
 1.80750000e-09  3.43149883e-03 
 1.80850000e-09  3.93553809e-03 
 1.80950000e-09  4.26057373e-03 
 1.81050000e-09  4.44625370e-03 
 1.81150000e-09  4.52117295e-03 
 1.81250000e-09  4.51704057e-03 
 1.81350000e-09  4.45151847e-03 
 1.81450000e-09  4.34659276e-03 
 1.81550000e-09  4.21153799e-03 
 1.81650000e-09  4.06093229e-03 
 1.81750000e-09  3.89845617e-03 
 1.81850000e-09  3.73372883e-03 
 1.81950000e-09  3.56705176e-03 
 1.82050000e-09  3.40493267e-03 
 1.82150000e-09  3.24580925e-03 
 1.82250000e-09  3.09430127e-03 
 1.82350000e-09  2.94792908e-03 
 1.82450000e-09  2.81017849e-03 
 1.82550000e-09  2.67820608e-03 
 1.82650000e-09  2.55480742e-03 
 1.82750000e-09  2.43708084e-03 
 1.82850000e-09  2.32738522e-03 
 1.82950000e-09  2.22291849e-03 
 1.83050000e-09  2.12574533e-03 
 1.83150000e-09  2.03323714e-03 
 1.83250000e-09  1.94724429e-03 
 1.83350000e-09  1.86533962e-03 
 1.83450000e-09  1.78920475e-03 
 1.83550000e-09  1.71661791e-03 
 1.83650000e-09  1.64911912e-03 
 1.83750000e-09  1.58468408e-03 
 1.83850000e-09  1.52472860e-03 
 1.83950000e-09  1.46741266e-03 
 1.84050000e-09  1.41404012e-03 
 1.84150000e-09  1.36294020e-03 
 1.84250000e-09  1.31531435e-03 
 1.84350000e-09  1.26964594e-03 
 1.84450000e-09  1.22704199e-03 
 1.84550000e-09  1.18612566e-03 
 1.84650000e-09  1.14791667e-03 
 1.84750000e-09  1.11116465e-03 
 1.84850000e-09  1.07680850e-03 
 1.84950000e-09  1.04371223e-03 
 1.85050000e-09  1.01273995e-03 
 1.85150000e-09  9.82859070e-04 
 1.85250000e-09  9.54864513e-04 
 1.85350000e-09  9.27817260e-04 
 1.85450000e-09  9.02448253e-04 
 1.85550000e-09  8.77903175e-04 
 1.85650000e-09  8.54853878e-04 
 1.85750000e-09  8.32522777e-04 
 1.85850000e-09  8.11527175e-04 
 1.85950000e-09  7.91159057e-04 
 1.86050000e-09  7.71985400e-04 
 1.86150000e-09  7.53361317e-04 
 1.86250000e-09  7.35807376e-04 
 1.86350000e-09  7.18736018e-04 
 1.86450000e-09  7.02625035e-04 
 1.86550000e-09  6.86938966e-04 
 1.86650000e-09  6.72116191e-04 
 1.86750000e-09  6.57668624e-04 
 1.86850000e-09  6.43998349e-04 
 1.86950000e-09  6.30660385e-04 
 1.87050000e-09  6.18023404e-04 
 1.87150000e-09  6.05681666e-04 
 1.87250000e-09  5.93973092e-04 
 1.87350000e-09  5.82527680e-04 
 1.87450000e-09  5.71655069e-04 
 1.87550000e-09  5.61017815e-04 
 1.87650000e-09  5.50899554e-04 
 1.87750000e-09  5.40992507e-04 
 1.87850000e-09  5.31556417e-04 
 1.87950000e-09  5.22310542e-04 
 1.88050000e-09  5.13492679e-04 
 1.88150000e-09  5.04846730e-04 
 1.88250000e-09  4.96590347e-04 
 1.88350000e-09  4.88489891e-04 
 1.88450000e-09  4.80744539e-04 
 1.88550000e-09  4.73141114e-04 
 1.88650000e-09  4.65861860e-04 
 1.88750000e-09  4.58712243e-04 
 1.88850000e-09  4.51858998e-04 
 1.88950000e-09  4.45124566e-04 
 1.89050000e-09  4.38661496e-04 
 1.89150000e-09  4.32307677e-04 
 1.89250000e-09  4.26202693e-04 
 1.89350000e-09  4.20198485e-04 
 1.89450000e-09  4.14422799e-04 
 1.89550000e-09  4.08740346e-04 
 1.89650000e-09  4.03268082e-04 
 1.89750000e-09  3.97882314e-04 
 1.89850000e-09  3.92690172e-04 
 1.89950000e-09  3.87578479e-04 
 1.90050000e-09  3.82645438e-04 
 1.90150000e-09  3.77787396e-04 
 1.90250000e-09  3.73094456e-04 
 1.90350000e-09  3.68471580e-04 
 1.90450000e-09  3.64001536e-04 
 1.90550000e-09  3.59597065e-04 
 1.90650000e-09  3.55334308e-04 
 1.90750000e-09  3.51133016e-04 
 1.90850000e-09  3.47063358e-04 
 1.90950000e-09  3.43051389e-04 
 1.91050000e-09  3.39161911e-04 
 1.91150000e-09  3.35326633e-04 
 1.91250000e-09  3.31605551e-04 
 1.91350000e-09  3.27935427e-04 
 1.91450000e-09  3.24371969e-04 
 1.91550000e-09  3.20856446e-04 
 1.91650000e-09  3.17440752e-04 
 1.91750000e-09  3.14070156e-04 
 1.91850000e-09  3.10793182e-04 
 1.91950000e-09  3.07558634e-04 
 1.92050000e-09  3.04412071e-04 
 1.92150000e-09  3.01305405e-04 
 1.92250000e-09  2.98281607e-04 
 1.92350000e-09  2.95295303e-04 
 1.92450000e-09  2.92387220e-04 
 1.92550000e-09  2.89514341e-04 
 1.92650000e-09  2.86715464e-04 
 1.92750000e-09  2.83949599e-04 
 1.92850000e-09  2.81253910e-04 
 1.92950000e-09  2.78589126e-04 
 1.93050000e-09  2.75991049e-04 
 1.93150000e-09  2.73421850e-04 
 1.93250000e-09  2.70916212e-04 
 1.93350000e-09  2.68437495e-04 
 1.93450000e-09  2.66019491e-04 
 1.93550000e-09  2.63626515e-04 
 1.93650000e-09  2.61291675e-04 
 1.93750000e-09  2.58980027e-04 
 1.93850000e-09  2.56724185e-04 
 1.93950000e-09  2.54489751e-04 
 1.94050000e-09  2.52309021e-04 
 1.94150000e-09  2.50147965e-04 
 1.94250000e-09  2.48038717e-04 
 1.94350000e-09  2.45947453e-04 
 1.94450000e-09  2.43906290e-04 
 1.94550000e-09  2.41881465e-04 
 1.94650000e-09  2.39905208e-04 
 1.94750000e-09  2.37943681e-04 
 1.94850000e-09  2.36029348e-04 
 1.94950000e-09  2.34128175e-04 
 1.95000000e-09  2.33201198e-04 
 1.95010000e-09  2.33010590e-04 
 1.95030000e-09  2.32639269e-04 
 1.95070000e-09  2.31899406e-04 
 1.95150000e-09  2.30433805e-04 
 1.95250000e-09  2.28626372e-04 
 1.95350000e-09  2.26846600e-04 
 1.95450000e-09  2.25093022e-04 
 1.95550000e-09  2.23365953e-04 
 1.95650000e-09  2.21663893e-04 
 1.95750000e-09  2.19987248e-04 
 1.95850000e-09  2.18334496e-04 
 1.95950000e-09  2.16706126e-04 
 1.96050000e-09  2.15100596e-04 
 1.96150000e-09  2.13518470e-04 
 1.96250000e-09  2.11958192e-04 
 1.96350000e-09  2.10420392e-04 
 1.96450000e-09  2.08903505e-04 
 1.96550000e-09  2.07408218e-04 
 1.96650000e-09  2.05932962e-04 
 1.96750000e-09  2.04478472e-04 
 1.96850000e-09  2.03043180e-04 
 1.96950000e-09  2.01627863e-04 
 1.97050000e-09  2.00230957e-04 
 1.97150000e-09  1.98853273e-04 
 1.97250000e-09  1.97493257e-04 
 1.97350000e-09  1.96151747e-04 
 1.97450000e-09  1.94827200e-04 
 1.97550000e-09  1.93520479e-04 
 1.97650000e-09  1.92230053e-04 
 1.97750000e-09  1.90956805e-04 
 1.97850000e-09  1.89699220e-04 
 1.97950000e-09  1.88458196e-04 
 1.98050000e-09  1.87232234e-04 
 1.98150000e-09  1.86022243e-04 
 1.98250000e-09  1.84826746e-04 
 1.98350000e-09  1.83646657e-04 
 1.98450000e-09  1.82480521e-04 
 1.98550000e-09  1.81329256e-04 
 1.98650000e-09  1.80191430e-04 
 1.98750000e-09  1.79067964e-04 
 1.98850000e-09  1.77957447e-04 
 1.98950000e-09  1.76860801e-04 
 1.99050000e-09  1.75776638e-04 
 1.99150000e-09  1.74705877e-04 
 1.99250000e-09  1.73647157e-04 
 1.99350000e-09  1.72601391e-04 
 1.99450000e-09  1.71567243e-04 
 1.99550000e-09  1.70545622e-04 
 1.99650000e-09  1.69535216e-04 
 1.99750000e-09  1.68536926e-04 
 1.99850000e-09  1.67549467e-04 
 1.99950000e-09  1.66573731e-04 
 2.00000000e-09  1.66089597e-04 
