 0.00000000e+00  1.80850643e-01 
 1.00000000e-14  1.80850643e-01 
 2.00000000e-14  1.80850643e-01 
 4.00000000e-14  1.80850643e-01 
 8.00000000e-14  1.80850643e-01 
 1.60000000e-13  1.80850643e-01 
 3.20000000e-13  1.80850643e-01 
 6.40000000e-13  1.80850643e-01 
 1.28000000e-12  1.80850643e-01 
 2.28000000e-12  1.80850643e-01 
 3.28000000e-12  1.80850643e-01 
 4.28000000e-12  1.80850643e-01 
 5.28000000e-12  1.80850643e-01 
 6.28000000e-12  1.80850643e-01 
 7.28000000e-12  1.80850643e-01 
 8.28000000e-12  1.80850643e-01 
 9.28000000e-12  1.80850643e-01 
 1.02800000e-11  1.80850643e-01 
 1.12800000e-11  1.80850643e-01 
 1.22800000e-11  1.80850643e-01 
 1.32800000e-11  1.80850643e-01 
 1.42800000e-11  1.80850643e-01 
 1.52800000e-11  1.80850643e-01 
 1.62800000e-11  1.80850643e-01 
 1.72800000e-11  1.80850643e-01 
 1.82800000e-11  1.80850643e-01 
 1.92800000e-11  1.80850643e-01 
 2.02800000e-11  1.80850643e-01 
 2.12800000e-11  1.80850643e-01 
 2.22800000e-11  1.80850643e-01 
 2.32800000e-11  1.80850643e-01 
 2.42800000e-11  1.80850643e-01 
 2.52800000e-11  1.80850643e-01 
 2.62800000e-11  1.80850643e-01 
 2.72800000e-11  1.80850643e-01 
 2.82800000e-11  1.80850643e-01 
 2.92800000e-11  1.80850643e-01 
 3.02800000e-11  1.80850643e-01 
 3.12800000e-11  1.80850643e-01 
 3.22800000e-11  1.80850643e-01 
 3.32800000e-11  1.80850643e-01 
 3.42800000e-11  1.80850643e-01 
 3.52800000e-11  1.80850643e-01 
 3.62800000e-11  1.80850643e-01 
 3.72800000e-11  1.80850643e-01 
 3.82800000e-11  1.80850643e-01 
 3.92800000e-11  1.80850643e-01 
 4.02800000e-11  1.80850643e-01 
 4.12800000e-11  1.80850643e-01 
 4.22800000e-11  1.80850643e-01 
 4.32800000e-11  1.80850643e-01 
 4.42800000e-11  1.80850643e-01 
 4.52800000e-11  1.80850643e-01 
 4.62800000e-11  1.80850643e-01 
 4.72800000e-11  1.80850643e-01 
 4.82800000e-11  1.80850643e-01 
 4.92800000e-11  1.80850643e-01 
 5.00000000e-11  1.80850643e-01 
 5.01000000e-11  1.80850643e-01 
 5.03000000e-11  1.80850643e-01 
 5.07000000e-11  1.80850643e-01 
 5.15000000e-11  1.80850643e-01 
 5.25000000e-11  1.80850643e-01 
 5.35000000e-11  1.80850643e-01 
 5.45000000e-11  1.80850643e-01 
 5.55000000e-11  1.80850643e-01 
 5.65000000e-11  1.80850643e-01 
 5.75000000e-11  1.80850643e-01 
 5.85000000e-11  1.80850643e-01 
 5.95000000e-11  1.80850643e-01 
 6.05000000e-11  1.80850643e-01 
 6.15000000e-11  1.80850643e-01 
 6.25000000e-11  1.80850643e-01 
 6.35000000e-11  1.80850643e-01 
 6.45000000e-11  1.80850643e-01 
 6.55000000e-11  1.80850643e-01 
 6.65000000e-11  1.80850643e-01 
 6.75000000e-11  1.80850643e-01 
 6.85000000e-11  1.80850643e-01 
 6.95000000e-11  1.80850643e-01 
 7.05000000e-11  1.80850643e-01 
 7.15000000e-11  1.80850643e-01 
 7.25000000e-11  1.80850643e-01 
 7.35000000e-11  1.80850643e-01 
 7.45000000e-11  1.80850643e-01 
 7.55000000e-11  1.80850643e-01 
 7.65000000e-11  1.80850643e-01 
 7.75000000e-11  1.80850643e-01 
 7.85000000e-11  1.80850643e-01 
 7.95000000e-11  1.80850643e-01 
 8.05000000e-11  1.80850643e-01 
 8.15000000e-11  1.80850643e-01 
 8.25000000e-11  1.80850643e-01 
 8.35000000e-11  1.80850643e-01 
 8.45000000e-11  1.80850643e-01 
 8.55000000e-11  1.80850643e-01 
 8.65000000e-11  1.80850643e-01 
 8.75000000e-11  1.80850643e-01 
 8.85000000e-11  1.80850643e-01 
 8.95000000e-11  1.80850643e-01 
 9.05000000e-11  1.80850643e-01 
 9.15000000e-11  1.80850643e-01 
 9.25000000e-11  1.80850643e-01 
 9.35000000e-11  1.80850643e-01 
 9.45000000e-11  1.80850643e-01 
 9.55000000e-11  1.80850643e-01 
 9.65000000e-11  1.80850643e-01 
 9.75000000e-11  1.80850643e-01 
 9.85000000e-11  1.80850643e-01 
 9.95000000e-11  1.80850643e-01 
 1.00500000e-10  1.80850643e-01 
 1.01500000e-10  1.80850643e-01 
 1.02500000e-10  1.80850643e-01 
 1.03500000e-10  1.80850643e-01 
 1.04500000e-10  1.80850643e-01 
 1.05500000e-10  1.80850643e-01 
 1.06500000e-10  1.80850643e-01 
 1.07500000e-10  1.80850643e-01 
 1.08500000e-10  1.80850643e-01 
 1.09500000e-10  1.80850643e-01 
 1.10500000e-10  1.80850643e-01 
 1.11500000e-10  1.80850643e-01 
 1.12500000e-10  1.80850643e-01 
 1.13500000e-10  1.80850643e-01 
 1.14500000e-10  1.80850643e-01 
 1.15500000e-10  1.80850643e-01 
 1.16500000e-10  1.80850643e-01 
 1.17500000e-10  1.80850643e-01 
 1.18500000e-10  1.80850643e-01 
 1.19500000e-10  1.80850643e-01 
 1.20500000e-10  1.80850643e-01 
 1.21500000e-10  1.80850643e-01 
 1.22500000e-10  1.80850643e-01 
 1.23500000e-10  1.80850643e-01 
 1.24500000e-10  1.80850643e-01 
 1.25500000e-10  1.80850643e-01 
 1.26500000e-10  1.80850643e-01 
 1.27500000e-10  1.80850643e-01 
 1.28500000e-10  1.80850643e-01 
 1.29500000e-10  1.80850643e-01 
 1.30500000e-10  1.80850643e-01 
 1.31500000e-10  1.80850643e-01 
 1.32500000e-10  1.80850643e-01 
 1.33500000e-10  1.80850643e-01 
 1.34500000e-10  1.80850643e-01 
 1.35500000e-10  1.80850643e-01 
 1.36500000e-10  1.80850643e-01 
 1.37500000e-10  1.80850643e-01 
 1.38500000e-10  1.80850643e-01 
 1.39500000e-10  1.80850643e-01 
 1.40500000e-10  1.80850643e-01 
 1.41500000e-10  1.80850643e-01 
 1.42500000e-10  1.80850643e-01 
 1.43500000e-10  1.80850643e-01 
 1.44500000e-10  1.80850643e-01 
 1.45500000e-10  1.80850643e-01 
 1.46500000e-10  1.80850643e-01 
 1.47500000e-10  1.80850643e-01 
 1.48500000e-10  1.80850643e-01 
 1.49500000e-10  1.80850643e-01 
 1.50500000e-10  1.80850643e-01 
 1.51500000e-10  1.80850643e-01 
 1.52500000e-10  1.80850643e-01 
 1.53500000e-10  1.80850643e-01 
 1.54500000e-10  1.80850643e-01 
 1.55500000e-10  1.80850643e-01 
 1.56500000e-10  1.80850643e-01 
 1.57500000e-10  1.80850643e-01 
 1.58500000e-10  1.80850643e-01 
 1.59500000e-10  1.80850643e-01 
 1.60500000e-10  1.80850643e-01 
 1.61500000e-10  1.80850643e-01 
 1.62500000e-10  1.80850643e-01 
 1.63500000e-10  1.80850643e-01 
 1.64500000e-10  1.80850643e-01 
 1.65500000e-10  1.80850643e-01 
 1.66500000e-10  1.80850643e-01 
 1.67500000e-10  1.80850643e-01 
 1.68500000e-10  1.80850643e-01 
 1.69500000e-10  1.80850643e-01 
 1.70500000e-10  1.80850643e-01 
 1.71500000e-10  1.80850643e-01 
 1.72500000e-10  1.80850643e-01 
 1.73500000e-10  1.80850643e-01 
 1.74500000e-10  1.80850643e-01 
 1.75500000e-10  1.80850643e-01 
 1.76500000e-10  1.80850643e-01 
 1.77500000e-10  1.80850643e-01 
 1.78500000e-10  1.80850643e-01 
 1.79500000e-10  1.80850643e-01 
 1.80500000e-10  1.80850643e-01 
 1.81500000e-10  1.80850643e-01 
 1.82500000e-10  1.80850643e-01 
 1.83500000e-10  1.80850643e-01 
 1.84500000e-10  1.80850643e-01 
 1.85500000e-10  1.80850643e-01 
 1.86500000e-10  1.80850643e-01 
 1.87500000e-10  1.80850643e-01 
 1.88500000e-10  1.80850643e-01 
 1.89500000e-10  1.80850643e-01 
 1.90500000e-10  1.80850643e-01 
 1.91500000e-10  1.80850643e-01 
 1.92500000e-10  1.80850643e-01 
 1.93500000e-10  1.80850643e-01 
 1.94500000e-10  1.80850643e-01 
 1.95500000e-10  1.80850643e-01 
 1.96500000e-10  1.80850643e-01 
 1.97500000e-10  1.80850643e-01 
 1.98500000e-10  1.80850643e-01 
 1.99500000e-10  1.80850643e-01 
 2.00000000e-10  1.80850643e-01 
 2.00100000e-10  1.81132807e-01 
 2.00300000e-10  1.81458737e-01 
 2.00700000e-10  1.81832627e-01 
 2.01500000e-10  1.82427457e-01 
 2.02500000e-10  1.82726385e-01 
 2.03500000e-10  1.82747827e-01 
 2.04500000e-10  1.82501211e-01 
 2.05500000e-10  1.82128229e-01 
 2.06500000e-10  1.81619390e-01 
 2.07500000e-10  1.81068385e-01 
 2.08500000e-10  1.80455263e-01 
 2.09500000e-10  1.79843501e-01 
 2.10500000e-10  1.79210227e-01 
 2.11500000e-10  1.78599193e-01 
 2.12500000e-10  1.77987152e-01 
 2.13500000e-10  1.77404975e-01 
 2.14500000e-10  1.76830632e-01 
 2.15500000e-10  1.76286452e-01 
 2.16500000e-10  1.75752310e-01 
 2.17500000e-10  1.75244737e-01 
 2.18500000e-10  1.74745699e-01 
 2.19500000e-10  1.74267693e-01 
 2.20500000e-10  1.73794748e-01 
 2.21500000e-10  1.73336608e-01 
 2.22500000e-10  1.72879491e-01 
 2.23500000e-10  1.72431685e-01 
 2.24500000e-10  1.71982097e-01 
 2.25500000e-10  1.71538832e-01 
 2.26500000e-10  1.71093634e-01 
 2.27500000e-10  1.70654099e-01 
 2.28500000e-10  1.70212287e-01 
 2.29500000e-10  1.69772296e-01 
 2.30500000e-10  1.69324384e-01 
 2.31500000e-10  1.68870862e-01 
 2.32500000e-10  1.68404980e-01 
 2.33500000e-10  1.67933905e-01 
 2.34500000e-10  1.67459911e-01 
 2.35500000e-10  1.66998897e-01 
 2.36500000e-10  1.66558112e-01 
 2.37500000e-10  1.66141592e-01 
 2.38500000e-10  1.65724652e-01 
 2.39500000e-10  1.65275919e-01 
 2.40500000e-10  1.64752183e-01 
 2.41500000e-10  1.64114364e-01 
 2.42500000e-10  1.63326441e-01 
 2.43500000e-10  1.62381567e-01 
 2.44500000e-10  1.61298829e-01 
 2.45500000e-10  1.60129027e-01 
 2.46500000e-10  1.58931301e-01 
 2.47500000e-10  1.57770006e-01 
 2.48500000e-10  1.56694717e-01 
 2.49500000e-10  1.55746514e-01 
 2.50000000e-10  1.55327460e-01 
 2.50100000e-10  1.55193580e-01 
 2.50300000e-10  1.54952876e-01 
 2.50700000e-10  1.54589811e-01 
 2.51500000e-10  1.53957366e-01 
 2.52500000e-10  1.53312747e-01 
 2.53500000e-10  1.52865688e-01 
 2.54500000e-10  1.52612070e-01 
 2.55500000e-10  1.52561960e-01 
 2.56500000e-10  1.52687889e-01 
 2.57500000e-10  1.52988494e-01 
 2.58500000e-10  1.53433230e-01 
 2.59500000e-10  1.54019923e-01 
 2.60500000e-10  1.54720481e-01 
 2.61500000e-10  1.55535010e-01 
 2.62500000e-10  1.56441326e-01 
 2.63500000e-10  1.57440038e-01 
 2.64500000e-10  1.58514288e-01 
 2.65500000e-10  1.59665618e-01 
 2.66500000e-10  1.60881473e-01 
 2.67500000e-10  1.62164612e-01 
 2.68500000e-10  1.63501797e-01 
 2.69500000e-10  1.64899159e-01 
 2.70500000e-10  1.66347936e-01 
 2.71500000e-10  1.67852612e-01 
 2.72500000e-10  1.69405856e-01 
 2.73500000e-10  1.71011796e-01 
 2.74500000e-10  1.72664698e-01 
 2.75500000e-10  1.74368415e-01 
 2.76500000e-10  1.76118651e-01 
 2.77500000e-10  1.77919107e-01 
 2.78500000e-10  1.79766752e-01 
 2.79500000e-10  1.81665063e-01 
 2.80500000e-10  1.83611485e-01 
 2.81500000e-10  1.85607742e-01 
 2.82500000e-10  1.87648404e-01 
 2.83500000e-10  1.89728422e-01 
 2.84500000e-10  1.91833459e-01 
 2.85500000e-10  1.93947667e-01 
 2.86500000e-10  1.96048235e-01 
 2.87500000e-10  1.98113957e-01 
 2.88500000e-10  2.00121093e-01 
 2.89500000e-10  2.02049797e-01 
 2.90500000e-10  2.03879686e-01 
 2.91500000e-10  2.05594637e-01 
 2.92500000e-10  2.07178856e-01 
 2.93500000e-10  2.08621038e-01 
 2.94500000e-10  2.09911337e-01 
 2.95500000e-10  2.11045319e-01 
 2.96500000e-10  2.12021780e-01 
 2.97500000e-10  2.12846299e-01 
 2.98500000e-10  2.13529168e-01 
 2.99500000e-10  2.14087961e-01 
 3.00500000e-10  2.14544470e-01 
 3.01500000e-10  2.14925886e-01 
 3.02500000e-10  2.15262312e-01 
 3.03500000e-10  2.15586912e-01 
 3.04500000e-10  2.15932923e-01 
 3.05500000e-10  2.16333399e-01 
 3.06500000e-10  2.16817706e-01 
 3.07500000e-10  2.17410352e-01 
 3.08500000e-10  2.18127217e-01 
 3.09500000e-10  2.18974618e-01 
 3.10500000e-10  2.19947100e-01 
 3.11500000e-10  2.21028753e-01 
 3.12500000e-10  2.22193841e-01 
 3.13500000e-10  2.23410363e-01 
 3.14500000e-10  2.24642237e-01 
 3.15500000e-10  2.25853195e-01 
 3.16500000e-10  2.27008635e-01 
 3.17500000e-10  2.28078486e-01 
 3.18500000e-10  2.29038013e-01 
 3.19500000e-10  2.29869618e-01 
 3.20500000e-10  2.30562934e-01 
 3.21500000e-10  2.31116104e-01 
 3.22500000e-10  2.31535790e-01 
 3.23500000e-10  2.31838397e-01 
 3.24500000e-10  2.32049798e-01 
 3.25500000e-10  2.32205130e-01 
 3.26500000e-10  2.32345502e-01 
 3.27500000e-10  2.32513179e-01 
 3.28500000e-10  2.32743834e-01 
 3.29500000e-10  2.33060189e-01 
 3.30500000e-10  2.33467857e-01 
 3.31500000e-10  2.33957192e-01 
 3.32500000e-10  2.34507278e-01 
 3.33500000e-10  2.35091576e-01 
 3.34500000e-10  2.35682084e-01 
 3.35500000e-10  2.36252622e-01 
 3.36500000e-10  2.36779920e-01 
 3.37500000e-10  2.37244539e-01 
 3.38500000e-10  2.37630491e-01 
 3.39500000e-10  2.37925358e-01 
 3.40500000e-10  2.38119584e-01 
 3.41500000e-10  2.38206491e-01 
 3.42500000e-10  2.38181601e-01 
 3.43500000e-10  2.38042713e-01 
 3.44500000e-10  2.37789320e-01 
 3.45500000e-10  2.37422726e-01 
 3.46500000e-10  2.36945447e-01 
 3.47500000e-10  2.36361206e-01 
 3.48500000e-10  2.35674158e-01 
 3.49500000e-10  2.34888713e-01 
 3.50500000e-10  2.34008831e-01 
 3.51500000e-10  2.33038151e-01 
 3.52500000e-10  2.31979739e-01 
 3.53500000e-10  2.30836552e-01 
 3.54500000e-10  2.29611327e-01 
 3.55500000e-10  2.28306995e-01 
 3.56500000e-10  2.26926459e-01 
 3.57500000e-10  2.25472886e-01 
 3.58500000e-10  2.23949408e-01 
 3.59500000e-10  2.22360064e-01 
 3.60500000e-10  2.20707289e-01 
 3.61500000e-10  2.18994610e-01 
 3.62500000e-10  2.17225167e-01 
 3.63500000e-10  2.15402477e-01 
 3.64500000e-10  2.13529671e-01 
 3.65500000e-10  2.11610133e-01 
 3.66500000e-10  2.09646921e-01 
 3.67500000e-10  2.07643265e-01 
 3.68500000e-10  2.05602112e-01 
 3.69500000e-10  2.03526528e-01 
 3.70500000e-10  2.01419320e-01 
 3.71500000e-10  1.99283387e-01 
 3.72500000e-10  1.97121382e-01 
 3.73500000e-10  1.94936028e-01 
 3.74500000e-10  1.92729817e-01 
 3.75500000e-10  1.90505296e-01 
 3.76500000e-10  1.88264788e-01 
 3.77500000e-10  1.86010663e-01 
 3.78500000e-10  1.83745075e-01 
 3.79500000e-10  1.81470217e-01 
 3.80500000e-10  1.79188074e-01 
 3.81500000e-10  1.76900669e-01 
 3.82500000e-10  1.74609817e-01 
 3.83500000e-10  1.72317373e-01 
 3.84500000e-10  1.70024991e-01 
 3.85500000e-10  1.67734363e-01 
 3.86500000e-10  1.65446986e-01 
 3.87500000e-10  1.63164397e-01 
 3.88500000e-10  1.60887940e-01 
 3.89500000e-10  1.58619004e-01 
 3.90500000e-10  1.56358791e-01 
 3.91500000e-10  1.54108549e-01 
 3.92500000e-10  1.51869344e-01 
 3.93500000e-10  1.49642291e-01 
 3.94500000e-10  1.47428327e-01 
 3.95500000e-10  1.45228446e-01 
 3.96500000e-10  1.43043464e-01 
 3.97500000e-10  1.40874257e-01 
 3.98500000e-10  1.38721532e-01 
 3.99500000e-10  1.36586056e-01 
 4.00500000e-10  1.34468432e-01 
 4.01500000e-10  1.32369328e-01 
 4.02500000e-10  1.30289251e-01 
 4.03500000e-10  1.28228777e-01 
 4.04500000e-10  1.26188324e-01 
 4.05500000e-10  1.24168385e-01 
 4.06500000e-10  1.22169296e-01 
 4.07500000e-10  1.20191472e-01 
 4.08500000e-10  1.18235176e-01 
 4.09500000e-10  1.16300751e-01 
 4.10500000e-10  1.14388393e-01 
 4.11500000e-10  1.12498380e-01 
 4.12500000e-10  1.10630848e-01 
 4.13500000e-10  1.08786017e-01 
 4.14500000e-10  1.06963965e-01 
 4.15500000e-10  1.05164860e-01 
 4.16500000e-10  1.03388798e-01 
 4.17500000e-10  1.01635835e-01 
 4.18500000e-10  9.99058079e-02 
 4.19500000e-10  9.81989322e-02 
 4.20500000e-10  9.65150926e-02 
 4.21500000e-10  9.48544419e-02 
 4.22500000e-10  9.32167808e-02 
 4.23500000e-10  9.16022264e-02 
 4.24500000e-10  9.00105472e-02 
 4.25500000e-10  8.84418258e-02 
 4.26500000e-10  8.68958066e-02 
 4.27500000e-10  8.53725391e-02 
 4.28500000e-10  8.38717493e-02 
 4.29500000e-10  8.23934563e-02 
 4.30500000e-10  8.09373713e-02 
 4.31500000e-10  7.95034857e-02 
 4.32500000e-10  7.80914995e-02 
 4.33500000e-10  7.67013790e-02 
 4.34500000e-10  7.53328153e-02 
 4.35500000e-10  7.39857528e-02 
 4.36500000e-10  7.26598756e-02 
 4.37500000e-10  7.13551089e-02 
 4.38500000e-10  7.00711305e-02 
 4.39500000e-10  6.88078497e-02 
 4.40500000e-10  6.75649413e-02 
 4.41500000e-10  6.63423007e-02 
 4.42500000e-10  6.51395997e-02 
 4.43500000e-10  6.39567213e-02 
 4.44500000e-10  6.27933361e-02 
 4.45500000e-10  6.16493168e-02 
 4.46500000e-10  6.05243336e-02 
 4.47500000e-10  5.94182511e-02 
 4.48500000e-10  5.83307400e-02 
 4.49500000e-10  5.72616580e-02 
 4.50000000e-10  5.67339105e-02 
 4.50100000e-10  5.66290077e-02 
 4.50300000e-10  5.64195425e-02 
 4.50700000e-10  5.60027616e-02 
 4.51500000e-10  5.51777528e-02 
 4.52500000e-10  5.41623737e-02 
 4.53500000e-10  5.31644296e-02 
 4.54500000e-10  5.21836803e-02 
 4.55500000e-10  5.12198901e-02 
 4.56500000e-10  5.02728195e-02 
 4.57500000e-10  4.93422335e-02 
 4.58500000e-10  4.84278939e-02 
 4.59500000e-10  4.75295671e-02 
 4.60500000e-10  4.66470169e-02 
 4.61500000e-10  4.57800117e-02 
 4.62500000e-10  4.49283178e-02 
 4.63500000e-10  4.40917062e-02 
 4.64500000e-10  4.32699461e-02 
 4.65500000e-10  4.24628115e-02 
 4.66500000e-10  4.16700751e-02 
 4.67500000e-10  4.08915141e-02 
 4.68500000e-10  4.01269050e-02 
 4.69500000e-10  3.93760288e-02 
 4.70500000e-10  3.86386659e-02 
 4.71500000e-10  3.79146014e-02 
 4.72500000e-10  3.72036199e-02 
 4.73500000e-10  3.65055107e-02 
 4.74500000e-10  3.58200629e-02 
 4.75500000e-10  3.51470703e-02 
 4.76500000e-10  3.44863265e-02 
 4.77500000e-10  3.38376300e-02 
 4.78500000e-10  3.32007791e-02 
 4.79500000e-10  3.25755770e-02 
 4.80500000e-10  3.19618269e-02 
 4.81500000e-10  3.13593366e-02 
 4.82500000e-10  3.07679144e-02 
 4.83500000e-10  3.01873729e-02 
 4.84500000e-10  2.96175254e-02 
 4.85500000e-10  2.90581894e-02 
 4.86500000e-10  2.85091832e-02 
 4.87500000e-10  2.79703291e-02 
 4.88500000e-10  2.74414503e-02 
 4.89500000e-10  2.69223743e-02 
 4.90500000e-10  2.64129292e-02 
 4.91500000e-10  2.59129473e-02 
 4.92500000e-10  2.54222615e-02 
 4.93500000e-10  2.49407092e-02 
 4.94500000e-10  2.44681282e-02 
 4.95500000e-10  2.40043605e-02 
 4.96500000e-10  2.35492489e-02 
 4.97500000e-10  2.31026402e-02 
 4.98500000e-10  2.26643820e-02 
 4.99500000e-10  2.22343255e-02 
 5.00000000e-10  2.20223311e-02 
 5.00100000e-10  2.19802124e-02 
 5.00300000e-10  2.18961339e-02 
 5.00700000e-10  2.17289279e-02 
 5.01500000e-10  2.13982849e-02 
 5.02500000e-10  2.09919591e-02 
 5.03500000e-10  2.05932607e-02 
 5.04500000e-10  2.02020519e-02 
 5.05500000e-10  1.98181969e-02 
 5.06500000e-10  1.94415624e-02 
 5.07500000e-10  1.90720172e-02 
 5.08500000e-10  1.87094322e-02 
 5.09500000e-10  1.83536803e-02 
 5.10500000e-10  1.80046368e-02 
 5.11500000e-10  1.76621789e-02 
 5.12500000e-10  1.73261860e-02 
 5.13500000e-10  1.69965392e-02 
 5.14500000e-10  1.66731221e-02 
 5.15500000e-10  1.63558199e-02 
 5.16500000e-10  1.60445199e-02 
 5.17500000e-10  1.57391113e-02 
 5.18500000e-10  1.54394852e-02 
 5.19500000e-10  1.51455347e-02 
 5.20500000e-10  1.48571545e-02 
 5.21500000e-10  1.45742414e-02 
 5.22500000e-10  1.42966938e-02 
 5.23500000e-10  1.40244121e-02 
 5.24500000e-10  1.37572982e-02 
 5.25500000e-10  1.34952558e-02 
 5.26500000e-10  1.32381903e-02 
 5.27500000e-10  1.29860090e-02 
 5.28500000e-10  1.27386205e-02 
 5.29500000e-10  1.24959352e-02 
 5.30500000e-10  1.22578650e-02 
 5.31500000e-10  1.20243236e-02 
 5.32500000e-10  1.17952261e-02 
 5.33500000e-10  1.15704890e-02 
 5.34500000e-10  1.13500305e-02 
 5.35500000e-10  1.11337701e-02 
 5.36500000e-10  1.09216290e-02 
 5.37500000e-10  1.07135296e-02 
 5.38500000e-10  1.05093958e-02 
 5.39500000e-10  1.03091530e-02 
 5.40500000e-10  1.01127276e-02 
 5.41500000e-10  9.92004774e-03 
 5.42500000e-10  9.73104266e-03 
 5.43500000e-10  9.54564296e-03 
 5.44500000e-10  9.36378048e-03 
 5.45500000e-10  9.18538835e-03 
 5.46500000e-10  9.01040089e-03 
 5.47500000e-10  8.83875366e-03 
 5.48500000e-10  8.67038339e-03 
 5.49500000e-10  8.50522798e-03 
 5.50000000e-10  8.42383863e-03 
 5.50100000e-10  8.40767038e-03 
 5.50300000e-10  8.37539616e-03 
 5.50700000e-10  8.31121968e-03 
 5.51500000e-10  8.18434048e-03 
 5.52500000e-10  8.02846807e-03 
 5.53500000e-10  7.87557343e-03 
 5.54500000e-10  7.72560003e-03 
 5.55500000e-10  7.57849235e-03 
 5.56500000e-10  7.43419594e-03 
 5.57500000e-10  7.29265734e-03 
 5.58500000e-10  7.15382410e-03 
 5.59500000e-10  7.01764474e-03 
 5.60500000e-10  6.88406877e-03 
 5.61500000e-10  6.75304660e-03 
 5.62500000e-10  6.62452960e-03 
 5.63500000e-10  6.49847005e-03 
 5.64500000e-10  6.37482112e-03 
 5.65500000e-10  6.25353684e-03 
 5.66500000e-10  6.13457214e-03 
 5.67500000e-10  6.01788278e-03 
 5.68500000e-10  5.90342534e-03 
 5.69500000e-10  5.79115723e-03 
 5.70500000e-10  5.68103668e-03 
 5.71500000e-10  5.57302267e-03 
 5.72500000e-10  5.46707497e-03 
 5.73500000e-10  5.36315414e-03 
 5.74500000e-10  5.26122143e-03 
 5.75500000e-10  5.16123887e-03 
 5.76500000e-10  5.06316918e-03 
 5.77500000e-10  4.96697579e-03 
 5.78500000e-10  4.87262284e-03 
 5.79500000e-10  4.78007512e-03 
 5.80500000e-10  4.68929812e-03 
 5.81500000e-10  4.60025796e-03 
 5.82500000e-10  4.51292141e-03 
 5.83500000e-10  4.42725588e-03 
 5.84500000e-10  4.34322937e-03 
 5.85500000e-10  4.26081053e-03 
 5.86500000e-10  4.17996858e-03 
 5.87500000e-10  4.10067332e-03 
 5.88500000e-10  4.02289514e-03 
 5.89500000e-10  3.94660499e-03 
 5.90500000e-10  3.87177437e-03 
 5.91500000e-10  3.79837531e-03 
 5.92500000e-10  3.72638041e-03 
 5.93500000e-10  3.65576274e-03 
 5.94500000e-10  3.58649594e-03 
 5.95500000e-10  3.51855410e-03 
 5.96500000e-10  3.45191185e-03 
 5.97500000e-10  3.38654426e-03 
 5.98500000e-10  3.32242691e-03 
 5.99500000e-10  3.25953584e-03 
 6.00500000e-10  3.19784753e-03 
 6.01500000e-10  3.13733893e-03 
 6.02500000e-10  3.07798741e-03 
 6.03500000e-10  3.01977080e-03 
 6.04500000e-10  2.96266732e-03 
 6.05500000e-10  2.90665563e-03 
 6.06500000e-10  2.85171481e-03 
 6.07500000e-10  2.79782429e-03 
 6.08500000e-10  2.74496395e-03 
 6.09500000e-10  2.69311403e-03 
 6.10500000e-10  2.64225513e-03 
 6.11500000e-10  2.59236826e-03 
 6.12500000e-10  2.54343477e-03 
 6.13500000e-10  2.49543636e-03 
 6.14500000e-10  2.44835510e-03 
 6.15500000e-10  2.40217340e-03 
 6.16500000e-10  2.35687399e-03 
 6.17500000e-10  2.31243995e-03 
 6.18500000e-10  2.26885468e-03 
 6.19500000e-10  2.22610189e-03 
 6.20500000e-10  2.18416560e-03 
 6.21500000e-10  2.14303016e-03 
 6.22500000e-10  2.10268020e-03 
 6.23500000e-10  2.06310064e-03 
 6.24500000e-10  2.02427670e-03 
 6.25500000e-10  1.98619389e-03 
 6.26500000e-10  1.94883799e-03 
 6.27500000e-10  1.91219504e-03 
 6.28500000e-10  1.87625136e-03 
 6.29500000e-10  1.84099355e-03 
 6.30500000e-10  1.80640843e-03 
 6.31500000e-10  1.77248311e-03 
 6.32500000e-10  1.73920492e-03 
 6.33500000e-10  1.70656145e-03 
 6.34500000e-10  1.67454051e-03 
 6.35500000e-10  1.64313016e-03 
 6.36500000e-10  1.61231870e-03 
 6.37500000e-10  1.58209462e-03 
 6.38500000e-10  1.55244666e-03 
 6.39500000e-10  1.52336377e-03 
 6.40500000e-10  1.49483510e-03 
 6.41500000e-10  1.46685003e-03 
 6.42500000e-10  1.43939812e-03 
 6.43500000e-10  1.41246914e-03 
 6.44500000e-10  1.38605307e-03 
 6.45500000e-10  1.36014007e-03 
 6.46500000e-10  1.33472048e-03 
 6.47500000e-10  1.30978484e-03 
 6.48500000e-10  1.28532388e-03 
 6.49500000e-10  1.26132848e-03 
 6.50500000e-10  1.23778972e-03 
 6.51500000e-10  1.21469884e-03 
 6.52500000e-10  1.19204725e-03 
 6.53500000e-10  1.16982653e-03 
 6.54500000e-10  1.14802841e-03 
 6.55500000e-10  1.12664479e-03 
 6.56500000e-10  1.10566772e-03 
 6.57500000e-10  1.08508941e-03 
 6.58500000e-10  1.06490222e-03 
 6.59500000e-10  1.04509864e-03 
 6.60500000e-10  1.02567132e-03 
 6.61500000e-10  1.00661305e-03 
 6.62500000e-10  9.87916759e-04 
 6.63500000e-10  9.69575502e-04 
 6.64500000e-10  9.51582477e-04 
 6.65500000e-10  9.33931011e-04 
 6.66500000e-10  9.16614559e-04 
 6.67500000e-10  8.99626699e-04 
 6.68500000e-10  8.82961137e-04 
 6.69500000e-10  8.66611697e-04 
 6.70500000e-10  8.50572323e-04 
 6.71500000e-10  8.34837074e-04 
 6.72500000e-10  8.19400125e-04 
 6.73500000e-10  8.04255762e-04 
 6.74500000e-10  7.89398381e-04 
 6.75500000e-10  7.74822486e-04 
 6.76500000e-10  7.60522686e-04 
 6.77500000e-10  7.46493695e-04 
 6.78500000e-10  7.32730327e-04 
 6.79500000e-10  7.19227497e-04 
 6.80500000e-10  7.05980216e-04 
 6.81500000e-10  6.92983593e-04 
 6.82500000e-10  6.80232829e-04 
 6.83500000e-10  6.67723221e-04 
 6.84500000e-10  6.55450151e-04 
 6.85500000e-10  6.43409095e-04 
 6.86500000e-10  6.31595611e-04 
 6.87500000e-10  6.20005347e-04 
 6.88500000e-10  6.08634031e-04 
 6.89500000e-10  5.97477475e-04 
 6.90500000e-10  5.86531572e-04 
 6.91500000e-10  5.75792293e-04 
 6.92500000e-10  5.65255685e-04 
 6.93500000e-10  5.54917875e-04 
 6.94500000e-10  5.44775061e-04 
 6.95500000e-10  5.34823514e-04 
 6.96500000e-10  5.25059579e-04 
 6.97500000e-10  5.15479670e-04 
 6.98500000e-10  5.06080269e-04 
 6.99500000e-10  4.96857927e-04 
 7.00000000e-10  4.92312198e-04 
 7.00100000e-10  1.27505085e-03 
 7.00300000e-10  2.21331879e-03 
 7.00700000e-10  3.31717090e-03 
 7.01500000e-10  5.62901086e-03 
 7.02500000e-10  8.15606335e-03 
 7.03500000e-10  1.05628849e-02 
 7.04500000e-10  1.27038576e-02 
 7.05500000e-10  1.47613076e-02 
 7.06500000e-10  1.66251299e-02 
 7.07500000e-10  1.84283939e-02 
 7.08500000e-10  2.00875763e-02 
 7.09500000e-10  2.17028858e-02 
 7.10500000e-10  2.32100699e-02 
 7.11500000e-10  2.46866463e-02 
 7.12500000e-10  2.60822004e-02 
 7.13500000e-10  2.74562838e-02 
 7.14500000e-10  2.87676868e-02 
 7.15500000e-10  3.00682865e-02 
 7.16500000e-10  3.13243569e-02 
 7.17500000e-10  3.25763907e-02 
 7.18500000e-10  3.37955026e-02 
 7.19500000e-10  3.50147662e-02 
 7.20500000e-10  3.62085588e-02 
 7.21500000e-10  3.74034022e-02 
 7.22500000e-10  3.85753065e-02 
 7.23500000e-10  3.97444345e-02 
 7.24500000e-10  4.08866498e-02 
 7.25500000e-10  4.20155706e-02 
 7.26500000e-10  4.31060238e-02 
 7.27500000e-10  4.41660874e-02 
 7.28500000e-10  4.51679067e-02 
 7.29500000e-10  4.60944424e-02 
 7.30500000e-10  4.69371410e-02 
 7.31500000e-10  4.76884869e-02 
 7.32500000e-10  4.83308082e-02 
 7.33500000e-10  4.88626498e-02 
 7.34500000e-10  4.92765038e-02 
 7.35500000e-10  4.95810751e-02 
 7.36500000e-10  4.97792428e-02 
 7.37500000e-10  4.98895185e-02 
 7.38500000e-10  4.99238667e-02 
 7.39500000e-10  4.99079661e-02 
 7.40500000e-10  4.98589345e-02 
 7.41500000e-10  4.98062696e-02 
 7.42500000e-10  4.97704277e-02 
 7.43500000e-10  4.97864285e-02 
 7.44500000e-10  4.98856018e-02 
 7.45500000e-10  5.01255917e-02 
 7.46500000e-10  5.05677050e-02 
 7.47500000e-10  5.12845302e-02 
 7.48500000e-10  5.23295137e-02 
 7.49500000e-10  5.37812551e-02 
 7.50000000e-10  5.47014236e-02 
 7.50100000e-10  5.48276141e-02 
 7.50300000e-10  5.51250751e-02 
 7.50700000e-10  5.60596021e-02 
 7.51500000e-10  5.83435456e-02 
 7.52500000e-10  6.18050728e-02 
 7.53500000e-10  6.56570878e-02 
 7.54500000e-10  6.92329084e-02 
 7.55500000e-10  7.18930259e-02 
 7.56500000e-10  7.31420009e-02 
 7.57500000e-10  7.28102056e-02 
 7.58500000e-10  7.08948069e-02 
 7.59500000e-10  6.75484968e-02 
 7.60500000e-10  6.27435378e-02 
 7.61500000e-10  5.67845663e-02 
 7.62500000e-10  4.99507329e-02 
 7.63500000e-10  4.26056747e-02 
 7.64500000e-10  3.49774839e-02 
 7.65500000e-10  2.73101710e-02 
 7.66500000e-10  1.97242962e-02 
 7.67500000e-10  1.23631051e-02 
 7.68500000e-10  5.27646947e-03 
 7.69500000e-10 -1.53007916e-03 
 7.70500000e-10 -8.21487603e-03 
 7.71500000e-10 -1.44298275e-02 
 7.72500000e-10 -2.02357658e-02 
 7.73500000e-10 -2.56073113e-02 
 7.74500000e-10 -3.05923294e-02 
 7.75500000e-10 -3.51902462e-02 
 7.76500000e-10 -3.94432298e-02 
 7.77500000e-10 -4.33422380e-02 
 7.78500000e-10 -4.69540112e-02 
 7.79500000e-10 -5.02652817e-02 
 7.80500000e-10 -5.33258687e-02 
 7.81500000e-10 -5.61285864e-02 
 7.82500000e-10 -5.87181974e-02 
 7.83500000e-10 -6.10894301e-02 
 7.84500000e-10 -6.32813706e-02 
 7.85500000e-10 -6.52893566e-02 
 7.86500000e-10 -6.71472007e-02 
 7.87500000e-10 -6.88500720e-02 
 7.88500000e-10 -7.04275294e-02 
 7.89500000e-10 -7.18749061e-02 
 7.90500000e-10 -7.32167766e-02 
 7.91500000e-10 -7.44482387e-02 
 7.92500000e-10 -7.55900605e-02 
 7.93500000e-10 -7.66368948e-02 
 7.94500000e-10 -7.76060622e-02 
 7.95500000e-10 -7.84915565e-02 
 7.96500000e-10 -7.93074496e-02 
 7.97500000e-10 -8.00467819e-02 
 7.98500000e-10 -8.07203702e-02 
 7.99500000e-10 -8.13198444e-02 
 8.00500000e-10 -8.18524917e-02 
 8.01500000e-10 -8.23078304e-02 
 8.02500000e-10 -8.26890287e-02 
 8.03500000e-10 -8.29825564e-02 
 8.04500000e-10 -8.31867371e-02 
 8.05500000e-10 -8.32843177e-02 
 8.06500000e-10 -8.32690381e-02 
 8.07500000e-10 -8.31216349e-02 
 8.08500000e-10 -8.28358604e-02 
 8.09500000e-10 -8.23987961e-02 
 8.10500000e-10 -8.18163148e-02 
 8.11500000e-10 -8.10941144e-02 
 8.12500000e-10 -8.02573705e-02 
 8.13500000e-10 -7.93278650e-02 
 8.14500000e-10 -7.83386738e-02 
 8.15500000e-10 -7.73130510e-02 
 8.16500000e-10 -7.62796659e-02 
 8.17500000e-10 -7.52543720e-02 
 8.18500000e-10 -7.42549169e-02 
 8.19500000e-10 -7.32840459e-02 
 8.20500000e-10 -7.23444379e-02 
 8.21500000e-10 -7.14326277e-02 
 8.22500000e-10 -7.05465858e-02 
 8.23500000e-10 -6.96767051e-02 
 8.24500000e-10 -6.88236184e-02 
 8.25500000e-10 -6.79722439e-02 
 8.26500000e-10 -6.71144609e-02 
 8.27500000e-10 -6.62169835e-02 
 8.28500000e-10 -6.52539368e-02 
 8.29500000e-10 -6.41813389e-02 
 8.30500000e-10 -6.29781932e-02 
 8.31500000e-10 -6.16180460e-02 
 8.32500000e-10 -6.01024039e-02 
 8.33500000e-10 -5.84246322e-02 
 8.34500000e-10 -5.66027340e-02 
 8.35500000e-10 -5.46427502e-02 
 8.36500000e-10 -5.25707735e-02 
 8.37500000e-10 -5.03987206e-02 
 8.38500000e-10 -4.81556987e-02 
 8.39500000e-10 -4.58551572e-02 
 8.40500000e-10 -4.35256005e-02 
 8.41500000e-10 -4.11791409e-02 
 8.42500000e-10 -3.88405837e-02 
 8.43500000e-10 -3.65210108e-02 
 8.44500000e-10 -3.42418750e-02 
 8.45500000e-10 -3.20093182e-02 
 8.46500000e-10 -2.98407880e-02 
 8.47500000e-10 -2.77389174e-02 
 8.48500000e-10 -2.57172611e-02 
 8.49500000e-10 -2.37753080e-02 
 8.50500000e-10 -2.19231224e-02 
 8.51500000e-10 -2.01575989e-02 
 8.52500000e-10 -1.84859219e-02 
 8.53500000e-10 -1.69029931e-02 
 8.54500000e-10 -1.54137013e-02 
 8.55500000e-10 -1.40115509e-02 
 8.56500000e-10 -1.26997010e-02 
 8.57500000e-10 -1.14707818e-02 
 8.58500000e-10 -1.03267174e-02 
 8.59500000e-10 -9.25968177e-03 
 8.60500000e-10 -8.27076303e-03 
 8.61500000e-10 -7.35201649e-03 
 8.62500000e-10 -6.50400685e-03 
 8.63500000e-10 -5.71891749e-03 
 8.64500000e-10 -4.99702196e-03 
 8.65500000e-10 -4.33080379e-03 
 8.66500000e-10 -3.72041049e-03 
 8.67500000e-10 -3.15873712e-03 
 8.68500000e-10 -2.64591646e-03 
 8.69500000e-10 -2.17531933e-03 
 8.70500000e-10 -1.74713372e-03 
 8.71500000e-10 -1.35523515e-03 
 8.72500000e-10 -9.99906112e-04 
 8.73500000e-10 -6.75530559e-04 
 8.74500000e-10 -3.82502959e-04 
 8.75500000e-10 -1.15702111e-04 
 8.76500000e-10  1.18703757e-04 
 8.77500000e-10  3.27759805e-04 
 8.78500000e-10  5.16398890e-04 
 8.79500000e-10  6.88226934e-04 
 8.80500000e-10  8.42392308e-04 
 8.81500000e-10  9.82303203e-04 
 8.82500000e-10  1.10704864e-03 
 8.83500000e-10  1.21979964e-03 
 8.84500000e-10  1.31960723e-03 
 8.85500000e-10  1.40939539e-03 
 8.86500000e-10  1.48819113e-03 
 8.87500000e-10  1.55867657e-03 
 8.88500000e-10  1.61986558e-03 
 8.89500000e-10  1.67421094e-03 
 8.90500000e-10  1.72072280e-03 
 8.91500000e-10  1.76164051e-03 
 8.92500000e-10  1.79597877e-03 
 8.93500000e-10  1.82578055e-03 
 8.94500000e-10  1.85007248e-03 
 8.95500000e-10  1.87071800e-03 
 8.96500000e-10  1.88676209e-03 
 8.97500000e-10  1.89990485e-03 
 8.98500000e-10  1.90921495e-03 
 8.99500000e-10  1.91624422e-03 
 9.00500000e-10  1.92008947e-03 
 9.01500000e-10  1.92216807e-03 
 9.02500000e-10  1.92160851e-03 
 9.03500000e-10  1.91970626e-03 
 9.04500000e-10  1.91562418e-03 
 9.05500000e-10  1.91054719e-03 
 9.06500000e-10  1.90367443e-03 
 9.07500000e-10  1.89609048e-03 
 9.08500000e-10  1.88703206e-03 
 9.09500000e-10  1.87749252e-03 
 9.10500000e-10  1.86674994e-03 
 9.11500000e-10  1.85571295e-03 
 9.12500000e-10  1.84369025e-03 
 9.13500000e-10  1.83151750e-03 
 9.14500000e-10  1.81854750e-03 
 9.15500000e-10  1.80554663e-03 
 9.16500000e-10  1.79190458e-03 
 9.17500000e-10  1.77832471e-03 
 9.18500000e-10  1.76423298e-03 
 9.19500000e-10  1.75027514e-03 
 9.20500000e-10  1.73591262e-03 
 9.21500000e-10  1.72173834e-03 
 9.22500000e-10  1.70724821e-03 
 9.23500000e-10  1.69298654e-03 
 9.24500000e-10  1.67848266e-03 
 9.25500000e-10  1.66423604e-03 
 9.26500000e-10  1.64980822e-03 
 9.27500000e-10  1.63565724e-03 
 9.28500000e-10  1.62137564e-03 
 9.29500000e-10  1.60738305e-03 
 9.30500000e-10  1.59330176e-03 
 9.31500000e-10  1.57951576e-03 
 9.32500000e-10  1.56567578e-03 
 9.33500000e-10  1.55213270e-03 
 9.34500000e-10  1.53856441e-03 
 9.35500000e-10  1.52529098e-03 
 9.36500000e-10  1.51201616e-03 
 9.37500000e-10  1.49903134e-03 
 9.38500000e-10  1.48606486e-03 
 9.39500000e-10  1.47338135e-03 
 9.40500000e-10  1.46073252e-03 
 9.41500000e-10  1.44835802e-03 
 9.42500000e-10  1.43603172e-03 
 9.43500000e-10  1.42396995e-03 
 9.44500000e-10  1.41196756e-03 
 9.45500000e-10  1.40021910e-03 
 9.46500000e-10  1.38853925e-03 
 9.47500000e-10  1.37710220e-03 
 9.48500000e-10  1.36574138e-03 
 9.49500000e-10  1.35461195e-03 
 9.50000000e-10  1.34905304e-03 
 9.50100000e-10  1.34796638e-03 
 9.50300000e-10  1.34577454e-03 
 9.50700000e-10  1.34139639e-03 
 9.51500000e-10  1.33272448e-03 
 9.52500000e-10  1.32201216e-03 
 9.53500000e-10  1.31145591e-03 
 9.54500000e-10  1.30104023e-03 
 9.55500000e-10  1.29077643e-03 
 9.56500000e-10  1.28064970e-03 
 9.57500000e-10  1.27067044e-03 
 9.58500000e-10  1.26082456e-03 
 9.59500000e-10  1.25112160e-03 
 9.60500000e-10  1.24154818e-03 
 9.61500000e-10  1.23211307e-03 
 9.62500000e-10  1.22280358e-03 
 9.63500000e-10  1.21362780e-03 
 9.64500000e-10  1.20457369e-03 
 9.65500000e-10  1.19564872e-03 
 9.66500000e-10  1.18684150e-03 
 9.67500000e-10  1.17815889e-03 
 9.68500000e-10  1.16959017e-03 
 9.69500000e-10  1.16114164e-03 
 9.70500000e-10  1.15280319e-03 
 9.71500000e-10  1.14458063e-03 
 9.72500000e-10  1.13646442e-03 
 9.73500000e-10  1.12845992e-03 
 9.74500000e-10  1.12055814e-03 
 9.75500000e-10  1.11276402e-03 
 9.76500000e-10  1.10506911e-03 
 9.77500000e-10  1.09747793e-03 
 9.78500000e-10  1.08998257e-03 
 9.79500000e-10  1.08258718e-03 
 9.80500000e-10  1.07528430e-03 
 9.81500000e-10  1.06807776e-03 
 9.82500000e-10  1.06096056e-03 
 9.83500000e-10  1.05393621e-03 
 9.84500000e-10  1.04699815e-03 
 9.85500000e-10  1.04014957e-03 
 9.86500000e-10  1.03338435e-03 
 9.87500000e-10  1.02670541e-03 
 9.88500000e-10  1.02010699e-03 
 9.89500000e-10  1.01359175e-03 
 9.90500000e-10  1.00715433e-03 
 9.91500000e-10  1.00079714e-03 
 9.92500000e-10  9.94515160e-04 
 9.93500000e-10  9.88310575e-04 
 9.94500000e-10  9.82178700e-04 
 9.95500000e-10  9.76121508e-04 
 9.96500000e-10  9.70134625e-04 
 9.97500000e-10  9.64219826e-04 
 9.98500000e-10  9.58373033e-04 
 9.99500000e-10  9.52595836e-04 
 1.00000000e-09  9.49731530e-04 
 1.00010000e-09  9.49161191e-04 
 1.00030000e-09  9.48021800e-04 
 1.00070000e-09  9.45750741e-04 
 1.00150000e-09  9.41240190e-04 
 1.00250000e-09  9.35660226e-04 
 1.00350000e-09  9.30144110e-04 
 1.00450000e-09  9.24690668e-04 
 1.00550000e-09  9.19298980e-04 
 1.00650000e-09  9.13967923e-04 
 1.00750000e-09  9.08696611e-04 
 1.00850000e-09  9.03483968e-04 
 1.00950000e-09  8.98329150e-04 
 1.01050000e-09  8.93231124e-04 
 1.01150000e-09  8.88189077e-04 
 1.01250000e-09  8.83202017e-04 
 1.01350000e-09  8.78269167e-04 
 1.01450000e-09  8.73389573e-04 
 1.01550000e-09  8.68562489e-04 
 1.01650000e-09  8.63787001e-04 
 1.01750000e-09  8.59062393e-04 
 1.01850000e-09  8.54387786e-04 
 1.01950000e-09  8.49762492e-04 
 1.02050000e-09  8.45185668e-04 
 1.02150000e-09  8.40656654e-04 
 1.02250000e-09  8.36174638e-04 
 1.02350000e-09  8.31738989e-04 
 1.02450000e-09  8.27348926e-04 
 1.02550000e-09  8.23003838e-04 
 1.02650000e-09  8.18702978e-04 
 1.02750000e-09  8.14445757e-04 
 1.02850000e-09  8.10231458e-04 
 1.02950000e-09  8.06059512e-04 
 1.03050000e-09  8.01929233e-04 
 1.03150000e-09  7.97840074e-04 
 1.03250000e-09  7.93791372e-04 
 1.03350000e-09  7.89782601e-04 
 1.03450000e-09  7.85813126e-04 
 1.03550000e-09  7.81882438e-04 
 1.03650000e-09  7.77989926e-04 
 1.03750000e-09  7.74135099e-04 
 1.03850000e-09  7.70317371e-04 
 1.03950000e-09  7.66536267e-04 
 1.04050000e-09  7.62791223e-04 
 1.04150000e-09  7.59081780e-04 
 1.04250000e-09  7.55407398e-04 
 1.04350000e-09  7.51767631e-04 
 1.04450000e-09  7.48161960e-04 
 1.04550000e-09  7.44589956e-04 
 1.04650000e-09  7.41051117e-04 
 1.04750000e-09  7.37545028e-04 
 1.04850000e-09  7.34071208e-04 
 1.04950000e-09  7.30629256e-04 
 1.05000000e-09  7.28920080e-04 
 1.05010000e-09  7.28579212e-04 
 1.05030000e-09  7.27898380e-04 
 1.05070000e-09  7.26540405e-04 
 1.05150000e-09  7.23839238e-04 
 1.05250000e-09  7.20490294e-04 
 1.05350000e-09  7.17171507e-04 
 1.05450000e-09  7.13882513e-04 
 1.05550000e-09  7.10622887e-04 
 1.05650000e-09  7.07392273e-04 
 1.05750000e-09  7.04190261e-04 
 1.05850000e-09  7.01016507e-04 
 1.05950000e-09  6.97870619e-04 
 1.06050000e-09  6.94752260e-04 
 1.06150000e-09  6.91661418e-04 
 1.06250000e-09  6.88597513e-04 
 1.06350000e-09  6.85559928e-04 
 1.06450000e-09  6.82548367e-04 
 1.06550000e-09  6.79562520e-04 
 1.06650000e-09  6.76602088e-04 
 1.06750000e-09  6.73666765e-04 
 1.06850000e-09  6.70756251e-04 
 1.06950000e-09  6.67870244e-04 
 1.07050000e-09  6.65008450e-04 
 1.07150000e-09  6.62170573e-04 
 1.07250000e-09  6.59356324e-04 
 1.07350000e-09  6.56565415e-04 
 1.07450000e-09  6.53797563e-04 
 1.07550000e-09  6.51052490e-04 
 1.07650000e-09  6.48329920e-04 
 1.07750000e-09  6.45629582e-04 
 1.07850000e-09  6.42951208e-04 
 1.07950000e-09  6.40294538e-04 
 1.08050000e-09  6.37659308e-04 
 1.08150000e-09  6.35045267e-04 
 1.08250000e-09  6.32452160e-04 
 1.08350000e-09  6.29879744e-04 
 1.08450000e-09  6.27327770e-04 
 1.08550000e-09  6.24796003e-04 
 1.08650000e-09  6.22284202e-04 
 1.08750000e-09  6.19792139e-04 
 1.08850000e-09  6.17319580e-04 
 1.08950000e-09  6.14866305e-04 
 1.09050000e-09  6.12432086e-04 
 1.09150000e-09  6.10016710e-04 
 1.09250000e-09  6.07619956e-04 
 1.09350000e-09  6.05241617e-04 
 1.09450000e-09  6.02881478e-04 
 1.09550000e-09  6.00539340e-04 
 1.09650000e-09  5.98214993e-04 
 1.09750000e-09  5.95908243e-04 
 1.09850000e-09  5.93618889e-04 
 1.09950000e-09  5.91346741e-04 
 1.10050000e-09  5.89091604e-04 
 1.10150000e-09  5.86853293e-04 
 1.10250000e-09  5.84631619e-04 
 1.10350000e-09  5.82426403e-04 
 1.10450000e-09  5.80237460e-04 
 1.10550000e-09  5.78064618e-04 
 1.10650000e-09  5.75907696e-04 
 1.10750000e-09  5.73766528e-04 
 1.10850000e-09  5.71640937e-04 
 1.10950000e-09  5.69530762e-04 
 1.11050000e-09  5.67435832e-04 
 1.11150000e-09  5.65355988e-04 
 1.11250000e-09  5.63291066e-04 
 1.11350000e-09  5.61240912e-04 
 1.11450000e-09  5.59205364e-04 
 1.11550000e-09  5.57184274e-04 
 1.11650000e-09  5.55177485e-04 
 1.11750000e-09  5.53184851e-04 
 1.11850000e-09  5.51206222e-04 
 1.11950000e-09  5.49241454e-04 
 1.12050000e-09  5.47290401e-04 
 1.12150000e-09  5.45352925e-04 
 1.12250000e-09  5.43428881e-04 
 1.12350000e-09  5.41518179e-04 
 1.12450000e-09  5.39620653e-04 
 1.12550000e-09  5.37736091e-04 
 1.12650000e-09  5.35864403e-04 
 1.12750000e-09  5.34005442e-04 
 1.12850000e-09  5.32159116e-04 
 1.12950000e-09  5.30325275e-04 
 1.13050000e-09  5.28503828e-04 
 1.13150000e-09  5.26694625e-04 
 1.13250000e-09  5.24897575e-04 
 1.13350000e-09  5.23112531e-04 
 1.13450000e-09  5.21339401e-04 
 1.13550000e-09  5.19578043e-04 
 1.13650000e-09  5.17828367e-04 
 1.13750000e-09  5.16090233e-04 
 1.13850000e-09  5.14363552e-04 
 1.13950000e-09  5.12648189e-04 
 1.14050000e-09  5.10944057e-04 
 1.14150000e-09  5.09251024e-04 
 1.14250000e-09  5.07569004e-04 
 1.14350000e-09  5.05897870e-04 
 1.14450000e-09  5.04237538e-04 
 1.14550000e-09  5.02587885e-04 
 1.14650000e-09  5.00948826e-04 
 1.14750000e-09  4.99320244e-04 
 1.14850000e-09  4.97702055e-04 
 1.14950000e-09  4.96094145e-04 
 1.15050000e-09  4.94496432e-04 
 1.15150000e-09  4.92908806e-04 
 1.15250000e-09  4.91331186e-04 
 1.15350000e-09  4.89763465e-04 
 1.15450000e-09  4.88205564e-04 
 1.15550000e-09  4.86657378e-04 
 1.15650000e-09  4.85118831e-04 
 1.15750000e-09  4.83589821e-04 
 1.15850000e-09  4.82070271e-04 
 1.15950000e-09  4.80560085e-04 
 1.16050000e-09  4.79059187e-04 
 1.16150000e-09  4.77567481e-04 
 1.16250000e-09  4.76084895e-04 
 1.16350000e-09  4.74611335e-04 
 1.16450000e-09  4.73146731e-04 
 1.16550000e-09  4.71690991e-04 
 1.16650000e-09  4.70244045e-04 
 1.16750000e-09  4.68805805e-04 
 1.16850000e-09  4.67376203e-04 
 1.16950000e-09  4.65955153e-04 
 1.17050000e-09  4.64542586e-04 
 1.17150000e-09  4.63138421e-04 
 1.17250000e-09  4.61742591e-04 
 1.17350000e-09  4.60355014e-04 
 1.17450000e-09  4.58975625e-04 
 1.17550000e-09  4.57604347e-04 
 1.17650000e-09  4.56241114e-04 
 1.17750000e-09  4.54885850e-04 
 1.17850000e-09  4.53538492e-04 
 1.17950000e-09  4.52198966e-04 
 1.18050000e-09  4.50867211e-04 
 1.18150000e-09  4.49543152e-04 
 1.18250000e-09  4.48226730e-04 
 1.18350000e-09  4.46917875e-04 
 1.18450000e-09  4.45616526e-04 
 1.18550000e-09  4.44322614e-04 
 1.18650000e-09  4.43036083e-04 
 1.18750000e-09  4.41756863e-04 
 1.18850000e-09  4.40484899e-04 
 1.18950000e-09  4.39220124e-04 
 1.19050000e-09  4.37962483e-04 
 1.19150000e-09  4.36711911e-04 
 1.19250000e-09  4.35468354e-04 
 1.19350000e-09  4.34231749e-04 
 1.19450000e-09  4.33002043e-04 
 1.19550000e-09  4.31779174e-04 
 1.19650000e-09  4.30563089e-04 
 1.19750000e-09  4.29353730e-04 
 1.19850000e-09  4.28151044e-04 
 1.19950000e-09  4.26954973e-04 
 1.20000000e-09  4.26359403e-04 
 1.20010000e-09  5.91949591e-04 
 1.20030000e-09  8.17398711e-04 
 1.20070000e-09  1.22962878e-03 
 1.20150000e-09  1.91590927e-03 
 1.20250000e-09  2.45490491e-03 
 1.20350000e-09  2.81163009e-03 
 1.20450000e-09  2.96041931e-03 
 1.20550000e-09  3.02893155e-03 
 1.20650000e-09  2.97580234e-03 
 1.20750000e-09  2.89875982e-03 
 1.20850000e-09  2.75018817e-03 
 1.20950000e-09  2.60573165e-03 
 1.21050000e-09  2.41667177e-03 
 1.21150000e-09  2.24188652e-03 
 1.21250000e-09  2.03495440e-03 
 1.21350000e-09  1.84218184e-03 
 1.21450000e-09  1.62029863e-03 
 1.21550000e-09  1.40731495e-03 
 1.21650000e-09  1.16517515e-03 
 1.21750000e-09  9.27404643e-04 
 1.21850000e-09  6.63491625e-04 
 1.21950000e-09  4.06920880e-04 
 1.22050000e-09  1.37636135e-04 
 1.22150000e-09 -1.13639533e-04 
 1.22250000e-09 -3.52840265e-04 
 1.22350000e-09 -5.23940026e-04 
 1.22450000e-09 -6.24574092e-04 
 1.22550000e-09 -6.05355304e-04 
 1.22650000e-09 -4.60440798e-04 
 1.22750000e-09 -1.48668081e-04 
 1.22850000e-09  3.07630917e-04 
 1.22950000e-09  9.39696317e-04 
 1.23050000e-09  1.74159117e-03 
 1.23150000e-09  2.72450703e-03 
 1.23250000e-09  3.86707113e-03 
 1.23350000e-09  5.16907268e-03 
 1.23450000e-09  6.60458804e-03 
 1.23550000e-09  8.17237860e-03 
 1.23650000e-09  9.85462654e-03 
 1.23750000e-09  1.16592001e-02 
 1.23850000e-09  1.35831625e-02 
 1.23950000e-09  1.56547846e-02 
 1.24050000e-09  1.78924949e-02 
 1.24150000e-09  2.03377675e-02 
 1.24250000e-09  2.30196812e-02 
 1.24350000e-09  2.59884345e-02 
 1.24450000e-09  2.92867431e-02 
 1.24550000e-09  3.29765038e-02 
 1.24650000e-09  3.70963340e-02 
 1.24750000e-09  4.16690307e-02 
 1.24850000e-09  4.66568418e-02 
 1.24950000e-09  5.19842468e-02 
 1.25000000e-09  5.47368502e-02 
 1.25010000e-09  5.59041047e-02 
 1.25030000e-09  5.75366473e-02 
 1.25070000e-09  6.02847074e-02 
 1.25150000e-09  6.58791884e-02 
 1.25250000e-09  7.23944721e-02 
 1.25350000e-09  7.87540831e-02 
 1.25450000e-09  8.47720282e-02 
 1.25550000e-09  9.06785353e-02 
 1.25650000e-09  9.62958408e-02 
 1.25750000e-09  1.01787071e-01 
 1.25850000e-09  1.07006219e-01 
 1.25950000e-09  1.12079422e-01 
 1.26050000e-09  1.16894018e-01 
 1.26150000e-09  1.21554373e-01 
 1.26250000e-09  1.25976029e-01 
 1.26350000e-09  1.30250157e-01 
 1.26450000e-09  1.34312084e-01 
 1.26550000e-09  1.38237820e-01 
 1.26650000e-09  1.41982233e-01 
 1.26750000e-09  1.45611049e-01 
 1.26850000e-09  1.49089436e-01 
 1.26950000e-09  1.52473384e-01 
 1.27050000e-09  1.55735830e-01 
 1.27150000e-09  1.58923861e-01 
 1.27250000e-09  1.62016849e-01 
 1.27350000e-09  1.65055135e-01 
 1.27450000e-09  1.68022467e-01 
 1.27550000e-09  1.70953506e-01 
 1.27650000e-09  1.73835256e-01 
 1.27750000e-09  1.76697270e-01 
 1.27850000e-09  1.79527682e-01 
 1.27950000e-09  1.82348677e-01 
 1.28050000e-09  1.85143586e-01 
 1.28150000e-09  1.87921005e-01 
 1.28250000e-09  1.90653650e-01 
 1.28350000e-09  1.93336769e-01 
 1.28450000e-09  1.95937994e-01 
 1.28550000e-09  1.98448593e-01 
 1.28650000e-09  2.00838892e-01 
 1.28750000e-09  2.03101642e-01 
 1.28850000e-09  2.05212319e-01 
 1.28950000e-09  2.07166820e-01 
 1.29050000e-09  2.08946799e-01 
 1.29150000e-09  2.10553136e-01 
 1.29250000e-09  2.11975831e-01 
 1.29350000e-09  2.13223821e-01 
 1.29450000e-09  2.14298344e-01 
 1.29550000e-09  2.15218883e-01 
 1.29650000e-09  2.15998722e-01 
 1.29750000e-09  2.16667118e-01 
 1.29850000e-09  2.17246843e-01 
 1.29950000e-09  2.17773561e-01 
 1.30050000e-09  2.18275542e-01 
 1.30150000e-09  2.18790745e-01 
 1.30250000e-09  2.19348116e-01 
 1.30350000e-09  2.19982167e-01 
 1.30450000e-09  2.20715199e-01 
 1.30550000e-09  2.21569601e-01 
 1.30650000e-09  2.22551560e-01 
 1.30750000e-09  2.23662851e-01 
 1.30850000e-09  2.24887810e-01 
 1.30950000e-09  2.26206462e-01 
 1.31050000e-09  2.27585143e-01 
 1.31150000e-09  2.28990368e-01 
 1.31250000e-09  2.30381286e-01 
 1.31350000e-09  2.31722548e-01 
 1.31450000e-09  2.32977028e-01 
 1.31550000e-09  2.34116994e-01 
 1.31650000e-09  2.35116791e-01 
 1.31750000e-09  2.35962524e-01 
 1.31850000e-09  2.36644713e-01 
 1.31950000e-09  2.37166795e-01 
 1.32050000e-09  2.37538068e-01 
 1.32150000e-09  2.37781341e-01 
 1.32250000e-09  2.37925741e-01 
 1.32350000e-09  2.38012070e-01 
 1.32450000e-09  2.38082724e-01 
 1.32550000e-09  2.38182127e-01 
 1.32650000e-09  2.38343337e-01 
 1.32750000e-09  2.38587908e-01 
 1.32850000e-09  2.38917591e-01 
 1.32950000e-09  2.39322296e-01 
 1.33050000e-09  2.39779364e-01 
 1.33150000e-09  2.40263901e-01 
 1.33250000e-09  2.40747767e-01 
 1.33350000e-09  2.41207181e-01 
 1.33450000e-09  2.41619046e-01 
 1.33550000e-09  2.41966216e-01 
 1.33650000e-09  2.42232748e-01 
 1.33750000e-09  2.42408268e-01 
 1.33850000e-09  2.42483144e-01 
 1.33950000e-09  2.42452568e-01 
 1.34050000e-09  2.42311945e-01 
 1.34150000e-09  2.42060842e-01 
 1.34250000e-09  2.41698607e-01 
 1.34350000e-09  2.41228098e-01 
 1.34450000e-09  2.40651367e-01 
 1.34550000e-09  2.39973020e-01 
 1.34650000e-09  2.39195945e-01 
 1.34750000e-09  2.38324604e-01 
 1.34850000e-09  2.37361272e-01 
 1.34950000e-09  2.36309628e-01 
 1.35050000e-09  2.35171465e-01 
 1.35150000e-09  2.33950240e-01 
 1.35250000e-09  2.32647877e-01 
 1.35350000e-09  2.31268055e-01 
 1.35450000e-09  2.29813034e-01 
 1.35550000e-09  2.28286739e-01 
 1.35650000e-09  2.26691685e-01 
 1.35750000e-09  2.25031922e-01 
 1.35850000e-09  2.23310085e-01 
 1.35950000e-09  2.21530233e-01 
 1.36050000e-09  2.19695018e-01 
 1.36150000e-09  2.17808431e-01 
 1.36250000e-09  2.15873077e-01 
 1.36350000e-09  2.13892827e-01 
 1.36450000e-09  2.11870199e-01 
 1.36550000e-09  2.09808915e-01 
 1.36650000e-09  2.07711378e-01 
 1.36750000e-09  2.05581144e-01 
 1.36850000e-09  2.03420483e-01 
 1.36950000e-09  2.01232771e-01 
 1.37050000e-09  1.99020135e-01 
 1.37150000e-09  1.96785766e-01 
 1.37250000e-09  1.94531638e-01 
 1.37350000e-09  1.92260752e-01 
 1.37450000e-09  1.89974927e-01 
 1.37550000e-09  1.87677480e-01 
 1.37650000e-09  1.85369483e-01 
 1.37750000e-09  1.83053609e-01 
 1.37850000e-09  1.80731274e-01 
 1.37950000e-09  1.78405007e-01 
 1.38050000e-09  1.76076105e-01 
 1.38150000e-09  1.73746881e-01 
 1.38250000e-09  1.71418503e-01 
 1.38350000e-09  1.69093089e-01 
 1.38450000e-09  1.66771676e-01 
 1.38550000e-09  1.64456200e-01 
 1.38650000e-09  1.62147569e-01 
 1.38750000e-09  1.59847551e-01 
 1.38850000e-09  1.57556926e-01 
 1.38950000e-09  1.55277308e-01 
 1.39050000e-09  1.53009355e-01 
 1.39150000e-09  1.50754534e-01 
 1.39250000e-09  1.48513392e-01 
 1.39350000e-09  1.46287259e-01 
 1.39450000e-09  1.44076572e-01 
 1.39550000e-09  1.41882539e-01 
 1.39650000e-09  1.39705495e-01 
 1.39750000e-09  1.37546531e-01 
 1.39850000e-09  1.35405889e-01 
 1.39950000e-09  1.33284553e-01 
 1.40050000e-09  1.31182680e-01 
 1.40150000e-09  1.29101153e-01 
 1.40250000e-09  1.27040050e-01 
 1.40350000e-09  1.25000163e-01 
 1.40450000e-09  1.22981498e-01 
 1.40550000e-09  1.20984764e-01 
 1.40650000e-09  1.19009899e-01 
 1.40750000e-09  1.17057537e-01 
 1.40850000e-09  1.15127557e-01 
 1.40950000e-09  1.13220521e-01 
 1.41050000e-09  1.11336254e-01 
 1.41150000e-09  1.09475257e-01 
 1.41250000e-09  1.07637305e-01 
 1.41350000e-09  1.05822840e-01 
 1.41450000e-09  1.04031589e-01 
 1.41550000e-09  1.02263860e-01 
 1.41650000e-09  1.00519463e-01 
 1.41750000e-09  9.87987143e-02 
 1.41850000e-09  9.71013012e-02 
 1.41950000e-09  9.54274919e-02 
 1.42050000e-09  9.37769420e-02 
 1.42150000e-09  9.21498846e-02 
 1.42250000e-09  9.05459460e-02 
 1.42350000e-09  8.89653293e-02 
 1.42450000e-09  8.74076345e-02 
 1.42550000e-09  8.58730383e-02 
 1.42650000e-09  8.43611178e-02 
 1.42750000e-09  8.28720264e-02 
 1.42850000e-09  8.14053217e-02 
 1.42950000e-09  7.99611362e-02 
 1.43050000e-09  7.85390109e-02 
 1.43150000e-09  7.71390599e-02 
 1.43250000e-09  7.57608105e-02 
 1.43350000e-09  7.44043606e-02 
 1.43450000e-09  7.30692260e-02 
 1.43550000e-09  7.17554896e-02 
 1.43650000e-09  7.04626593e-02 
 1.43750000e-09  6.91908064e-02 
 1.43850000e-09  6.79394550e-02 
 1.43950000e-09  6.67086767e-02 
 1.44050000e-09  6.54978970e-02 
 1.44150000e-09  6.43071634e-02 
 1.44250000e-09  6.31359940e-02 
 1.44350000e-09  6.19844145e-02 
 1.44450000e-09  6.08519466e-02 
 1.44550000e-09  5.97386019e-02 
 1.44650000e-09  5.86439038e-02 
 1.44750000e-09  5.75678548e-02 
 1.44850000e-09  5.65099793e-02 
 1.44950000e-09  5.54702740e-02 
 1.45000000e-09  5.49570360e-02 
 1.45010000e-09  5.48550489e-02 
 1.45030000e-09  5.46513714e-02 
 1.45070000e-09  5.42461264e-02 
 1.45150000e-09  5.34440263e-02 
 1.45250000e-09  5.24569774e-02 
 1.45350000e-09  5.14870207e-02 
 1.45450000e-09  5.05339148e-02 
 1.45550000e-09  4.95974215e-02 
 1.45650000e-09  4.86773003e-02 
 1.45750000e-09  4.77733148e-02 
 1.45850000e-09  4.68852264e-02 
 1.45950000e-09  4.60128007e-02 
 1.46050000e-09  4.51558016e-02 
 1.46150000e-09  4.43139976e-02 
 1.46250000e-09  4.34871554e-02 
 1.46350000e-09  4.26750466e-02 
 1.46450000e-09  4.18774416e-02 
 1.46550000e-09  4.10941153e-02 
 1.46650000e-09  4.03248419e-02 
 1.46750000e-09  3.95694003e-02 
 1.46850000e-09  3.88275687e-02 
 1.46950000e-09  3.80991301e-02 
 1.47050000e-09  3.73838669e-02 
 1.47150000e-09  3.66815668e-02 
 1.47250000e-09  3.59920165e-02 
 1.47350000e-09  3.53150082e-02 
 1.47450000e-09  3.46503336e-02 
 1.47550000e-09  3.39977892e-02 
 1.47650000e-09  3.33571717e-02 
 1.47750000e-09  3.27282826e-02 
 1.47850000e-09  3.21109232e-02 
 1.47950000e-09  3.15049000e-02 
 1.48050000e-09  3.09100193e-02 
 1.48150000e-09  3.03260925e-02 
 1.48250000e-09  2.97529310e-02 
 1.48350000e-09  2.91903512e-02 
 1.48450000e-09  2.86381694e-02 
 1.48550000e-09  2.80962071e-02 
 1.48650000e-09  2.75642856e-02 
 1.48750000e-09  2.70422314e-02 
 1.48850000e-09  2.65298709e-02 
 1.48950000e-09  2.60270353e-02 
 1.49050000e-09  2.55335563e-02 
 1.49150000e-09  2.50492699e-02 
 1.49250000e-09  2.45740126e-02 
 1.49350000e-09  2.41076256e-02 
 1.49450000e-09  2.36499501e-02 
 1.49550000e-09  2.32008320e-02 
 1.49650000e-09  2.27601175e-02 
 1.49750000e-09  2.23276573e-02 
 1.49850000e-09  2.19033022e-02 
 1.49950000e-09  2.14869075e-02 
 1.50000000e-09  2.12816543e-02 
 1.50010000e-09  2.12408755e-02 
 1.50030000e-09  2.11594723e-02 
 1.50070000e-09  2.09975886e-02 
 1.50150000e-09  2.06774783e-02 
 1.50250000e-09  2.02841110e-02 
 1.50350000e-09  1.98981437e-02 
 1.50450000e-09  1.95194421e-02 
 1.50550000e-09  1.91478740e-02 
 1.50650000e-09  1.87833094e-02 
 1.50750000e-09  1.84256205e-02 
 1.50850000e-09  1.80746815e-02 
 1.50950000e-09  1.77303690e-02 
 1.51050000e-09  1.73925613e-02 
 1.51150000e-09  1.70611390e-02 
 1.51250000e-09  1.67359845e-02 
 1.51350000e-09  1.64169826e-02 
 1.51450000e-09  1.61040196e-02 
 1.51550000e-09  1.57969841e-02 
 1.51650000e-09  1.54957665e-02 
 1.51750000e-09  1.52002589e-02 
 1.51850000e-09  1.49103556e-02 
 1.51950000e-09  1.46259526e-02 
 1.52050000e-09  1.43469476e-02 
 1.52150000e-09  1.40732403e-02 
 1.52250000e-09  1.38047321e-02 
 1.52350000e-09  1.35413259e-02 
 1.52450000e-09  1.32829267e-02 
 1.52550000e-09  1.30294409e-02 
 1.52650000e-09  1.27807767e-02 
 1.52750000e-09  1.25368438e-02 
 1.52850000e-09  1.22975538e-02 
 1.52950000e-09  1.20628195e-02 
 1.53050000e-09  1.18325555e-02 
 1.53150000e-09  1.16066778e-02 
 1.53250000e-09  1.13851042e-02 
 1.53350000e-09  1.11677537e-02 
 1.53450000e-09  1.09545467e-02 
 1.53550000e-09  1.07454054e-02 
 1.53650000e-09  1.05402531e-02 
 1.53750000e-09  1.03390146e-02 
 1.53850000e-09  1.01416160e-02 
 1.53950000e-09  9.94798498e-03 
 1.54050000e-09  9.75805024e-03 
 1.54150000e-09  9.57174198e-03 
 1.54250000e-09  9.38899161e-03 
 1.54350000e-09  9.20973183e-03 
 1.54450000e-09  9.03389654e-03 
 1.54550000e-09  8.86142089e-03 
 1.54650000e-09  8.69224123e-03 
 1.54750000e-09  8.52629505e-03 
 1.54850000e-09  8.36352104e-03 
 1.54950000e-09  8.20385900e-03 
 1.55000000e-09  8.12517826e-03 
 1.55010000e-09  8.10954822e-03 
 1.55030000e-09  8.07834842e-03 
 1.55070000e-09  8.01630887e-03 
 1.55150000e-09  7.89365627e-03 
 1.55250000e-09  7.74297961e-03 
 1.55350000e-09  7.59518512e-03 
 1.55450000e-09  7.45021799e-03 
 1.55550000e-09  7.30802443e-03 
 1.55650000e-09  7.16855167e-03 
 1.55750000e-09  7.03174790e-03 
 1.55850000e-09  6.89756232e-03 
 1.55950000e-09  6.76594503e-03 
 1.56050000e-09  6.63684711e-03 
 1.56150000e-09  6.51022053e-03 
 1.56250000e-09  6.38601817e-03 
 1.56350000e-09  6.26419380e-03 
 1.56450000e-09  6.14470204e-03 
 1.56550000e-09  6.02749839e-03 
 1.56650000e-09  5.91253917e-03 
 1.56750000e-09  5.79978152e-03 
 1.56850000e-09  5.68918341e-03 
 1.56950000e-09  5.58070357e-03 
 1.57050000e-09  5.47430154e-03 
 1.57150000e-09  5.36993761e-03 
 1.57250000e-09  5.26757282e-03 
 1.57350000e-09  5.16716895e-03 
 1.57450000e-09  5.06868849e-03 
 1.57550000e-09  4.97209467e-03 
 1.57650000e-09  4.87735138e-03 
 1.57750000e-09  4.78442323e-03 
 1.57850000e-09  4.69327547e-03 
 1.57950000e-09  4.60387403e-03 
 1.58050000e-09  4.51618547e-03 
 1.58150000e-09  4.43017701e-03 
 1.58250000e-09  4.34581646e-03 
 1.58350000e-09  4.26307226e-03 
 1.58450000e-09  4.18191346e-03 
 1.58550000e-09  4.10230969e-03 
 1.58650000e-09  4.02423114e-03 
 1.58750000e-09  3.94764859e-03 
 1.58850000e-09  3.87253337e-03 
 1.58950000e-09  3.79885735e-03 
 1.59050000e-09  3.72659294e-03 
 1.59150000e-09  3.65571309e-03 
 1.59250000e-09  3.58619125e-03 
 1.59350000e-09  3.51800137e-03 
 1.59450000e-09  3.45111790e-03 
 1.59550000e-09  3.38551581e-03 
 1.59650000e-09  3.32117050e-03 
 1.59750000e-09  3.25805786e-03 
 1.59850000e-09  3.19615426e-03 
 1.59950000e-09  3.13543650e-03 
 1.60050000e-09  3.07588181e-03 
 1.60150000e-09  3.01746789e-03 
 1.60250000e-09  2.96017284e-03 
 1.60350000e-09  2.90397519e-03 
 1.60450000e-09  2.84885388e-03 
 1.60550000e-09  2.79478825e-03 
 1.60650000e-09  2.74175804e-03 
 1.60750000e-09  2.68974336e-03 
 1.60850000e-09  2.63872474e-03 
 1.60950000e-09  2.58868303e-03 
 1.61050000e-09  2.53959950e-03 
 1.61150000e-09  2.49145574e-03 
 1.61250000e-09  2.44423371e-03 
 1.61350000e-09  2.39791571e-03 
 1.61450000e-09  2.35248439e-03 
 1.61550000e-09  2.30792271e-03 
 1.61650000e-09  2.26421398e-03 
 1.61750000e-09  2.22134182e-03 
 1.61850000e-09  2.17929016e-03 
 1.61950000e-09  2.13804325e-03 
 1.62050000e-09  2.09758563e-03 
 1.62150000e-09  2.05790215e-03 
 1.62250000e-09  2.01897793e-03 
 1.62350000e-09  1.98079839e-03 
 1.62450000e-09  1.94334924e-03 
 1.62550000e-09  1.90661644e-03 
 1.62650000e-09  1.87058623e-03 
 1.62750000e-09  1.83524513e-03 
 1.62850000e-09  1.80057989e-03 
 1.62950000e-09  1.76657753e-03 
 1.63050000e-09  1.73322533e-03 
 1.63150000e-09  1.70051080e-03 
 1.63250000e-09  1.66842168e-03 
 1.63350000e-09  1.63694597e-03 
 1.63450000e-09  1.60607188e-03 
 1.63550000e-09  1.57578786e-03 
 1.63650000e-09  1.54608258e-03 
 1.63750000e-09  1.51694492e-03 
 1.63850000e-09  1.48836397e-03 
 1.63950000e-09  1.46032906e-03 
 1.64050000e-09  1.43282968e-03 
 1.64150000e-09  1.40585556e-03 
 1.64250000e-09  1.37939661e-03 
 1.64350000e-09  1.35344293e-03 
 1.64450000e-09  1.32798482e-03 
 1.64550000e-09  1.30301277e-03 
 1.64650000e-09  1.27851743e-03 
 1.64750000e-09  1.25448966e-03 
 1.64850000e-09  1.23092048e-03 
 1.64950000e-09  1.20780107e-03 
 1.65050000e-09  1.18512282e-03 
 1.65150000e-09  1.16287723e-03 
 1.65250000e-09  1.14105601e-03 
 1.65350000e-09  1.11965102e-03 
 1.65450000e-09  1.09865424e-03 
 1.65550000e-09  1.07805786e-03 
 1.65650000e-09  1.05785419e-03 
 1.65750000e-09  1.03803567e-03 
 1.65850000e-09  1.01859493e-03 
 1.65950000e-09  9.99524709e-04 
 1.66050000e-09  9.80817895e-04 
 1.66150000e-09  9.62467512e-04 
 1.66250000e-09  9.44466719e-04 
 1.66350000e-09  9.26808809e-04 
 1.66450000e-09  9.09487198e-04 
 1.66550000e-09  8.92495434e-04 
 1.66650000e-09  8.75827189e-04 
 1.66750000e-09  8.59476252e-04 
 1.66850000e-09  8.43436536e-04 
 1.66950000e-09  8.27702070e-04 
 1.67050000e-09  8.12266996e-04 
 1.67150000e-09  7.97125571e-04 
 1.67250000e-09  7.82272161e-04 
 1.67350000e-09  7.67701242e-04 
 1.67450000e-09  7.53407395e-04 
 1.67550000e-09  7.39385305e-04 
 1.67650000e-09  7.25629760e-04 
 1.67750000e-09  7.12135649e-04 
 1.67850000e-09  6.98897957e-04 
 1.67950000e-09  6.85911768e-04 
 1.68050000e-09  6.73172259e-04 
 1.68150000e-09  6.60674700e-04 
 1.68250000e-09  6.48414452e-04 
 1.68350000e-09  6.36386966e-04 
 1.68450000e-09  6.24587781e-04 
 1.68550000e-09  6.13012519e-04 
 1.68650000e-09  6.01656889e-04 
 1.68750000e-09  5.90516682e-04 
 1.68850000e-09  5.79587769e-04 
 1.68950000e-09  5.68866102e-04 
 1.69050000e-09  5.58347708e-04 
 1.69150000e-09  5.48028694e-04 
 1.69250000e-09  5.37905240e-04 
 1.69350000e-09  5.27973599e-04 
 1.69450000e-09  5.18230098e-04 
 1.69550000e-09  5.08671131e-04 
 1.69650000e-09  4.99293167e-04 
 1.69750000e-09  4.90092737e-04 
 1.69850000e-09  4.81066443e-04 
 1.69950000e-09  4.72210950e-04 
 1.70000000e-09  4.67846330e-04 
 1.70010000e-09  1.25080940e-03 
 1.70030000e-09  2.18905634e-03 
 1.70070000e-09  3.29309960e-03 
 1.70150000e-09  5.60638748e-03 
 1.70250000e-09  8.13329446e-03 
 1.70350000e-09  1.05403855e-02 
 1.70450000e-09  1.26814274e-02 
 1.70550000e-09  1.47391486e-02 
 1.70650000e-09  1.66031598e-02 
 1.70750000e-09  1.84066955e-02 
 1.70850000e-09  2.00661325e-02 
 1.70950000e-09  2.16817127e-02 
 1.71050000e-09  2.31891861e-02 
 1.71150000e-09  2.46660312e-02 
 1.71250000e-09  2.60618911e-02 
 1.71350000e-09  2.74362409e-02 
 1.71450000e-09  2.87479553e-02 
 1.71550000e-09  3.00488187e-02 
 1.71650000e-09  3.13052000e-02 
 1.71750000e-09  3.25574949e-02 
 1.71850000e-09  3.37769138e-02 
 1.71950000e-09  3.49964361e-02 
 1.72050000e-09  3.61905302e-02 
 1.72150000e-09  3.73856301e-02 
 1.72250000e-09  3.85578299e-02 
 1.72350000e-09  3.97272129e-02 
 1.72450000e-09  4.08697181e-02 
 1.72550000e-09  4.19988940e-02 
 1.72650000e-09  4.30896339e-02 
 1.72750000e-09  4.41499554e-02 
 1.72850000e-09  4.51520614e-02 
 1.72950000e-09  4.60788602e-02 
 1.73050000e-09  4.69218468e-02 
 1.73150000e-09  4.76734602e-02 
 1.73250000e-09  4.83160682e-02 
 1.73350000e-09  4.88482742e-02 
 1.73450000e-09  4.92625263e-02 
 1.73550000e-09  4.95672502e-02 
 1.73650000e-09  4.97655965e-02 
 1.73750000e-09  4.98760722e-02 
 1.73850000e-09  4.99106078e-02 
 1.73950000e-09  4.98949298e-02 
 1.74050000e-09  4.98460858e-02 
 1.74150000e-09  4.97936518e-02 
 1.74250000e-09  4.97579925e-02 
 1.74350000e-09  4.97742247e-02 
 1.74450000e-09  4.98735734e-02 
 1.74550000e-09  5.01137910e-02 
 1.74650000e-09  5.05560722e-02 
 1.74750000e-09  5.12731204e-02 
 1.74850000e-09  5.23182668e-02 
 1.74950000e-09  5.37702319e-02 
 1.75000000e-09  5.46904707e-02 
 1.75010000e-09  5.48166968e-02 
 1.75030000e-09  5.51142010e-02 
 1.75070000e-09  5.60486828e-02 
 1.75150000e-09  5.83326783e-02 
 1.75250000e-09  6.17946981e-02 
 1.75350000e-09  6.56469794e-02 
 1.75450000e-09  6.92232705e-02 
 1.75550000e-09  7.18836524e-02 
 1.75650000e-09  7.31331541e-02 
 1.75750000e-09  7.28016951e-02 
 1.75850000e-09  7.08870848e-02 
 1.75950000e-09  6.75410990e-02 
 1.76050000e-09  6.27366340e-02 
 1.76150000e-09  5.67774882e-02 
 1.76250000e-09  4.99444134e-02 
 1.76350000e-09  4.25997926e-02 
 1.76450000e-09  3.49722383e-02 
 1.76550000e-09  2.73053406e-02 
 1.76650000e-09  1.97199909e-02 
 1.76750000e-09  1.23591691e-02 
 1.76850000e-09  5.27295779e-03 
 1.76950000e-09 -1.53344133e-03 
 1.77050000e-09 -8.21785420e-03 
 1.77150000e-09 -1.44325340e-02 
 1.77250000e-09 -2.02381912e-02 
 1.77350000e-09 -2.56095202e-02 
 1.77450000e-09 -3.05943340e-02 
 1.77550000e-09 -3.51920800e-02 
 1.77650000e-09 -3.94449130e-02 
 1.77750000e-09 -4.33438008e-02 
 1.77850000e-09 -4.69554601e-02 
 1.77950000e-09 -5.02666361e-02 
 1.78050000e-09 -5.33271439e-02 
 1.78150000e-09 -5.61297904e-02 
 1.78250000e-09 -5.87193463e-02 
 1.78350000e-09 -6.10905250e-02 
 1.78450000e-09 -6.32824277e-02 
 1.78550000e-09 -6.52903721e-02 
 1.78650000e-09 -6.71482291e-02 
 1.78750000e-09 -6.88511084e-02 
 1.78850000e-09 -7.04284839e-02 
 1.78950000e-09 -7.18757843e-02 
 1.79050000e-09 -7.32176198e-02 
 1.79150000e-09 -7.44490312e-02 
 1.79250000e-09 -7.55908446e-02 
 1.79350000e-09 -7.66376430e-02 
 1.79450000e-09 -7.76068163e-02 
 1.79550000e-09 -7.84922831e-02 
 1.79650000e-09 -7.93081896e-02 
 1.79750000e-09 -8.00474992e-02 
 1.79850000e-09 -8.07211045e-02 
 1.79950000e-09 -8.13205598e-02 
 1.80050000e-09 -8.18532265e-02 
 1.80150000e-09 -8.23085503e-02 
 1.80250000e-09 -8.26897715e-02 
 1.80350000e-09 -8.29832908e-02 
 1.80450000e-09 -8.31875004e-02 
 1.80550000e-09 -8.32850822e-02 
 1.80650000e-09 -8.32698409e-02 
 1.80750000e-09 -8.31224507e-02 
 1.80850000e-09 -8.28367231e-02 
 1.80950000e-09 -8.23996792e-02 
 1.81050000e-09 -8.18172441e-02 
 1.81150000e-09 -8.10950574e-02 
 1.81250000e-09 -8.02583438e-02 
 1.81350000e-09 -7.93288333e-02 
 1.81450000e-09 -7.83396503e-02 
 1.81550000e-09 -7.73140030e-02 
 1.81650000e-09 -7.62806072e-02 
 1.81750000e-09 -7.52552757e-02 
 1.81850000e-09 -7.42558005e-02 
 1.81950000e-09 -7.32848665e-02 
 1.82050000e-09 -7.23452494e-02 
 1.82150000e-09 -7.14334275e-02 
 1.82250000e-09 -7.05473566e-02 
 1.82350000e-09 -6.96774894e-02 
 1.82450000e-09 -6.88243648e-02 
 1.82550000e-09 -6.79730258e-02 
 1.82650000e-09 -6.71152155e-02 
 1.82750000e-09 -6.62178124e-02 
 1.82850000e-09 -6.52547758e-02 
 1.82950000e-09 -6.41823014e-02 
 1.83050000e-09 -6.29792016e-02 
 1.83150000e-09 -6.16192060e-02 
 1.83250000e-09 -6.01036212e-02 
 1.83350000e-09 -5.84260031e-02 
 1.83450000e-09 -5.66041543e-02 
 1.83550000e-09 -5.46443096e-02 
 1.83650000e-09 -5.25723633e-02 
 1.83750000e-09 -5.04004263e-02 
 1.83850000e-09 -4.81574114e-02 
 1.83950000e-09 -4.58569593e-02 
 1.84050000e-09 -4.35273856e-02 
 1.84150000e-09 -4.11805809e-02 
 1.84250000e-09 -3.88421812e-02 
 1.84350000e-09 -3.65226848e-02 
 1.84450000e-09 -3.42436012e-02 
 1.84550000e-09 -3.20110763e-02 
 1.84650000e-09 -2.98425351e-02 
 1.84750000e-09 -2.77406687e-02 
 1.84850000e-09 -2.57189639e-02 
 1.84950000e-09 -2.37769987e-02 
 1.85050000e-09 -2.19247434e-02 
 1.85150000e-09 -2.01591987e-02 
 1.85250000e-09 -1.84874410e-02 
 1.85350000e-09 -1.69044866e-02 
 1.85450000e-09 -1.54151098e-02 
 1.85550000e-09 -1.40129326e-02 
 1.85650000e-09 -1.27009978e-02 
 1.85750000e-09 -1.14720524e-02 
 1.85850000e-09 -1.03279058e-02 
 1.85950000e-09 -9.26084599e-03 
 1.86050000e-09 -8.27184936e-03 
 1.86150000e-09 -7.35308116e-03 
 1.86250000e-09 -6.50499886e-03 
 1.86350000e-09 -5.71989069e-03 
 1.86450000e-09 -4.99792816e-03 
 1.86550000e-09 -4.33169405e-03 
 1.86650000e-09 -3.72123948e-03 
 1.86750000e-09 -3.15955294e-03 
 1.86850000e-09 -2.64667662e-03 
 1.86950000e-09 -2.17606886e-03 
 1.87050000e-09 -1.74783294e-03 
 1.87150000e-09 -1.35592601e-03 
 1.87250000e-09 -1.00055165e-03 
 1.87350000e-09 -6.76169738e-04 
 1.87450000e-09 -3.83101413e-04 
 1.87550000e-09 -1.16295901e-04 
 1.87650000e-09  1.18171894e-04 
 1.87750000e-09  3.27226546e-04 
 1.87850000e-09  5.15894543e-04 
 1.87950000e-09  6.87722185e-04 
 1.88050000e-09  8.41913496e-04 
 1.88150000e-09  9.81824199e-04 
 1.88250000e-09  1.10659312e-03 
 1.88350000e-09  1.21934382e-03 
 1.88450000e-09  1.31917275e-03 
 1.88550000e-09  1.40896039e-03 
 1.88650000e-09  1.48777557e-03 
 1.88750000e-09  1.55826027e-03 
 1.88850000e-09  1.61946697e-03 
 1.88950000e-09  1.67381142e-03 
 1.89050000e-09  1.72033939e-03 
 1.89150000e-09  1.76125607e-03 
 1.89250000e-09  1.79560901e-03 
 1.89350000e-09  1.82540971e-03 
 1.89450000e-09  1.84971500e-03 
 1.89550000e-09  1.87035945e-03 
 1.89650000e-09  1.88641571e-03 
 1.89750000e-09  1.89955744e-03 
 1.89850000e-09  1.90887864e-03 
 1.89950000e-09  1.91590696e-03 
 1.90050000e-09  1.91976234e-03 
 1.90150000e-09  1.92184011e-03 
 1.90250000e-09  1.92128981e-03 
 1.90350000e-09  1.91939298e-03 
 1.90450000e-09  1.91532734e-03 
 1.90550000e-09  1.91024989e-03 
 1.90650000e-09  1.90338267e-03 
 1.90750000e-09  1.89579231e-03 
 1.90850000e-09  1.88673475e-03 
 1.90950000e-09  1.87718744e-03 
 1.91050000e-09  1.86644124e-03 
 1.91150000e-09  1.85539292e-03 
 1.91250000e-09  1.84336885e-03 
 1.91350000e-09  1.83119247e-03 
 1.91450000e-09  1.81822582e-03 
 1.91550000e-09  1.80522550e-03 
 1.91650000e-09  1.79158900e-03 
 1.91750000e-09  1.77801181e-03 
 1.91850000e-09  1.76392642e-03 
 1.91950000e-09  1.74997224e-03 
 1.92050000e-09  1.73561607e-03 
 1.92150000e-09  1.72144578e-03 
 1.92250000e-09  1.70696163e-03 
 1.92350000e-09  1.69270398e-03 
 1.92450000e-09  1.67820552e-03 
 1.92550000e-09  1.66396278e-03 
 1.92650000e-09  1.64953980e-03 
 1.92750000e-09  1.63539251e-03 
 1.92850000e-09  1.62111517e-03 
 1.92950000e-09  1.60712608e-03 
 1.93050000e-09  1.59304852e-03 
 1.93150000e-09  1.57926584e-03 
 1.93250000e-09  1.56542912e-03 
 1.93350000e-09  1.55188922e-03 
 1.93450000e-09  1.53832377e-03 
 1.93550000e-09  1.52505340e-03 
 1.93650000e-09  1.51178107e-03 
 1.93750000e-09  1.49879922e-03 
 1.93850000e-09  1.48583491e-03 
 1.93950000e-09  1.47315431e-03 
 1.94050000e-09  1.46050738e-03 
 1.94150000e-09  1.44813574e-03 
 1.94250000e-09  1.43581111e-03 
 1.94350000e-09  1.42375217e-03 
 1.94450000e-09  1.41175125e-03 
 1.94550000e-09  1.40000559e-03 
 1.94650000e-09  1.38832703e-03 
 1.94750000e-09  1.37689276e-03 
 1.94850000e-09  1.36553310e-03 
 1.94950000e-09  1.35440644e-03 
 1.95000000e-09  1.34884758e-03 
 1.95010000e-09  1.34776161e-03 
 1.95030000e-09  1.34557009e-03 
 1.95070000e-09  1.34119273e-03 
 1.95150000e-09  1.33252226e-03 
 1.95250000e-09  1.32181180e-03 
 1.95350000e-09  1.31125733e-03 
 1.95450000e-09  1.30084344e-03 
 1.95550000e-09  1.29058136e-03 
 1.95650000e-09  1.28045638e-03 
 1.95750000e-09  1.27047880e-03 
 1.95850000e-09  1.26063462e-03 
 1.95950000e-09  1.25093330e-03 
 1.96050000e-09  1.24136153e-03 
 1.96150000e-09  1.23192802e-03 
 1.96250000e-09  1.22262015e-03 
 1.96350000e-09  1.21344593e-03 
 1.96450000e-09  1.20439341e-03 
 1.96550000e-09  1.19546997e-03 
 1.96650000e-09  1.18666429e-03 
 1.96750000e-09  1.17798320e-03 
 1.96850000e-09  1.16941598e-03 
 1.96950000e-09  1.16096894e-03 
 1.97050000e-09  1.15263196e-03 
 1.97150000e-09  1.14441086e-03 
 1.97250000e-09  1.13629609e-03 
 1.97350000e-09  1.12829302e-03 
 1.97450000e-09  1.12039266e-03 
 1.97550000e-09  1.11259995e-03 
 1.97650000e-09  1.10490642e-03 
 1.97750000e-09  1.09731664e-03 
 1.97850000e-09  1.08982264e-03 
 1.97950000e-09  1.08242860e-03 
 1.98050000e-09  1.07512706e-03 
 1.98150000e-09  1.06792186e-03 
 1.98250000e-09  1.06080597e-03 
 1.98350000e-09  1.05378294e-03 
 1.98450000e-09  1.04684616e-03 
 1.98550000e-09  1.03999888e-03 
 1.98650000e-09  1.03323492e-03 
 1.98750000e-09  1.02655725e-03 
 1.98850000e-09  1.01996007e-03 
 1.98950000e-09  1.01344609e-03 
 1.99050000e-09  1.00700989e-03 
 1.99150000e-09  1.00065393e-03 
 1.99250000e-09  9.94373141e-04 
 1.99350000e-09  9.88169770e-04 
 1.99450000e-09  9.82039067e-04 
 1.99550000e-09  9.75983070e-04 
 1.99650000e-09  9.69997338e-04 
 1.99750000e-09  9.64083714e-04 
 1.99850000e-09  9.58238052e-04 
 1.99950000e-09  9.52462010e-04 
 2.00000000e-09  9.49598252e-04 
